1.0000000   -3.4942178e-16  1.5725204e-16  -6.3083826e-17  2.1447321e-17  -5.6973341e-17  -1.6197582e-16  -2.4405395e-16  -7.7662200e-17  -2.8444350e-16  -1.2037347e-16  
-3.5400650e-16  1.0000000   -3.0245476e-16  1.0116280e-16  -6.4115284e-17  1.1491258e-15  -6.7447963e-16  -7.2673438e-16  2.2836267e-16  -1.5164440e-16  7.9683731e-17  
-1.0221970e-16  -4.2574402e-16  1.0000000   1.1845512e-15  3.0715551e-16  -5.1284749e-16  5.6940233e-16  -1.8767410e-15  4.2322028e-16  1.2739770e-15  -6.8520544e-16  
3.0041446e-16  1.5513953e-16  1.0429144e-15  1.0000000   -4.5895406e-16  -8.1431107e-17  1.5854154e-16  2.4240460e-16  -4.7195690e-16  3.4595823e-16  3.6997552e-17  
1.4585400e-16  2.1021531e-16  5.8252043e-16  -2.9493327e-16  1.0000000   6.3584184e-16  4.9895814e-17  4.2647523e-16  -1.3846283e-16  1.1067937e-16  -9.0402963e-17  
-3.9429690e-17  1.0205720e-15  -3.3287198e-16  -3.6268105e-17  6.8592780e-16  1.0000000   -7.7579193e-16  1.1705452e-15  4.3572273e-16  -4.6859895e-16  1.7708325e-16  
-1.2575399e-17  -7.8408204e-16  1.9999703e-16  2.8927887e-16  -9.3490021e-16  -1.2646559e-15  1.0000000   8.9965438e-16  -2.3434608e-16  -4.7015963e-16  1.4986130e-15  
-3.7464420e-16  -1.4182292e-16  -2.3734914e-15  1.4999964e-16  1.7349352e-16  1.1364469e-15  -2.3516669e-16  1.0000000   -5.3459592e-16  -1.4826788e-15  -5.4355459e-16  
9.6071962e-17  3.4249917e-16  3.2742613e-16  -3.3169483e-16  -2.4823500e-16  3.2204446e-16  -3.8367721e-16  -4.5944506e-16  1.0000000   1.2604836e-15  1.0074966e-15  
-3.7528096e-16  -9.3190728e-17  1.3061911e-15  1.9214586e-16  1.0459745e-16  -4.5815225e-16  -4.0399264e-16  -1.5512776e-15  1.2128162e-15  1.0000000   -2.1575284e-16  
-2.1723074e-16  -3.9143510e-18  -6.8205782e-16  -2.0909855e-16  -4.8426012e-17  -6.6904591e-17  1.5269582e-15  -5.1713903e-16  9.5964979e-16  -2.5211978e-16  1.0000000   
