1.0000000   -1.8341398e-16  2.0389762e-16  -4.3017344e-16  3.4596345e-16  1.7560701e-16  8.3149932e-19  9.0198271e-16  1.0019923e-16  1.4236381e-16  -2.3221318e-16  
-1.2514907e-16  1.0000000   -4.4662136e-16  1.4766087e-16  3.9902137e-16  4.7470331e-16  -2.1052418e-16  3.2675340e-17  -8.8057882e-16  -1.1512576e-16  1.6085937e-15  
4.8367886e-16  -5.1387171e-16  1.0000000   -8.6304187e-16  5.6512367e-16  2.9268842e-16  -4.0276356e-16  -2.2600433e-16  -6.8845847e-16  6.0400678e-16  1.1374738e-15  
-3.0548156e-16  5.6711585e-17  -8.9742686e-16  1.0000000   -1.2374691e-16  5.1255802e-16  -9.6932873e-17  3.0382906e-16  -2.3264241e-17  -4.2657247e-16  8.6470182e-16  
3.4825668e-16  8.1073382e-16  6.1116286e-16  -1.8491394e-16  1.0000000   -8.0755922e-16  -8.8035410e-16  -4.0381388e-17  -1.5396706e-16  -1.7221155e-17  -1.2187449e-16  
1.7096855e-16  2.5894524e-16  5.5833026e-16  7.2941804e-16  -1.5017416e-15  1.0000000   -3.5492892e-16  7.0368779e-16  2.4766463e-17  7.8024535e-16  -3.3893463e-16  
-1.1920478e-16  -2.9302260e-16  -3.8484702e-16  -5.6617513e-17  -9.1702406e-16  -3.7933513e-16  1.0000000   4.5121039e-16  3.3672451e-17  -1.6303829e-16  -4.6871581e-16  
7.7620159e-16  -2.5753972e-17  -2.8147234e-16  4.4470188e-16  7.1820096e-17  7.0218648e-16  4.4621897e-16  1.0000000   8.6864875e-16  3.9761996e-16  4.3218700e-16  
2.0807075e-16  -9.6813851e-16  -5.7646538e-16  -1.2496042e-16  -2.0971127e-16  -7.4122658e-17  5.9834120e-17  8.6543109e-16  1.0000000   -3.9128497e-16  2.5769961e-16  
7.8252021e-17  -1.5204536e-16  5.3964469e-16  -4.7125331e-16  3.5178114e-17  7.5232571e-16  -2.7342176e-16  3.8783523e-16  -3.1205842e-16  1.0000000   -6.1658620e-16  
-1.9440742e-16  1.6665148e-15  1.2359447e-15  9.2829364e-16  -2.7275054e-16  -3.0410186e-16  -5.2449101e-16  4.5282310e-16  2.3505588e-16  -6.2684724e-16  1.0000000   
