1.0000000   3.2315196e-16  -3.4513936e-17  1.5292530e-16  1.7231134e-16  2.2014183e-16  -1.7907209e-17  9.1836900e-17  6.6665324e-17  -2.0800193e-16  -4.2149712e-16  
2.9465855e-16  1.0000000   -1.6180486e-16  -1.9473422e-16  -1.9692299e-16  -1.6557367e-16  6.6823837e-17  -2.4681181e-16  -3.1992737e-16  4.4518881e-16  2.6238622e-16  
-2.9366733e-16  -2.1714806e-17  1.0000000   2.2842328e-16  5.5888524e-16  -1.6725994e-16  7.1093786e-16  -4.1520170e-16  -5.2100945e-16  -3.3231848e-16  -3.0090780e-16  
2.0809956e-16  -1.4953954e-16  1.2502125e-16  1.0000000   -1.3581568e-16  5.0103735e-16  1.0267467e-15  3.5464450e-17  1.5438275e-16  3.5109993e-16  -5.8032593e-17  
9.5306335e-17  -5.5525453e-16  5.9024895e-16  -1.4637617e-16  1.0000000   -1.2394317e-15  -1.1684934e-16  2.6149989e-17  -6.3483556e-16  -1.3263402e-18  8.6389741e-16  
2.5342255e-16  -5.1876940e-16  -8.7680332e-17  5.6242811e-16  -1.6619692e-15  1.0000000   2.3180186e-16  -4.0307540e-17  8.4477726e-17  2.4142393e-16  -1.2843518e-15  
-1.9570396e-16  8.7702770e-17  6.3376014e-16  1.0295690e-15  -2.8577851e-17  1.8469146e-16  1.0000000   3.2970892e-17  -4.1070258e-16  4.1682999e-16  -4.8141361e-16  
-1.8288826e-16  -2.8249595e-16  -3.5924942e-16  -1.5392247e-16  -6.4072839e-17  -7.8307638e-17  1.7742372e-16  1.0000000   -3.1127986e-16  6.0135047e-16  9.3909188e-16  
1.0957798e-16  -2.6317441e-16  -5.1947939e-16  2.1452298e-17  -4.7746982e-16  1.2376301e-16  -4.1280856e-16  -2.9320791e-16  1.0000000   -3.5737455e-17  -8.4931994e-18  
-3.1485370e-16  2.1382778e-16  -2.1654805e-17  4.7995872e-16  -7.9687650e-16  2.6382564e-16  3.8237616e-16  6.0711619e-16  -4.5328571e-18  1.0000000   -4.7710232e-16  
-3.7482010e-16  2.3773799e-16  -3.1821864e-16  -5.1307446e-17  7.9986478e-16  -1.2382203e-15  -4.4373446e-16  9.0757166e-16  2.0887832e-18  -4.4732615e-16  1.0000000   
