1.0000000   2.2919351e-16  -4.3552769e-16  -1.0754882e-17  -3.1799465e-17  -6.3841684e-16  1.2347667e-16  6.5325595e-16  2.7499192e-16  -1.5061300e-16  1.2176150e-16  
2.7934496e-16  1.0000000   -3.1709537e-16  -2.1170530e-16  1.7555227e-16  4.1677812e-16  -5.3063637e-17  2.5001781e-16  4.6897716e-17  -2.3794048e-16  -7.0837288e-17  
-5.2789228e-16  -3.9402779e-16  1.0000000   1.0208313e-15  -4.1311639e-16  4.6381667e-16  -8.6290111e-16  -1.0655736e-15  -1.2742051e-15  8.3881433e-16  -4.6901038e-16  
2.1189808e-17  -2.8026063e-16  1.2560679e-15  1.0000000   8.9522548e-16  -6.6600683e-17  4.2861134e-16  1.9864218e-16  4.6225575e-16  -2.7656964e-16  8.1838629e-17  
-6.8472944e-17  3.1184274e-16  -4.6839532e-16  9.5322426e-16  1.0000000   -3.9787820e-17  1.6775732e-16  -3.2998723e-16  -1.0049376e-15  3.7472301e-17  2.8840911e-16  
-6.0192304e-16  4.1626921e-16  2.0026224e-16  -9.8007032e-16  4.5628653e-16  1.0000000   3.8929237e-16  -2.0424212e-17  6.0715056e-16  -9.2330544e-17  2.4236556e-16  
3.5245817e-16  2.7746688e-17  -8.3054367e-16  6.5773115e-16  5.1584962e-18  2.4624083e-16  1.0000000   6.7739140e-16  -7.4421038e-16  5.1844915e-16  3.2192772e-16  
7.2859971e-16  2.5643461e-16  -1.2579506e-15  1.4162972e-16  -2.0004675e-16  -6.6765588e-17  6.9568644e-16  1.0000000   1.2022872e-16  -2.3734406e-16  2.9490553e-16  
2.3571665e-16  2.8083323e-17  -1.1990851e-15  4.6937392e-16  -1.0691116e-15  6.3487254e-16  -8.8073742e-16  2.8017401e-17  1.0000000   3.4318986e-16  -3.9926253e-16  
-1.3671141e-17  -2.3533393e-16  8.7927637e-16  -2.7243025e-16  6.8791956e-17  -9.9020647e-17  4.9844689e-16  -2.8634268e-16  2.9758328e-16  1.0000000   -5.4621555e-17  
5.0089360e-18  -5.4020872e-17  -3.8781804e-16  8.3088321e-17  2.4029320e-16  3.0257933e-16  2.9448738e-16  1.0871753e-16  -4.3251535e-16  -1.4523513e-16  1.0000000   
