1.0000000   1.3837569e-16  1.6454439e-16  3.6100772e-16  -5.0898671e-16  1.1617335e-16  7.7635998e-17  4.5896950e-16  -1.6330710e-16  3.8557195e-16  1.5541143e-16  
1.3175646e-16  1.0000000   1.7702384e-16  -1.1612411e-16  2.4913819e-16  -2.8867911e-16  1.2471620e-16  -2.8782111e-16  6.7710884e-16  -2.8492828e-16  -3.3011389e-18  
-1.4704325e-16  5.0839571e-16  1.0000000   -3.9400158e-16  5.6370321e-17  4.4611923e-16  1.4814851e-15  -6.3798929e-16  -9.1074322e-16  2.9195761e-17  1.6154909e-16  
4.4004722e-16  1.2858475e-16  -3.5647015e-16  1.0000000   -9.7433469e-16  -7.8990190e-16  -3.7731220e-16  8.5672105e-16  5.8696323e-16  8.3758782e-17  3.7698960e-16  
-3.2806947e-16  4.9060278e-17  -5.1591269e-16  -1.4335091e-15  1.0000000   -5.4366624e-16  7.1284755e-16  -1.9783748e-16  -2.7564474e-16  1.7772418e-17  -7.1481110e-17  
-1.9265838e-16  -3.3695428e-16  3.4780465e-16  -8.7321741e-16  -2.8990458e-16  1.0000000   -3.3925980e-16  -5.7536873e-17  1.6547318e-16  1.2806065e-16  -1.1010355e-15  
4.6752175e-16  2.1169149e-16  1.5690573e-15  -2.8414941e-16  5.7503079e-16  -3.2289172e-16  1.0000000   -1.4218850e-16  1.1363044e-15  3.7720236e-18  -9.8355602e-16  
7.6570813e-16  -2.7771821e-16  -6.2735133e-16  8.6662305e-16  -2.7872702e-16  -9.5410861e-17  -1.4214266e-16  1.0000000   3.0191580e-16  -2.1065117e-16  7.8225187e-17  
-3.8299515e-16  7.4775774e-16  -9.1693754e-16  5.6776980e-16  -6.4681450e-16  2.7709415e-16  1.1358497e-15  2.4919777e-16  1.0000000   2.7390747e-16  -4.8021517e-16  
2.4039104e-16  -2.6296328e-16  -7.1451033e-17  2.3350147e-16  -1.1130859e-18  1.3751700e-16  4.2686984e-17  -1.6628722e-17  2.4979552e-16  1.0000000   1.8848306e-17  
-3.7090776e-16  3.6996918e-18  3.9019039e-16  1.5772283e-17  -1.8214258e-16  -1.0354294e-15  -8.1522686e-16  9.4284084e-17  -4.8033036e-16  1.9194189e-16  1.0000000   
