1.0000000   5.2471750e-16  -4.7056946e-16  1.9089470e-16  -3.6756527e-16  -1.4182146e-17  6.4275755e-16  -3.5588891e-16  -3.1298072e-17  -1.6803425e-16  -1.3541532e-16  
4.8725646e-16  1.0000000   -3.5484961e-16  -2.8310944e-16  2.5338333e-16  -4.6371338e-17  -1.1623869e-16  7.3242199e-16  2.1135068e-16  4.8872651e-16  -4.5103740e-16  
-6.1992074e-16  -3.4012883e-16  1.0000000   4.2212551e-17  -1.1570423e-16  -6.0408747e-16  3.2447057e-16  -3.8359007e-16  3.0469032e-16  -3.2156881e-16  3.2561172e-16  
-6.7146859e-17  -2.1390441e-16  -1.3472514e-16  1.0000000   -5.1243618e-17  -1.1842295e-15  -2.5122838e-16  -3.8368965e-16  -7.9866062e-17  -4.2197918e-17  5.7340912e-16  
-2.6603073e-16  -3.2719899e-17  -1.8024614e-16  1.5938405e-16  1.0000000   -5.2873270e-16  -8.2223541e-16  -8.2232386e-17  5.5126539e-16  -7.3202060e-18  2.7937080e-16  
-3.0145493e-17  -2.3854433e-16  -3.3693133e-16  -1.2203085e-15  6.1235314e-16  1.0000000   3.4612544e-16  5.0981282e-16  5.0518909e-16  -2.7519968e-16  1.4490415e-16  
7.3414406e-16  -3.4590148e-16  5.0655692e-16  -3.6236677e-16  1.6778335e-16  6.8725297e-16  1.0000000   -9.0647687e-16  4.9984363e-16  -4.5294021e-16  -2.6090986e-16  
-3.6442224e-16  6.9054405e-16  -3.1835903e-16  -4.2944645e-16  2.8437172e-16  6.5356647e-16  -9.0115552e-16  1.0000000   -6.4309275e-16  4.8005681e-16  -4.2809384e-16  
1.3222227e-16  2.5632331e-16  3.4642696e-16  -2.2240902e-16  9.4026387e-16  6.6263538e-16  4.7773733e-16  -5.6974688e-16  1.0000000   8.1710803e-16  -6.0046166e-16  
6.9324509e-17  5.1196911e-16  -3.2808382e-16  1.7854991e-18  -6.9755352e-17  -2.1886892e-16  -4.0264867e-16  5.6960157e-16  5.2212408e-16  1.0000000   -6.6358679e-16  
-6.3440448e-17  -4.4920070e-16  3.7259005e-16  6.5765332e-16  3.1674863e-16  1.1971236e-16  -2.6835020e-16  -3.1095935e-16  -4.5243333e-16  -6.8375718e-16  1.0000000   
