1.0000000   1.0082161e-16  -1.4799124e-16  -1.4117594e-16  2.4339386e-16  3.1538203e-16  -2.4216730e-16  1.6133599e-16  6.3521750e-17  -1.3463790e-16  1.9583768e-16  
3.6190353e-16  1.0000000   5.4679142e-16  1.4528714e-16  1.0414869e-15  2.4244961e-16  -1.3186395e-16  -2.4778228e-16  -3.6186052e-16  1.0360677e-16  -8.0211818e-16  
-1.9430757e-16  5.8157049e-16  1.0000000   -4.4021738e-17  4.2561789e-16  8.2077455e-16  -1.0181301e-15  -5.2435555e-17  5.1806628e-16  -7.8098926e-16  -3.8315909e-16  
-2.5288988e-16  3.1893540e-16  -8.1145086e-17  1.0000000   -3.1311111e-16  -3.2359123e-16  2.5178069e-16  1.5494562e-16  8.4482416e-16  5.6957801e-16  -3.2568607e-16  
2.6573371e-16  1.1309465e-15  4.8853865e-16  -2.2098356e-16  1.0000000   -1.4135272e-16  8.5318386e-18  2.5957271e-16  4.1341252e-16  -4.3318658e-16  -1.0763163e-16  
7.2225333e-19  2.0059562e-16  8.4605246e-16  -2.5416824e-16  -2.1760264e-16  1.0000000   -1.2106169e-16  3.4167147e-16  5.0708268e-16  1.9029727e-16  -6.1692586e-16  
-9.9797601e-18  -6.3729891e-16  -1.1689214e-15  2.0157057e-16  6.0351865e-17  -2.4387057e-16  1.0000000   -8.1593948e-17  -8.3679718e-16  3.9599398e-16  -9.2589256e-16  
-6.5940915e-17  -2.5539040e-16  7.1092285e-16  8.3255880e-17  2.9677256e-16  3.4153808e-16  -1.1519968e-16  1.0000000   6.6775517e-16  -1.1811174e-15  4.9100425e-16  
1.2459373e-16  -3.7525113e-16  5.0956074e-16  8.9819503e-16  3.8468819e-16  4.8560519e-16  -7.1530997e-16  6.5469313e-16  1.0000000   1.7583181e-17  9.0789904e-16  
-2.6243653e-17  3.6604476e-17  -7.6939746e-16  4.9195848e-16  -4.3033007e-16  2.3933379e-16  5.3500505e-16  -1.3010596e-15  -8.4024667e-17  1.0000000   5.6493921e-17  
-1.0278013e-16  -8.7123437e-16  -2.6118838e-16  -3.4465517e-16  -5.5504375e-17  -4.6650573e-16  -8.6813381e-16  4.2094785e-16  8.6113562e-16  -2.2232074e-17  1.0000000   
