1.0000000   7.5478611e-17  2.3235400e-16  -4.3437120e-17  -2.0112009e-16  -2.1585777e-17  1.0811518e-16  -1.4359702e-16  -3.7340607e-17  -1.3248827e-16  1.2483021e-16  
6.6848879e-17  1.0000000   6.5630201e-16  2.9865610e-16  6.3485993e-16  1.1996942e-16  9.4689493e-16  4.5491417e-16  5.0789034e-16  4.3828514e-16  2.9352542e-16  
-4.9433493e-16  7.6344603e-16  1.0000000   -4.3190447e-16  -6.7378064e-16  7.4951361e-16  7.9187746e-16  -1.7608143e-16  3.1795460e-16  1.8459113e-16  -1.0026565e-15  
-1.0437809e-16  3.4906339e-16  -3.9586942e-16  1.0000000   -3.8834527e-16  1.2578277e-15  8.7871995e-17  8.8866435e-16  -1.1635768e-15  -5.0545131e-16  8.6949626e-17  
2.1969383e-16  7.5997722e-16  -7.3077995e-16  -5.7798433e-16  1.0000000   9.3911129e-16  -2.4809867e-16  5.9139819e-16  -1.3114994e-16  -6.8795146e-16  2.2563386e-16  
5.5198308e-17  1.0118460e-16  6.9464427e-16  1.3264450e-15  8.3751139e-16  1.0000000   -1.0777650e-16  -1.9193905e-17  -6.6092623e-16  6.1009668e-16  2.3878748e-16  
-5.9701449e-17  9.2430800e-16  7.8735811e-16  -7.3966619e-17  -1.3456802e-16  -8.2166561e-17  1.0000000   -5.1282277e-16  -3.9226799e-16  -1.7147576e-16  8.1945123e-16  
2.2925352e-17  4.4114578e-16  -3.1055783e-16  8.4673977e-16  4.7994326e-16  -9.1677871e-17  -6.8909484e-16  1.0000000   -6.0514240e-16  2.0610205e-16  3.0425805e-16  
-1.1018294e-16  8.1561606e-16  7.4455011e-16  -1.1881353e-15  6.5236053e-16  -6.9779058e-16  -3.7031976e-16  -3.9391085e-16  1.0000000   -1.4775080e-17  -5.9012087e-16  
-1.4070926e-16  2.8984289e-16  6.8243043e-17  -4.9496252e-16  -1.2520018e-15  6.8972351e-16  -1.7825612e-16  1.0101919e-16  3.4745902e-16  1.0000000   -7.1099480e-16  
1.2954495e-16  5.8355330e-16  -9.2286879e-16  9.7208042e-17  1.1240642e-15  2.5145909e-16  8.3580489e-16  3.2270304e-16  -1.2539071e-15  -8.0404370e-16  1.0000000   
