1.0000000   -4.0069804e-17  -4.5857422e-16  2.0295515e-16  3.5561858e-16  2.1787064e-16  3.6854500e-16  1.7705697e-16  -4.5161154e-17  1.7875134e-16  5.1107398e-16  
-1.9196824e-16  1.0000000   9.3359692e-17  3.4472619e-16  5.8758479e-16  6.8640801e-16  7.3331029e-16  1.9307271e-16  1.0433544e-16  -6.8247214e-16  9.1926368e-17  
8.0238005e-17  8.6873387e-17  1.0000000   2.3185952e-17  9.7909282e-16  5.2238696e-17  1.7588900e-16  -2.0673548e-16  -9.9692431e-18  -2.1373981e-16  2.5068448e-16  
-1.5881834e-16  4.0360266e-16  -5.2593321e-17  1.0000000   -2.6319720e-16  5.9997826e-16  1.6360325e-15  -1.0701128e-16  -6.5490667e-17  -4.7164513e-16  -6.3978262e-16  
3.3486151e-16  5.1750804e-16  9.3128882e-16  -4.6464309e-16  1.0000000   -5.6907625e-16  3.2279676e-16  -4.5352023e-16  1.2996043e-16  -1.8250139e-16  -1.2081388e-15  
1.2653470e-16  7.8118122e-16  1.3204191e-17  2.4878365e-16  -5.0364683e-16  1.0000000   5.8759944e-16  3.7047553e-16  4.0554176e-17  3.5848615e-16  -5.3262282e-16  
2.0148348e-16  7.5374753e-16  -1.0298541e-16  5.3048779e-16  5.4847487e-16  3.1116693e-16  1.0000000   2.3975747e-16  3.4469714e-17  2.5999048e-16  -5.5463717e-17  
-5.0240521e-17  1.8104096e-16  -2.2178238e-16  -7.6176976e-16  -4.8037783e-16  4.7849833e-17  -3.2195088e-16  1.0000000   1.2695452e-16  -3.8153580e-16  2.8132082e-16  
-8.9323575e-17  1.6500746e-16  -1.9377570e-17  -9.4420918e-17  -8.5081683e-17  4.3330859e-17  3.5480781e-17  1.4946798e-16  1.0000000   -7.3293554e-17  -2.5512202e-17  
1.3534802e-16  -5.5065205e-16  -2.8106086e-16  -3.7433347e-16  8.9172705e-17  2.9704416e-16  2.0466341e-16  -3.7387585e-16  -1.2842268e-16  1.0000000   1.8155049e-16  
2.8438733e-16  1.3011824e-16  4.1308526e-16  -5.2221191e-16  -1.2257304e-15  -7.6471796e-16  7.3996798e-17  2.3399116e-16  -2.0375970e-17  1.3008605e-16  1.0000000   
