1.0000000   -1.6056387e-16  1.5615790e-16  4.2995505e-16  -2.5142857e-16  -2.9065647e-16  -2.0901093e-16  -1.5466042e-17  2.1249572e-16  1.4758691e-16  -1.9542646e-16  
8.3625686e-17  1.0000000   1.9729177e-16  -4.4554541e-16  -7.3522079e-17  2.3307329e-16  5.3480330e-16  -3.6140575e-16  3.6839851e-16  -8.4496602e-16  3.4911888e-16  
-2.4215580e-16  9.5830653e-17  1.0000000   5.7283786e-16  3.1958979e-17  -1.2929079e-16  3.1488023e-17  -3.2946593e-16  -2.8711114e-16  1.0704379e-15  -6.7508431e-16  
3.8547696e-16  -4.5388751e-16  5.1076708e-16  1.0000000   1.0404596e-16  2.8353757e-17  9.8174669e-16  2.0163126e-17  -2.9956271e-16  4.6831836e-16  4.0457373e-16  
-3.1192155e-16  -8.3494661e-18  -1.3901442e-16  -1.5881142e-16  1.0000000   3.3499015e-16  2.4545923e-16  1.1624008e-16  9.0128014e-16  -5.9761523e-16  2.4092963e-16  
-3.3883270e-16  3.2982296e-16  1.3590468e-16  7.6277951e-17  3.7028835e-16  1.0000000   -1.3482423e-15  5.1195680e-16  4.7581506e-16  -7.3457813e-17  4.1321994e-16  
-3.9877472e-16  4.5106093e-16  4.0351285e-17  7.7592545e-16  9.0034507e-18  -2.8859841e-16  1.0000000   8.8038897e-17  -3.7203514e-16  -4.7967674e-16  1.6913554e-16  
-2.7534027e-16  -1.6987143e-16  -4.5381066e-16  -7.7635883e-17  6.6006836e-17  3.4611417e-16  1.9344587e-16  1.0000000   4.5100243e-16  1.1130180e-16  -3.5253257e-16  
3.6000337e-16  2.8260136e-16  -1.2794369e-16  -2.9120497e-16  7.2248255e-16  3.8730049e-16  -4.4917441e-16  5.8488720e-16  1.0000000   2.2924220e-16  5.2988041e-16  
-1.5250705e-16  -6.5448025e-16  4.2907586e-16  5.3034920e-16  -4.3540580e-16  -6.2619534e-16  -1.4801333e-17  1.1047207e-16  2.2162324e-16  1.0000000   4.8242274e-16  
-7.7303502e-17  2.8417861e-16  -8.1860059e-16  3.5666188e-16  2.2020676e-16  3.5004653e-16  2.8921601e-16  -3.1933650e-16  5.1700001e-16  4.5003856e-16  1.0000000   
