1.0000000   2.6143352e-16  -5.5594398e-16  2.6648128e-16  -3.0555449e-16  2.2337151e-16  -1.4265052e-16  3.5473132e-16  -2.5779867e-16  -3.2264873e-16  1.6097451e-17  
1.4330998e-16  1.0000000   3.1944731e-16  8.3930417e-16  -9.3824012e-16  -4.6032021e-16  -1.2225828e-15  -7.5926832e-16  -1.2592237e-15  -2.6095841e-16  -3.9621660e-16  
-2.4205952e-16  3.8821516e-16  1.0000000   -2.8388835e-16  6.8970224e-16  -8.4023797e-16  5.3950177e-16  -1.4047931e-16  -3.1541736e-17  5.0456870e-16  -3.1536000e-16  
-4.6092273e-16  9.0026251e-16  -4.4577875e-16  1.0000000   -9.4380662e-16  1.0534418e-15  -9.4985799e-16  9.5964653e-16  1.5288688e-16  4.7480749e-16  -1.5422183e-16  
-4.4251312e-16  -7.5731777e-16  7.4146461e-16  -9.3824235e-16  1.0000000   8.3236757e-17  -3.3854389e-16  -2.3983949e-16  -3.8651367e-16  -1.0637751e-15  -2.9645584e-17  
4.8257097e-18  -2.3003228e-16  -6.6207802e-16  1.0177576e-15  1.5838933e-16  1.0000000   -3.5809509e-18  -6.6813959e-16  5.6348009e-16  -2.8093280e-17  3.1831329e-16  
-4.1794134e-16  -1.1753683e-15  4.1604251e-16  -9.8707202e-16  -4.8741250e-16  -5.4568973e-18  1.0000000   -4.5297669e-16  9.2090543e-16  -2.9616265e-16  5.6594506e-16  
4.2979327e-16  -7.4206692e-16  -1.9022385e-16  8.8799088e-16  -2.4426675e-16  -8.6932995e-16  -4.5830035e-16  1.0000000   5.1177568e-16  -5.9826584e-16  5.9717686e-16  
-2.5975517e-16  -9.6604901e-16  -1.8938032e-16  -3.6804900e-17  -4.5340465e-16  -8.7821639e-16  1.0110105e-15  4.6537996e-16  1.0000000   7.4648861e-17  -1.2919635e-16  
-2.6261015e-16  -3.7573259e-16  5.6370626e-16  4.2623033e-16  -1.1178469e-15  1.6502456e-16  -1.5789051e-16  -5.5723846e-16  9.2803906e-17  1.0000000   3.7651250e-17  
-2.7695712e-16  -1.0242238e-16  -4.9784785e-16  1.4070657e-16  -3.4539383e-17  5.6087134e-16  6.1201900e-16  5.8045643e-16  -1.1382217e-16  7.4878136e-17  1.0000000   
