1.0000000   -1.8052623e-16  9.7765936e-17  5.0590655e-16  6.3254778e-16  1.0094298e-17  -4.1851601e-16  3.3835536e-16  -2.4818598e-16  8.8521729e-16  3.0056710e-16  
-2.1759980e-16  1.0000000   4.3511293e-16  2.4691697e-16  -1.7515338e-16  -1.6551756e-17  1.2002182e-16  -9.0632034e-16  4.1306632e-16  -1.0305052e-16  -1.3310461e-16  
-3.0730136e-16  4.0677806e-16  1.0000000   -3.8680307e-16  2.5536877e-17  4.0971497e-16  3.4744609e-16  -1.2161331e-17  4.5329350e-16  -1.3828475e-16  -4.3826140e-17  
4.9834732e-16  3.3203950e-16  -3.9027786e-16  1.0000000   -4.7663386e-16  -5.0896063e-16  -8.4510912e-17  -5.1340071e-16  9.8351279e-17  -8.2476184e-16  2.6773187e-16  
4.6212164e-16  -8.7931549e-17  1.9100741e-16  -4.2604185e-16  1.0000000   5.9207489e-16  -4.5476304e-16  6.6011606e-16  -1.8454069e-17  6.4113139e-16  5.3353335e-16  
1.9692963e-17  -9.5953671e-17  4.7715941e-16  -4.9690637e-16  5.0959622e-16  1.0000000   3.1086682e-16  -6.7973336e-16  1.2412808e-16  -7.3714479e-16  9.2293568e-16  
-2.8679930e-16  1.3048717e-16  2.8350364e-16  -1.0977666e-16  -3.8251874e-16  2.8484951e-16  1.0000000   -6.6542616e-16  5.0183017e-16  -2.2414984e-16  -3.9795048e-16  
2.1939767e-16  -1.2324251e-15  2.4841787e-16  -2.6739757e-16  3.0171683e-16  -5.8390710e-16  -6.6766268e-16  1.0000000   -1.0408820e-15  2.9209733e-16  -3.4724984e-16  
-2.2664442e-16  5.0982945e-16  1.9539056e-16  1.2094142e-17  2.6160865e-16  1.3259489e-16  5.5937434e-16  -1.1539965e-15  1.0000000   1.1944566e-17  -1.9413233e-16  
7.6517907e-16  -8.3422868e-17  -7.6970460e-17  -8.1208094e-16  6.2329508e-16  -7.2718716e-16  -2.0598762e-16  4.0873150e-16  9.1302596e-17  1.0000000   1.9788934e-16  
2.8501875e-16  1.7816398e-17  -2.5230960e-16  2.6963769e-16  6.1770471e-16  8.9935682e-16  -4.4253702e-16  -7.6468652e-17  -5.1938832e-16  2.1521201e-16  1.0000000   
