1.0000000   6.9281428e-17  -2.1849370e-17  -2.6249793e-16  -1.5650918e-16  -3.0965976e-16  -5.5510664e-17  8.9162298e-18  2.0734195e-16  1.1621497e-16  -4.1895661e-17  
1.2609723e-16  1.0000000   2.0285799e-16  -4.6053411e-16  -4.1946679e-16  2.4203636e-16  2.3383652e-16  -2.6310235e-16  -4.2572727e-16  3.9295671e-16  5.1348175e-16  
-2.3111900e-16  1.6719332e-16  1.0000000   6.0546496e-16  -7.8572047e-16  2.2573958e-16  -7.1705429e-17  3.9389943e-16  4.9733003e-16  3.2773054e-16  7.3239501e-17  
-3.0275679e-16  -5.6674691e-16  5.7440521e-16  1.0000000   -9.2084614e-16  3.9887877e-16  -2.0850502e-16  1.5281720e-15  9.8540018e-16  -2.0139930e-16  2.6289139e-17  
-3.0358428e-16  -1.0724860e-16  -5.6203823e-16  -8.6078193e-16  1.0000000   -5.3089752e-16  -5.2368914e-16  2.8921051e-16  -1.2589492e-15  -5.7118578e-16  4.7883488e-17  
-4.4564016e-16  -3.0345979e-18  2.3574983e-16  2.0115244e-16  3.6488472e-17  1.0000000   -4.1969288e-16  4.0157121e-16  3.6781234e-16  6.6978819e-16  8.8152882e-17  
-7.4872209e-17  8.2718734e-17  -1.1243068e-16  -2.9877886e-16  -3.3696039e-16  -3.1676384e-16  1.0000000   -8.6470970e-16  3.6661775e-16  -8.2045613e-16  2.5080467e-17  
4.1477770e-17  -2.8805018e-16  3.2158701e-16  1.5528435e-15  4.0154445e-16  3.8981906e-16  -9.1189613e-16  1.0000000   -4.2978915e-16  -1.0857422e-15  2.2988734e-17  
2.5194072e-16  -6.4269057e-16  2.9011501e-16  7.0708087e-16  -8.9804660e-16  5.4583654e-16  3.8210236e-16  -3.7926034e-16  1.0000000   1.1264887e-16  -7.0328491e-17  
1.0122555e-17  4.4472294e-16  3.5348968e-16  -2.5118800e-16  -8.0055760e-16  7.4994332e-16  -7.8308349e-16  -9.3802081e-16  1.6656150e-16  1.0000000   -6.8773848e-18  
-2.7379222e-17  5.0706745e-16  6.3482743e-17  2.1845726e-17  4.5314111e-17  1.0667830e-16  -5.8855505e-18  4.0392047e-17  -6.3954069e-17  -4.7467460e-17  1.0000000   
