1.0000000   1.3523544e-17  1.6567150e-16  1.4607551e-16  -3.0242759e-18  -2.1078090e-16  2.5979877e-16  7.7022734e-17  -1.1198349e-16  -2.2277135e-16  -6.7207157e-16  
-1.5953061e-17  1.0000000   1.0015044e-16  6.5422986e-17  9.9078269e-17  1.8235833e-16  -4.9628253e-16  1.8995240e-16  -2.9332287e-17  1.2055750e-16  -2.4715808e-16  
9.3591672e-16  7.1923520e-17  1.0000000   2.3572231e-16  2.2012813e-16  4.3872136e-16  -1.0584019e-16  -6.7320956e-16  5.1945276e-16  -7.5851930e-16  -4.1720650e-16  
1.6999891e-17  5.2547871e-17  1.8661598e-16  1.0000000   2.0632393e-15  -1.3727527e-16  -3.0932386e-17  1.2218805e-16  -8.4691007e-16  -4.2509911e-16  3.9216778e-17  
1.7445922e-16  1.7743763e-16  2.0522472e-16  2.1018393e-15  1.0000000   -1.6022654e-16  7.6178226e-17  4.3968763e-16  -2.0963128e-16  -3.6231407e-16  -2.1689316e-16  
-1.5597179e-16  2.0646419e-16  3.8496140e-16  -1.6666232e-16  -1.1924650e-16  1.0000000   3.0228006e-16  7.4313704e-17  4.5096965e-16  -2.5428824e-16  -2.6954717e-16  
6.2539102e-17  1.0409222e-16  -2.4927484e-16  1.6038092e-17  1.2515490e-16  2.1827711e-16  1.0000000   3.5638969e-17  5.8533012e-17  -1.0626932e-16  -9.3489483e-16  
8.0726437e-17  1.5497154e-16  -6.8505580e-16  -2.6710542e-17  3.6800651e-16  1.2952311e-16  -6.0620193e-17  1.0000000   -1.0032305e-16  9.6626566e-17  -2.3475518e-16  
-4.5407494e-17  -5.6013614e-17  5.4018521e-16  -9.6979522e-16  -1.9373478e-16  4.7108332e-16  1.0215212e-17  -1.2218204e-16  1.0000000   3.7727309e-16  4.0129668e-16  
-2.7239386e-16  1.5719333e-16  -8.2416552e-16  -3.9016376e-16  -2.7068267e-16  -1.7572306e-16  3.8105668e-17  1.6415901e-16  3.5197724e-16  1.0000000   5.3127728e-16  
-5.0164081e-16  -2.1194816e-18  -4.9242112e-16  1.0262651e-17  1.8483297e-16  -2.4824971e-16  -2.5838571e-16  -1.5667103e-16  2.9757750e-16  5.2308075e-16  1.0000000   
