1.0000000   -1.2940051e-16  1.1194829e-15  -1.3319504e-16  1.7207119e-16  -1.8689016e-17  2.3966351e-16  -3.7587477e-16  3.6230864e-17  -2.8497480e-16  4.3121865e-16  
-5.9826813e-17  1.0000000   -4.2200519e-16  2.9773453e-16  1.1838111e-16  1.3230754e-17  4.2738213e-16  -2.3155852e-16  -2.1153766e-16  -1.2667949e-16  3.0872985e-16  
1.4511050e-16  -4.7961085e-16  1.0000000   -5.9329847e-16  -1.3574973e-15  7.3372692e-16  -2.8011577e-16  -1.2996800e-15  -6.6229313e-16  1.1291875e-15  4.9195335e-16  
6.2896967e-18  3.0667300e-16  -5.5762064e-16  1.0000000   -4.0575824e-16  -1.0387871e-15  -3.5857112e-16  8.3250838e-16  -3.3739026e-16  -2.7310429e-16  -8.0308655e-16  
-3.0359137e-17  1.5475866e-16  -1.1672451e-15  -4.0889546e-16  1.0000000   8.2873393e-16  1.4290870e-16  -2.7065558e-16  2.5679867e-16  -5.6198220e-16  1.2383389e-16  
-6.1211810e-17  -1.0928980e-16  8.5611580e-16  -1.0298937e-15  9.4498078e-16  1.0000000   -2.7708116e-16  3.4515806e-16  3.0744257e-16  -4.9393290e-16  3.4488513e-16  
4.6084171e-16  4.3801070e-16  -2.6180518e-16  -3.6402000e-16  1.6246347e-16  -3.5278094e-16  1.0000000   -2.1252156e-16  7.6614474e-17  -1.1605463e-15  -2.6003403e-16  
-2.8834473e-17  -1.5279021e-16  -1.2075615e-15  8.5741810e-16  -2.0324734e-16  3.6427172e-16  -2.0239061e-16  1.0000000   -6.5370225e-16  1.6209035e-16  -1.0616563e-16  
-9.2594763e-17  -3.3221869e-16  -7.1603559e-16  -3.5483133e-16  1.3768988e-16  3.5404964e-16  8.0131534e-18  -8.4211711e-16  1.0000000   -5.1077595e-16  4.8746174e-16  
-1.9675073e-16  -7.9647325e-17  1.1558811e-15  -3.4438310e-16  -4.9578746e-16  -4.8088805e-16  -1.1148344e-15  2.1059902e-16  -4.9155310e-16  1.0000000   2.4567005e-16  
5.6051410e-16  -1.0554401e-16  4.8716253e-16  -8.2166262e-16  4.0227056e-16  2.7556205e-16  -3.3196068e-16  -1.4937214e-17  4.1954876e-16  2.9484878e-16  1.0000000   
