1.0000000   -3.4973805e-17  -2.3263192e-16  -1.9134525e-18  -1.0167535e-15  -1.2289596e-16  -5.3314115e-16  1.7968386e-16  -9.3782141e-16  5.3085394e-16  9.5989514e-17  
-5.5282478e-17  1.0000000   1.0002629e-15  -2.7840383e-16  -1.4482683e-16  4.8997980e-16  6.1865133e-16  -9.3886944e-17  -1.1232325e-15  9.3154978e-16  2.0312039e-16  
5.2716440e-16  1.1017447e-15  1.0000000   1.4439087e-15  3.4311158e-16  -3.3005242e-16  -4.8987114e-16  2.9412744e-16  7.4162081e-16  2.5529317e-16  -4.8242677e-16  
-1.6631205e-18  -3.2826480e-16  1.4033535e-15  1.0000000   1.4400342e-16  1.0404320e-15  1.3888649e-16  6.7060276e-17  2.0846440e-16  -1.5014766e-16  2.2141044e-16  
-9.9202306e-16  -1.2778253e-16  3.3001087e-16  8.3450065e-17  1.0000000   -5.0147320e-16  4.5967039e-16  1.1673192e-16  4.5607486e-16  5.9353853e-16  -4.6906845e-17  
-8.4834689e-17  1.0060206e-15  -3.8312392e-16  5.4978559e-17  -4.6429444e-16  1.0000000   5.0374464e-17  -5.3996599e-16  6.8893496e-16  -5.3834987e-16  -2.1459263e-16  
-6.2264971e-16  7.6699536e-16  -3.2762664e-16  6.2300776e-17  3.9545616e-16  3.7763084e-17  1.0000000   8.7132635e-16  2.8536808e-16  2.3165209e-17  -7.3948047e-16  
1.3520104e-16  3.5775384e-17  2.7657880e-16  -8.3646944e-17  1.5764526e-16  -5.0523464e-16  7.4401428e-16  1.0000000   -9.5516499e-16  1.3724477e-16  1.3044073e-16  
-7.6827418e-16  -1.2332474e-15  7.2896961e-16  1.1526038e-16  4.2399241e-16  5.5585350e-16  5.4049742e-16  -9.8048690e-16  1.0000000   -4.1544205e-16  -1.1951998e-16  
4.2750255e-16  8.3869934e-16  3.3731719e-16  -4.3847127e-16  5.9292934e-16  -1.0170691e-15  -1.0002234e-16  1.3413810e-16  -3.5730699e-16  1.0000000   4.7874359e-16  
1.7131900e-16  1.2285362e-16  -4.9993325e-16  2.8398302e-16  -6.2340328e-17  -1.7363696e-16  -7.5196155e-16  1.4485447e-16  -5.2946349e-17  7.2994257e-16  1.0000000   
