1.0000000   -7.6199879e-17  1.0902395e-16  6.3523304e-17  -9.1967061e-17  -4.9867932e-16  1.9391159e-16  3.5525267e-16  -3.7108268e-16  5.0152235e-16  -3.0377916e-16  
-9.7268835e-17  1.0000000   -2.5335998e-17  2.8757926e-16  1.1399461e-16  9.5346423e-16  -3.0091879e-16  2.7674810e-16  1.3648135e-16  -7.6700689e-18  -1.7304253e-16  
6.9701991e-17  4.1092285e-17  1.0000000   -1.6080833e-15  1.6289804e-15  7.0054750e-17  6.8690667e-16  -3.6399131e-16  1.3897027e-15  -2.6441751e-16  4.8095898e-16  
4.1671571e-17  4.0044597e-16  -1.4883729e-15  1.0000000   -4.7457246e-16  -1.3257199e-17  -1.9505744e-16  4.4072373e-16  8.1234101e-16  6.9838991e-16  -9.5355135e-16  
-2.2024176e-16  1.6037213e-16  1.3901022e-15  -1.0549365e-15  1.0000000   4.0193178e-17  3.5197887e-16  -6.5603699e-16  -2.9546711e-16  3.3243325e-16  4.8407195e-16  
-3.2216609e-16  1.1917755e-15  -3.8548347e-16  -1.1834157e-15  1.4806740e-16  1.0000000   4.8312323e-17  -1.9657423e-16  3.1782069e-16  -9.3189562e-16  2.5734947e-16  
8.0730709e-18  -3.1616783e-16  6.3273747e-16  -3.6013163e-16  2.4884092e-16  1.8763244e-16  1.0000000   1.3406456e-17  4.9493752e-16  -1.3796332e-15  3.6527714e-16  
4.4341315e-16  2.5508519e-16  -3.4916506e-16  3.3387608e-16  -7.7122686e-16  -1.9447937e-16  -6.0738031e-17  1.0000000   -5.0723490e-16  8.3337256e-17  -1.8056628e-16  
-4.8219335e-16  1.2098306e-17  1.2624883e-15  6.0178142e-16  -2.1874704e-16  5.0532409e-16  5.6508244e-16  -5.1004968e-16  1.0000000   -2.7646592e-16  -4.0785229e-16  
4.1068018e-16  -3.2403294e-16  -3.5540020e-16  1.3397562e-16  8.6170064e-16  2.1580637e-16  -1.4005650e-15  2.4778661e-16  -2.1721431e-16  1.0000000   -4.0004688e-16  
-3.2724110e-16  -1.9864330e-16  4.0382658e-16  -1.0451732e-15  5.8313171e-16  3.5643334e-16  3.8140070e-16  -2.2445965e-16  -4.3253695e-16  -4.8224296e-16  1.0000000   
