1.0000000   -1.1031055e-16  2.9648705e-16  -1.9886226e-16  -9.4446239e-17  -4.9803054e-16  -3.0904159e-16  1.6648226e-16  -1.0033286e-17  -1.7266216e-17  -2.6084761e-16  
-1.5298347e-16  1.0000000   2.5162506e-16  -1.5534722e-16  -4.0698020e-16  6.1154368e-17  -5.4563091e-16  -2.8210945e-17  1.8472143e-16  3.6375132e-16  -4.1034961e-17  
5.6472135e-16  1.5365991e-16  1.0000000   -7.0037830e-16  1.8300976e-16  -3.0452992e-16  -1.6464679e-16  -8.0977452e-16  -2.1029546e-16  7.9439747e-16  6.0530668e-17  
1.6474243e-16  -1.9631436e-16  -5.8157341e-16  1.0000000   -4.6617714e-16  -6.2304341e-17  8.4482624e-17  -4.2506177e-16  -1.2363331e-15  -6.0199057e-16  -3.2323125e-16  
1.5993161e-17  -2.7760594e-16  2.2512555e-16  -5.4044686e-16  1.0000000   -2.1316542e-17  4.9810726e-16  3.2426546e-16  -1.1258367e-15  -1.2061560e-16  7.3758634e-16  
-5.5993589e-16  4.6294560e-16  1.2633752e-16  9.2428456e-18  -2.8141852e-17  1.0000000   -4.8078856e-16  4.1685666e-16  5.1913351e-16  -3.7759783e-16  -9.1907469e-16  
-3.2246573e-16  -3.6181873e-16  1.9584966e-16  -1.7652202e-16  5.2334190e-16  -4.9273474e-16  1.0000000   5.8983270e-16  -2.9810904e-16  -7.2590062e-18  1.5064566e-16  
2.2728486e-16  -2.8684028e-16  -1.0991984e-15  -3.8072561e-16  3.5691106e-16  2.4608644e-16  3.7360561e-16  1.0000000   7.7961272e-16  -4.2989305e-16  6.7947797e-16  
-1.9079293e-16  1.5730618e-16  -3.0199514e-16  -1.1015308e-15  -1.1557267e-15  5.7009547e-16  -2.9350147e-16  7.6176230e-16  1.0000000   -6.0728091e-16  1.3125961e-16  
-2.4002977e-17  4.1870806e-16  7.6873909e-16  -8.8168635e-16  -1.5244509e-16  -4.3856815e-16  3.2966886e-17  -4.1632085e-16  -6.3593319e-16  1.0000000   2.6612314e-16  
-2.5150197e-16  6.6729851e-17  7.0292723e-17  -3.5348374e-16  6.4002402e-16  -8.6485754e-16  1.0990845e-16  6.8976603e-16  -1.9356397e-17  2.8424689e-16  1.0000000   
