1.0000000   -6.3812996e-17  -3.9046758e-16  2.5499926e-16  4.4356010e-17  1.7802917e-17  -1.9179786e-16  -6.3288283e-18  -4.2203462e-17  -6.8847632e-17  -1.2765103e-16  
-1.1995979e-16  1.0000000   -5.5491643e-16  5.0263218e-16  2.8839374e-16  4.9975601e-16  -8.9381317e-17  4.4697911e-16  -6.2430828e-16  3.7353078e-16  -1.3866459e-16  
2.2369796e-16  -4.5185833e-16  1.0000000   -6.5739590e-17  -1.3257751e-15  -6.7362017e-17  7.7729922e-17  1.5614913e-15  5.6716802e-16  -9.2093679e-16  -8.2753933e-16  
5.3114392e-17  5.3750988e-16  -2.7538960e-17  1.0000000   2.7781644e-16  -1.0960860e-16  -3.1271459e-17  -7.3563954e-16  -7.4529549e-17  -5.1526862e-16  -7.1057255e-16  
1.0357488e-16  3.4796754e-16  -1.6304770e-15  4.2482079e-16  1.0000000   4.4351208e-18  -8.2390611e-16  1.4845275e-16  -1.1134667e-15  -1.6701198e-16  -6.5586693e-16  
1.0362556e-16  4.7254527e-16  -4.5412640e-16  -1.9043217e-16  -3.3877483e-17  1.0000000   -2.3184004e-16  -1.9501528e-16  -4.3742957e-16  1.9560811e-16  -2.2668635e-16  
-1.6706672e-16  6.5881336e-17  1.2903901e-16  2.8167717e-17  -9.6535331e-16  -3.8599547e-16  1.0000000   -3.1426451e-16  1.2261458e-15  7.7264861e-17  4.6292415e-16  
2.3206742e-16  1.0544412e-16  1.4318444e-15  -6.9604582e-16  3.5645477e-16  -6.3472083e-17  -3.1771728e-16  1.0000000   9.6749727e-16  -1.5636679e-15  5.7367424e-17  
1.0405696e-18  -6.3453150e-16  5.9985150e-16  -6.0176331e-18  -1.0422272e-15  -3.6771247e-16  1.1495386e-15  8.0726676e-16  1.0000000   -6.8458164e-16  -6.6230777e-16  
-8.9829880e-17  4.1646382e-16  -9.7059349e-16  -4.0821649e-16  -7.5457385e-17  -8.7195755e-18  5.5099466e-17  -1.5116599e-15  -7.7453965e-16  1.0000000   -5.3271787e-16  
-9.3516673e-17  -4.3970751e-17  -8.6569351e-16  -8.0662778e-16  -7.3164207e-16  -2.1230796e-16  4.9006415e-16  2.0848318e-16  -8.2411139e-16  -4.7413834e-16  1.0000000   
