1.0000000   -1.1488414e-16  -3.4935192e-16  -5.3010563e-17  4.6076385e-17  -4.0110761e-17  9.7189876e-17  -1.3963248e-15  -3.7037406e-16  1.3528752e-15  -7.4072525e-17  
-1.0767288e-16  1.0000000   8.3722677e-17  5.8541209e-17  5.5102617e-18  -7.2056595e-17  1.1796783e-16  1.3315448e-16  2.9858073e-17  4.6087950e-16  3.9890926e-17  
1.1479489e-16  1.6555116e-16  1.0000000   -6.5996779e-16  1.6150777e-15  6.3369134e-16  5.7532506e-17  -3.4186664e-16  -2.1905760e-16  -4.5214079e-16  3.6569991e-16  
2.1068259e-16  1.7464267e-16  -6.2188667e-16  1.0000000   -1.0174834e-15  -1.3227301e-16  -2.4816029e-16  8.4940768e-17  9.5160651e-17  -4.8868691e-16  5.1974280e-16  
2.3596397e-16  -1.8030297e-16  1.6321493e-15  -1.0885238e-15  1.0000000   -4.9958157e-16  -3.9567399e-16  -2.6282905e-16  1.6840080e-16  -3.3559131e-16  -3.0257902e-16  
-2.5545249e-17  -1.2041408e-16  5.6835388e-16  -2.1998155e-16  -3.2416818e-16  1.0000000   2.0908820e-16  1.1081925e-16  -1.7573050e-16  -2.6612076e-16  -1.5743463e-16  
6.3245057e-17  5.1184364e-17  -3.6467425e-17  -2.4809988e-16  -2.8500807e-16  5.0287287e-19  1.0000000   3.6968875e-16  4.9499808e-16  2.9401112e-16  -2.7658844e-16  
-1.3597096e-15  2.9017094e-16  -6.9521106e-16  -2.1178632e-16  4.5969850e-16  9.7936596e-17  4.6471632e-16  1.0000000   9.0982701e-17  -1.0382796e-15  1.7143269e-16  
-6.3056884e-16  9.2053585e-17  -1.0360050e-17  2.8584606e-16  -3.7747953e-16  -2.2524628e-16  5.9661785e-16  1.3299060e-16  1.0000000   4.4934754e-16  -3.5313587e-16  
1.5435542e-15  1.5436935e-17  -6.5262883e-16  -8.8972893e-16  6.4571098e-16  -4.3918388e-16  3.4580941e-16  -1.0643211e-15  3.8518350e-16  1.0000000   -7.3771318e-16  
-4.6166816e-17  2.4326426e-17  3.3568000e-16  4.7969128e-16  -2.1426768e-16  -1.8805402e-16  -1.3307226e-16  2.2765535e-16  -2.9908882e-16  -6.4150379e-16  1.0000000   
