1.0000000   1.0342462e-16  -3.0810315e-16  -4.3706460e-16  8.1074558e-18  6.3392098e-17  -1.9511139e-16  3.2247717e-16  2.2286661e-16  9.0162599e-17  -1.1528083e-17  
1.6194736e-16  1.0000000   3.5311907e-16  4.5665847e-16  -5.2999780e-17  -2.2313056e-16  -4.1421976e-17  2.5990405e-16  2.8018357e-17  -3.0022364e-16  1.8253002e-17  
-2.7993435e-16  4.1890518e-16  1.0000000   -2.4351411e-16  -1.7125693e-16  3.0795305e-16  -1.4235161e-16  -1.5888756e-16  1.7310832e-17  3.6087551e-16  -1.7265334e-17  
-4.6418513e-16  9.3700170e-18  -2.5364589e-16  1.0000000   -1.1991646e-15  1.4689484e-16  -4.8348738e-17  -6.3202961e-16  -1.1125163e-16  -1.0017660e-16  -9.1623390e-18  
-6.3099785e-17  2.3350791e-17  -3.7152012e-17  -1.2586702e-15  1.0000000   -8.4215312e-18  -3.0771147e-16  3.4139091e-16  -1.6183684e-16  3.7068094e-16  4.4283445e-19  
-1.8126211e-17  -2.9967190e-17  3.6157210e-16  4.9562399e-16  -8.3568377e-17  1.0000000   3.9404239e-17  -8.4488913e-16  -2.3282005e-16  5.2640825e-16  -5.5585859e-19  
-5.3903790e-16  -3.0389937e-17  -3.9069007e-16  -2.2761699e-17  -6.9769020e-17  -8.0506024e-18  1.0000000   9.7492719e-17  4.9713896e-17  2.2089175e-16  1.2287199e-17  
3.8070909e-16  2.3109198e-16  -1.5862980e-16  -6.9425781e-16  2.6284701e-16  -8.7950943e-16  2.6520528e-17  1.0000000   6.0719441e-17  3.7181091e-16  -1.1825743e-16  
4.5188739e-16  6.3844510e-17  6.4231628e-17  -1.1826375e-16  -8.3909062e-17  -2.1069014e-16  -1.4430141e-16  7.4585105e-17  1.0000000   -8.5693873e-16  -1.5673938e-17  
-3.4796712e-17  -1.3995590e-16  2.6845785e-16  -2.9716866e-16  3.0567863e-16  -2.5865728e-16  2.2078960e-16  4.8944707e-16  -7.7083039e-16  1.0000000   8.5477032e-21  
2.6774269e-18  9.7338950e-18  -1.4440570e-17  -8.0488361e-18  3.4078470e-18  5.6496134e-17  1.0105260e-17  1.5264257e-16  1.0610802e-17  -1.2916906e-17  1.0000000   
