1.0000000   -1.1683272e-16  -2.1844682e-16  2.0298250e-17  1.2577753e-16  1.8689151e-16  1.1422243e-16  -4.3062180e-16  -1.3694033e-17  -4.8268492e-16  8.5941763e-17  
-3.3048875e-16  1.0000000   -1.1798034e-15  -7.9388883e-16  -3.4673392e-16  -4.1758443e-16  -2.4272449e-18  6.4321930e-17  1.3330888e-16  -5.4285656e-17  5.6864927e-16  
2.6881201e-16  -1.2207768e-15  1.0000000   -3.1191361e-16  -1.0932363e-17  -9.5632402e-17  -6.6311126e-16  1.0729796e-15  2.5905575e-16  -1.2183041e-15  6.5340291e-16  
3.8124844e-17  -8.7969067e-16  -1.5034525e-16  1.0000000   3.4006316e-16  7.8865914e-17  -2.7686512e-16  -4.9313158e-16  4.4702091e-17  -6.8248317e-17  -3.9783359e-16  
1.2913024e-16  -5.4902612e-16  9.0334046e-17  2.3074635e-16  1.0000000   -2.1294496e-16  -2.7649994e-17  -6.3198946e-17  -7.2527666e-17  9.7840672e-16  -8.0428531e-17  
2.2581161e-16  -6.6227250e-16  2.6502692e-16  -4.6706058e-17  -2.3090421e-16  1.0000000   -2.9093972e-16  1.2944572e-16  -2.0075012e-16  5.3051863e-16  -6.3706026e-16  
1.1721262e-16  1.2374225e-18  -7.1752410e-16  -2.5232963e-16  -4.0362324e-17  -2.8101287e-16  1.0000000   2.7884192e-16  8.9951171e-16  2.2384661e-16  3.7034313e-16  
-4.0967463e-16  3.5080314e-17  9.0746519e-16  -5.1145356e-16  -7.7156153e-17  1.5370759e-16  1.4328873e-16  1.0000000   -5.0538797e-16  3.2122103e-18  -1.2249371e-15  
-5.3154053e-17  1.8971185e-16  3.3268888e-16  1.0836135e-16  9.8322195e-17  9.0047702e-17  9.0730059e-16  -4.8537638e-16  1.0000000   6.4628063e-16  7.8570691e-16  
-3.3471046e-16  2.3366237e-16  -1.3173552e-15  -1.0161056e-16  1.0539679e-15  6.5332519e-16  1.3933664e-16  2.3103042e-17  6.3932447e-16  1.0000000   -3.5368454e-16  
-1.6730489e-16  1.8307304e-16  4.7856684e-16  -3.3001674e-16  -2.4310481e-17  -5.0619028e-16  4.2921701e-16  -1.2608935e-15  1.0186156e-15  -3.3906898e-16  1.0000000   
