1.0000000   -3.1168945e-16  4.1392684e-16  1.5898549e-16  2.8108496e-17  -8.7305198e-17  4.1826476e-18  -1.2374540e-16  -1.6423381e-16  -2.0965347e-16  -1.7565009e-16  
-3.4942184e-16  1.0000000   9.8452072e-16  1.3680419e-15  -4.3426762e-16  -1.4218325e-16  -2.8127047e-16  1.5987899e-15  -6.0039121e-17  -1.0211677e-17  -1.4174732e-16  
-5.5482084e-16  1.2184341e-15  1.0000000   -3.9201924e-16  -2.3276938e-16  6.9638395e-17  -5.7009955e-16  -5.4071000e-16  5.0191545e-16  -2.9787967e-16  -5.4354200e-16  
-9.2919146e-17  1.7793103e-15  4.6828473e-17  1.0000000   9.9020479e-17  -5.8862522e-16  2.1696558e-16  2.3038072e-16  -4.3458293e-16  5.9103674e-16  -1.5873080e-16  
7.0321836e-17  -4.8472793e-16  -2.3578038e-16  1.5372911e-16  1.0000000   -5.9898449e-16  5.0819223e-16  -3.3118667e-16  4.0640396e-16  9.1395578e-16  2.0564077e-17  
1.8855543e-16  1.6834980e-16  -2.5876967e-17  -1.1731433e-15  -3.9919790e-16  1.0000000   -2.9468921e-16  -1.3906847e-16  9.2752175e-17  2.1149956e-16  1.6075768e-16  
-1.2811841e-16  -2.7308057e-16  -5.9995493e-16  4.4013735e-16  5.7288531e-16  -1.2664546e-16  1.0000000   -1.9575979e-16  1.0857554e-16  3.0338662e-16  1.2012240e-16  
-1.4591002e-16  1.5395441e-15  -3.8470324e-16  3.4154950e-16  -2.8557907e-16  -1.9525123e-16  -1.3578163e-16  1.0000000   4.1911018e-16  -3.0992584e-16  -7.6099593e-17  
1.3465635e-16  -5.7573159e-17  4.3807899e-16  -4.2927868e-16  2.7234544e-16  7.3245256e-17  1.0807793e-16  3.2296793e-16  1.0000000   5.9537414e-16  -2.8897077e-16  
-7.8299733e-17  -3.5424530e-17  -2.6189521e-16  5.8050689e-16  8.0108757e-16  2.3736490e-16  3.0017739e-16  -1.7334986e-16  5.7872796e-16  1.0000000   5.1686459e-16  
-2.5368145e-16  -1.8755988e-16  -5.3359111e-16  -2.3742450e-16  2.5361622e-17  1.7979070e-16  2.9202350e-16  -2.8218611e-17  -1.6176079e-16  4.2952215e-16  1.0000000   
