1.0000000   2.9468730e-16  -3.7170398e-16  6.0535621e-17  -1.8536878e-16  -2.4637293e-17  -1.2543778e-16  -1.0803750e-16  -4.6389464e-17  -4.4361037e-17  2.6858250e-17  
1.9856241e-16  1.0000000   -7.4916272e-16  2.5941335e-16  3.8907912e-16  -9.2580634e-16  7.1759613e-16  -1.7154440e-16  -4.2838450e-16  1.5900670e-16  -3.2593288e-16  
-2.6242124e-16  -3.6636606e-16  1.0000000   4.2839837e-16  3.8352993e-16  1.0968506e-15  2.0540421e-16  3.4762275e-16  6.1307649e-17  -1.4747182e-16  -7.6677843e-17  
1.9307063e-17  -1.0754369e-16  2.7903966e-16  1.0000000   5.5227494e-17  3.4363705e-16  3.2231585e-16  -1.5237575e-16  1.7967885e-16  2.7802091e-16  3.8901259e-16  
-3.6957667e-16  9.4802197e-16  6.3348828e-16  -8.5510491e-18  1.0000000   1.8180958e-16  -9.3340088e-16  8.5109103e-17  -2.6235653e-16  2.5016976e-17  5.6169931e-16  
2.8592032e-17  -1.1289573e-15  1.0371783e-15  -1.0185329e-16  8.0475290e-16  1.0000000   9.3720078e-16  1.5434262e-16  8.9143053e-16  1.4442691e-16  2.1091521e-16  
4.3413942e-17  4.0520147e-16  4.7149937e-16  3.6177345e-16  -9.5092604e-16  1.6067108e-16  1.0000000   5.9525661e-16  -1.6067594e-16  2.5436702e-16  -1.6938795e-16  
-1.3071298e-16  -3.2243115e-16  4.4946223e-16  -1.6164793e-16  2.3647664e-17  -1.5961504e-16  5.5429391e-16  1.0000000   8.1781264e-16  -6.5392057e-16  8.3838474e-16  
-5.3582070e-17  -6.4965720e-16  1.4400364e-16  2.2674838e-16  -3.1424470e-16  5.6479955e-16  -2.0942107e-16  8.9173733e-16  1.0000000   -4.0576301e-16  5.5375287e-16  
7.9574817e-18  3.0024766e-16  -1.4399001e-16  3.7263889e-16  1.0746310e-16  3.0268321e-16  2.3822366e-16  -6.4293385e-16  -6.2892651e-16  1.0000000   -1.0024338e-16  
1.6256253e-16  -3.4922525e-16  -8.2793553e-17  3.7448936e-16  5.2884714e-16  1.7037816e-16  -1.0356248e-16  7.5593794e-16  5.6220541e-16  -8.9005799e-17  1.0000000   
