1.0000000   -3.4014265e-17  -1.4641208e-16  -2.3163907e-16  2.5959703e-16  -7.7332448e-16  3.3051427e-16  -2.6739664e-16  -7.0279624e-17  7.7464614e-17  -1.8773221e-17  
-5.1848727e-17  1.0000000   3.5051265e-16  1.0513370e-16  1.2215250e-16  -7.5422615e-17  -2.3947741e-17  9.0306518e-17  5.3981412e-16  3.5385029e-16  2.6179612e-17  
-4.0089595e-16  3.0439003e-16  1.0000000   -1.0402311e-15  5.5124550e-17  -5.7610845e-17  -2.0640526e-15  -8.0835310e-16  2.3637397e-16  6.6284577e-16  1.5212168e-17  
-3.8341656e-16  1.2649714e-16  -1.0482625e-15  1.0000000   -1.3845104e-16  3.8176422e-16  -3.5766574e-16  1.4429681e-15  9.2247757e-16  -9.0381623e-16  -2.4295850e-18  
3.0867157e-16  1.3174959e-16  -1.0745254e-16  -1.6884543e-16  1.0000000   -2.6417896e-16  -1.1799459e-18  -8.2417519e-17  -6.2045456e-16  -3.8917798e-16  1.6088825e-17  
-8.5568063e-16  1.5237048e-16  -1.9165190e-16  4.1385539e-16  2.6494001e-16  1.0000000   -6.0918271e-16  1.6077813e-16  9.4749993e-17  5.3292154e-17  -2.7760027e-17  
2.4168777e-16  -1.7085141e-17  -2.0297022e-15  -2.0418661e-16  -3.0508794e-17  -6.9883542e-16  1.0000000   -1.0094193e-15  -3.4049090e-16  2.1745626e-16  -3.0419848e-17  
-1.9549838e-16  8.6936067e-17  -7.4865883e-16  1.3604477e-15  -2.3952850e-16  2.0780783e-16  -9.8227625e-16  1.0000000   -8.3241499e-17  1.3116289e-16  9.9355820e-17  
2.4384527e-17  6.7397661e-16  1.0508195e-16  8.6070998e-16  5.8781823e-17  -8.7677195e-17  -2.9743778e-16  -1.0018865e-16  1.0000000   -2.0095191e-16  2.8583319e-17  
-1.4210193e-16  4.3620225e-16  5.5429271e-16  -7.0775766e-16  -2.4056611e-17  -1.0146432e-17  1.9072905e-16  1.1265266e-16  -1.2240359e-16  1.0000000   1.4265853e-17  
1.6658774e-17  2.9259858e-17  1.5686272e-17  -4.0524405e-18  1.4728893e-17  1.7091850e-17  1.4632545e-17  -1.1905141e-16  -5.1463340e-17  -3.0859756e-17  1.0000000   
