1.0000000   4.6024852e-17  6.8892024e-17  -1.9408390e-16  -6.4839561e-17  -7.3839756e-17  -2.1506715e-16  1.0482736e-17  -8.6349946e-17  1.3007338e-16  2.1153293e-16  
4.5617400e-17  1.0000000   -3.2920881e-16  -2.5941152e-16  1.0268761e-17  -1.3681265e-16  5.2988182e-16  -6.7330273e-16  -1.5524991e-16  2.0049634e-16  1.2168444e-16  
-1.9939305e-16  -3.4537494e-16  1.0000000   3.1642571e-16  6.7457583e-16  1.3014198e-16  -4.3008495e-16  3.5856088e-16  1.9736678e-16  2.9426804e-16  6.2684567e-16  
-1.8980451e-16  -2.7955030e-16  2.6347524e-16  1.0000000   -1.0712946e-15  2.1388730e-16  -3.0606757e-16  -8.3026812e-16  1.6284062e-16  -2.1342231e-16  -1.9705110e-16  
6.5375761e-17  6.2778682e-19  5.6485267e-16  -1.0538215e-15  1.0000000   -6.4617247e-16  -1.4189583e-16  -9.8039702e-16  -2.1395930e-16  -2.2940017e-16  -4.3869022e-16  
9.0573830e-17  -9.8475887e-17  2.3782639e-16  5.7878642e-17  -4.8258217e-16  1.0000000   5.3622845e-16  -5.1730664e-16  -5.9580611e-16  -5.1009924e-17  -1.0551094e-16  
-3.8124388e-16  3.6435291e-16  -3.6975167e-16  -2.1129053e-16  -2.2912754e-17  5.0715851e-16  1.0000000   -1.4176322e-15  6.7817527e-17  -6.5401153e-16  -3.6291296e-16  
2.6570465e-16  -5.3274285e-16  2.5068660e-16  -9.4329442e-16  -1.2817677e-15  -5.3310331e-16  -1.3359876e-15  1.0000000   3.1516979e-16  7.8073411e-16  -7.2396414e-16  
-2.2243982e-16  1.9195930e-16  2.8021893e-16  2.5734293e-16  -3.3033039e-16  -5.2445217e-16  6.8709916e-17  2.6716428e-16  1.0000000   -6.1020557e-16  1.0256849e-16  
1.0921482e-16  -3.5567008e-16  -1.2729350e-16  -2.0863157e-16  -8.8611112e-16  -1.6556492e-17  -6.3624951e-16  6.3526154e-16  -6.8258480e-16  1.0000000   2.3179650e-16  
2.1815028e-16  2.1882448e-16  7.2006419e-16  -2.5367112e-16  -2.7068187e-16  4.3859975e-17  -3.7953598e-16  -7.6725515e-16  2.5098772e-16  1.0294881e-16  1.0000000   
