1.0000000   -7.7972703e-17  -2.3097455e-16  6.3086245e-16  -1.9254519e-16  1.3657078e-16  -5.5138623e-16  2.8537468e-16  -2.6212546e-17  -5.7727911e-16  2.7922727e-16  
2.6418280e-17  1.0000000   -3.3252039e-16  -3.6388727e-16  1.6723049e-16  9.6630617e-18  1.2101287e-15  2.6309279e-16  -4.5495488e-16  -1.3844045e-16  -1.8156900e-16  
-6.0137701e-17  -2.0451775e-16  1.0000000   -4.0363464e-16  -5.5471652e-17  -7.2658984e-16  -6.4391396e-16  -4.5149005e-16  -3.1858885e-16  -1.0090850e-16  -1.2428514e-16  
4.7905770e-16  -2.9235450e-16  -4.5633375e-16  1.0000000   -2.2062371e-17  1.5281914e-16  3.5969374e-16  -1.0294590e-16  -6.9080380e-16  1.0341014e-15  9.3945398e-16  
-3.1151593e-16  2.0837569e-16  -2.7987679e-16  -1.0204017e-16  1.0000000   1.3472411e-16  -2.4154773e-16  -1.4168103e-16  -1.1374875e-15  2.9912653e-16  -4.2915602e-16  
-1.0391335e-16  9.8071343e-17  -7.9198046e-16  -6.1525899e-17  -8.9589815e-17  1.0000000   -4.7438700e-16  3.1673563e-16  3.8031888e-16  3.6367795e-16  1.6371792e-16  
-7.6036918e-16  6.6226473e-16  -1.2298687e-16  3.1353682e-16  -3.0738696e-16  -1.5949015e-15  1.0000000   9.2681132e-16  -6.8613983e-17  -2.3029420e-18  9.2678533e-16  
8.6168390e-17  4.2920651e-16  -5.8084102e-16  -4.9712786e-17  -1.4434826e-16  2.9693724e-16  5.9724303e-16  1.0000000   -2.1730711e-16  -1.3404726e-16  1.6056039e-16  
-9.4160186e-18  -4.6248053e-16  -4.5556370e-16  -9.4900484e-16  -1.1241129e-15  5.0741488e-16  2.9863126e-17  -2.5871772e-16  1.0000000   -1.8770919e-16  8.0421628e-16  
-5.8349325e-16  -1.7129329e-17  5.8216033e-17  1.1295746e-15  3.3697281e-16  2.3074107e-17  -4.0613942e-16  3.6643655e-17  -1.8519155e-16  1.0000000   -1.2609450e-15  
4.5031024e-17  1.1310342e-17  3.5684058e-16  9.7749084e-16  -2.7409224e-16  -1.0695112e-15  -1.5628605e-16  4.6314925e-16  7.8124644e-16  -1.1596197e-15  1.0000000   
