1.0000000   1.6440286e-16  -9.8495309e-17  6.4574714e-17  -3.0941278e-16  1.0054273e-16  6.5247966e-17  4.2565507e-16  -8.2687319e-17  -3.4927027e-16  -6.0486312e-17  
1.2877992e-16  1.0000000   -2.7862230e-17  -5.2542318e-17  3.8841731e-16  -1.7441009e-17  1.4601613e-16  2.7035506e-16  -2.1086245e-16  -5.0963126e-16  3.8763571e-17  
3.5339841e-17  -3.6864454e-17  1.0000000   -1.4825116e-16  -3.9749081e-16  -1.0181012e-15  -1.1358682e-16  -3.0169340e-16  1.8956760e-16  1.1079444e-15  -1.4137469e-15  
-1.4591429e-16  8.5015238e-18  -8.9165699e-18  1.0000000   -5.4219961e-18  3.9624606e-16  4.7103522e-16  -2.9962661e-16  -9.0244270e-17  6.2165764e-16  7.5546863e-16  
-6.4960601e-17  3.0475898e-16  -5.1688421e-16  -2.3058038e-17  1.0000000   2.5036220e-16  -4.3759321e-16  -6.8197502e-16  -2.8421622e-17  6.9046677e-16  1.8265232e-16  
2.3811910e-16  4.9155624e-16  -9.8293823e-16  4.9134081e-16  -1.4423893e-16  1.0000000   1.8276939e-16  4.8689291e-16  -7.9228632e-16  -1.6196339e-17  -1.2767709e-15  
4.1587108e-17  1.6268404e-16  -9.9620035e-17  5.2241403e-16  -3.2397469e-16  1.8555475e-16  1.0000000   3.7358534e-16  -6.5303261e-16  1.0748805e-15  4.8352983e-16  
4.0375760e-16  2.7179034e-16  -3.0955368e-16  -2.1937445e-16  -6.2980433e-16  5.2640712e-16  4.7359972e-16  1.0000000   1.4713894e-16  5.4427652e-16  6.9774254e-16  
2.6858503e-18  -1.1709956e-16  1.3620362e-16  3.1967197e-17  7.4267794e-17  -7.4522317e-16  -6.8129030e-16  1.9321952e-16  1.0000000   6.5015284e-16  6.4800053e-16  
-4.4796600e-16  -9.3250129e-16  1.2037593e-15  7.7220861e-16  3.3267320e-17  -2.4550159e-16  9.5439063e-16  6.0535585e-16  6.1163959e-16  1.0000000   3.8436703e-16  
-9.4532166e-17  -5.9871969e-17  -1.4099196e-15  7.5328747e-16  1.9172472e-17  -1.4022821e-15  4.3053443e-16  7.2450455e-16  7.1622904e-16  2.7922907e-16  1.0000000   
