1.0000000   2.0569277e-16  3.8846859e-16  1.0964682e-16  -3.0197331e-16  4.1468333e-16  1.1651657e-16  -4.4575511e-16  1.8140622e-16  4.3661396e-16  -2.0673178e-16  
1.9798829e-16  1.0000000   1.7037876e-16  -1.6001987e-16  -7.3156022e-16  -6.3910151e-16  -6.0537117e-16  5.6344343e-16  5.2785256e-16  3.2591456e-16  3.2562296e-16  
4.0090137e-16  -2.0202798e-16  1.0000000   -2.1195509e-16  2.0223403e-16  -5.7969439e-16  4.9432159e-16  -1.3985785e-16  -1.7723689e-16  6.1045162e-17  5.3678172e-16  
8.7470545e-17  -9.6671324e-17  -2.0344871e-16  1.0000000   -4.6553061e-16  -2.5426334e-16  9.3166406e-17  -5.4688808e-17  2.5068874e-16  6.6754876e-16  2.1233104e-17  
1.1224479e-17  -7.3670636e-16  2.4038116e-16  -4.5337435e-16  1.0000000   -1.7070817e-16  -3.7683010e-16  2.4538571e-17  6.4194506e-16  1.7386287e-16  1.3207980e-15  
1.7656792e-16  -4.7797572e-16  -4.7546445e-16  -2.8493845e-16  -1.5445206e-16  1.0000000   -1.3325246e-16  -9.8884389e-16  3.3987671e-16  4.4236371e-16  7.9831161e-17  
4.8321096e-16  -5.3459646e-16  6.0023619e-16  1.7854316e-16  -3.4737570e-16  -2.2354804e-16  1.0000000   -1.0363074e-16  -3.3736242e-16  7.5627983e-16  8.9797351e-17  
-1.0729935e-16  4.9348047e-16  -6.0942191e-16  -2.3884169e-17  -1.2706908e-16  -7.8575218e-16  -2.2921686e-16  1.0000000   -8.3177558e-16  2.3808254e-16  2.6055919e-16  
1.2492664e-17  5.2683184e-16  -1.4730589e-16  2.5035082e-16  6.1144798e-16  4.0322575e-16  -3.4799877e-16  -8.9092191e-16  1.0000000   -1.2819065e-16  -1.1937151e-15  
-2.0048055e-16  3.5308081e-16  9.2275558e-17  3.9236496e-16  1.7037959e-16  4.2148721e-16  8.8777092e-16  1.9645293e-16  -3.0417206e-16  1.0000000   -3.8298764e-16  
-9.1636001e-17  4.0972266e-16  4.2733320e-16  3.1548737e-16  1.4112950e-15  1.2774697e-16  6.1329421e-17  2.1745030e-16  -1.1505858e-15  -3.1967108e-16  1.0000000   
