1.0000000   -2.4781631e-16  3.1480752e-16  4.0784140e-16  -1.9839523e-16  -2.7817131e-16  2.8720552e-16  3.4371361e-16  4.0379857e-16  -4.3960817e-16  2.3831937e-16  
-1.8023321e-16  1.0000000   1.3660308e-18  2.5604292e-16  1.0146770e-16  -1.5055191e-16  -1.5254664e-16  -2.8361705e-17  1.4537417e-16  -1.8399349e-16  -2.7062748e-16  
-4.1883164e-16  -3.1621690e-17  1.0000000   9.0336325e-17  1.7920720e-16  -4.3832695e-16  4.2060528e-16  -9.0341053e-16  -5.5211770e-16  2.8742169e-16  7.9609609e-17  
7.0714949e-16  1.9515677e-16  6.1954199e-18  1.0000000   3.8901659e-16  -2.9627898e-16  -2.3242953e-16  -2.9732683e-18  1.8284347e-16  8.9962980e-16  2.0670861e-16  
-2.8720971e-16  8.6311507e-17  5.7849171e-17  3.4097246e-16  1.0000000   -8.7787289e-18  4.4305500e-16  -1.0532295e-15  -8.4847851e-16  -3.2510105e-16  -5.0610346e-16  
-2.5241658e-16  -2.5560995e-16  -3.6595746e-16  -2.4931420e-16  -1.2370925e-16  1.0000000   -3.6198568e-16  3.7171300e-16  1.9312680e-16  3.0146896e-16  2.4951642e-16  
2.8547657e-16  -1.6217409e-16  4.2785486e-16  -2.9087294e-16  7.3802619e-16  -3.2055754e-16  1.0000000   3.8970641e-16  -1.5704169e-16  -1.6091892e-16  2.5761427e-16  
3.2387082e-16  4.9539619e-16  -1.0514607e-15  -4.9530478e-16  -1.0328489e-15  5.6898885e-16  4.4698456e-16  1.0000000   9.5047416e-16  9.7282871e-16  -4.6619105e-16  
4.3342182e-16  8.0211300e-17  -4.6081104e-16  2.1856483e-16  -7.9797917e-16  2.4381290e-16  7.8642079e-18  6.0713402e-16  1.0000000   5.2105927e-17  -7.9629737e-16  
-5.6981046e-16  -3.2209587e-16  1.4304206e-16  7.5379929e-16  -3.4431230e-16  3.8609145e-16  3.4484620e-17  -1.9410701e-16  2.4019014e-16  1.0000000   -7.0047168e-16  
2.5714845e-16  -2.7466947e-16  1.8280003e-16  2.2934658e-16  -3.8775178e-16  6.8326760e-17  3.0418901e-16  -5.1373671e-16  -7.7639718e-16  -6.9670069e-16  1.0000000   
