1.0000000   3.7491528e-16  -4.2004235e-16  3.9856815e-16  3.6667280e-16  -3.9379868e-16  -3.3497674e-16  -1.1432417e-16  -2.4503430e-16  -5.1724183e-16  -4.4658647e-16  
4.0235498e-16  1.0000000   -3.0681644e-17  -4.1106955e-18  -1.3933675e-16  4.2005389e-17  2.1607812e-16  2.2741609e-16  3.2462869e-16  1.2895978e-17  1.6069551e-16  
4.6975500e-16  1.7548703e-17  1.0000000   2.5373175e-16  -3.9771092e-16  -3.0186306e-16  1.0347819e-15  1.0756221e-15  3.7105949e-16  6.5168052e-16  -6.0979826e-16  
2.3334372e-16  -1.4791532e-16  2.1673622e-16  1.0000000   1.1230084e-15  -3.6836731e-16  -5.2775330e-16  -3.3813351e-16  -1.5701110e-16  -1.0610293e-16  -1.1352368e-15  
-3.3485721e-17  -6.3944168e-18  -3.9127220e-16  1.1374427e-15  1.0000000   -4.6953360e-16  3.4023075e-16  -3.3548720e-16  -1.4017224e-15  8.8376324e-16  7.4100870e-16  
-1.4316622e-16  7.6742527e-17  -1.4911221e-16  -3.2653034e-16  -4.1824035e-16  1.0000000   5.5147554e-16  -3.0605218e-16  -2.2608530e-16  2.5184406e-16  3.5633583e-16  
-3.7693779e-16  6.6495507e-17  1.3657038e-15  -5.4590123e-16  1.3840313e-15  5.6448479e-16  1.0000000   1.0864937e-16  -1.3479014e-16  -3.2832936e-16  -4.0804838e-16  
1.0442601e-16  2.8450478e-16  8.2529562e-16  -3.5926042e-16  -9.7111740e-16  -3.0805275e-16  1.7768109e-16  1.0000000   -7.9037200e-17  -6.9486097e-16  -2.7071851e-16  
-2.8399337e-16  2.3440890e-16  4.8515925e-16  -1.2653656e-16  -8.2051837e-16  -2.3633345e-16  -1.4979085e-16  -1.2231938e-16  1.0000000   -5.1629774e-16  -3.9877083e-16  
-5.0794286e-16  9.0648621e-17  5.9077294e-16  -7.1365911e-17  1.1375363e-15  2.9198077e-16  -3.9689571e-16  -6.3831101e-16  -6.1376406e-16  1.0000000   7.3141761e-16  
-4.4814046e-16  -1.5777401e-16  -6.3193634e-16  -1.1155568e-15  -2.9678617e-16  3.4983819e-16  -2.3401826e-17  -3.8962330e-16  -2.7698824e-16  6.1849499e-16  1.0000000   
