1.0000000   -7.7730267e-17  -1.1557448e-16  -9.3360474e-17  3.5241175e-16  1.7927705e-16  2.7269885e-16  -5.4530402e-17  -2.3684402e-16  2.1033823e-16  -2.3456633e-16  
-1.2036255e-16  1.0000000   -6.0274261e-16  -1.0918931e-16  2.4993342e-16  1.6779480e-16  -6.9267884e-17  -1.3448821e-16  -7.1685700e-17  1.2995258e-16  -6.8660238e-17  
-7.1774730e-17  -1.5723277e-16  1.0000000   -3.8507336e-17  -6.0940722e-16  1.5870590e-16  3.5467469e-17  -4.0959937e-16  -5.2494254e-16  -4.3200989e-16  2.0951525e-17  
9.2623475e-17  -1.2930582e-16  -3.1890333e-17  1.0000000   1.2291649e-16  -1.3532824e-16  -9.6571941e-17  1.3072684e-16  3.2249348e-16  3.8608771e-16  3.4113175e-17  
-1.4493208e-16  1.1060949e-16  -1.8563036e-16  1.3391423e-16  1.0000000   -2.1710733e-17  -1.1406006e-15  2.4574543e-17  3.5104926e-16  3.2414056e-16  3.0244328e-16  
9.8948422e-17  1.9643323e-16  1.4785467e-16  -5.4902443e-17  -1.1658690e-17  1.0000000   -8.5992151e-16  -5.1261335e-16  1.0959852e-16  -3.2894144e-16  -1.1494735e-15  
-3.3470406e-16  -1.0209988e-16  -2.6529642e-17  -6.2673730e-17  -1.1054004e-15  -9.3613655e-16  1.0000000   -1.5638796e-16  5.1647645e-16  5.0452367e-16  4.8053704e-16  
7.6688739e-17  -2.0975278e-16  -3.5399743e-16  1.5959533e-16  1.6075584e-16  -5.3892850e-16  -3.6793465e-16  1.0000000   -4.4979755e-16  5.7266194e-18  -6.8819902e-16  
1.4469482e-16  -1.1222284e-16  -4.1242912e-16  2.5530207e-16  4.8205365e-16  1.3942614e-16  4.2934106e-16  -4.8115564e-16  1.0000000   4.2331573e-16  -7.4127241e-17  
1.3880713e-17  1.8349732e-16  -4.0017922e-16  2.6201489e-16  3.4385724e-16  -2.9086567e-16  5.1792555e-16  -5.5739536e-17  5.8898262e-16  1.0000000   5.9279664e-16  
-3.0387105e-17  -6.5168692e-17  3.9264570e-17  -4.1085263e-16  4.0818518e-16  -1.3632838e-15  3.7169076e-16  -7.0423674e-16  -5.6678363e-17  4.8356730e-16  1.0000000   
