1.0000000   1.7692117e-16  -5.9139935e-17  -2.1337253e-16  1.4160656e-16  -7.8584560e-17  -3.5742840e-17  9.4872526e-17  6.6371521e-17  -9.2659270e-17  -1.8603547e-16  
1.9049588e-17  1.0000000   -9.6004024e-16  -3.4059854e-16  6.1160676e-17  4.1117454e-16  -5.4268649e-16  1.1314014e-16  7.5726734e-16  -6.8722296e-16  9.1532921e-17  
1.3387988e-16  -1.0643352e-15  1.0000000   -9.3663930e-16  2.3046881e-16  -7.2894440e-16  1.2555626e-17  -1.3497473e-15  2.3607054e-16  2.2107027e-16  -5.0824836e-16  
-5.3916333e-18  -1.9059087e-16  -8.8598889e-16  1.0000000   1.4151505e-15  -3.5205095e-16  5.7163479e-16  -4.4801157e-16  -4.1205992e-16  2.8047045e-16  3.9589981e-16  
5.9581847e-17  8.8704500e-18  1.2710548e-16  1.1920645e-15  1.0000000   -6.7746052e-17  3.7754846e-16  -1.4722993e-16  1.5057794e-16  5.3593185e-16  2.0060070e-17  
3.3317539e-17  7.7955611e-16  -7.0398700e-16  -3.8999941e-16  -1.0366611e-16  1.0000000   -1.8633620e-17  3.2635227e-16  -2.0483779e-16  1.6859586e-16  -4.1474799e-16  
-5.1673098e-17  -6.5598496e-16  -4.6304306e-17  8.4281134e-16  4.6815147e-16  -8.9258380e-18  1.0000000   5.3623393e-17  9.8518063e-16  1.7594008e-16  3.8967581e-16  
5.2642234e-17  1.2951823e-16  -1.2691545e-15  -4.4907986e-16  -1.5924313e-16  4.2587398e-16  -1.1644778e-16  1.0000000   -2.9912780e-16  -2.3386696e-16  -2.3554059e-16  
-5.3222076e-17  6.0339208e-16  5.9114678e-17  -3.4201465e-16  1.8078856e-16  -7.8686920e-16  8.6463075e-16  -3.4107138e-16  1.0000000   8.0883875e-17  5.6947656e-16  
3.3261006e-17  -5.6921107e-16  3.9456622e-16  2.2835639e-16  6.0299597e-16  1.6044436e-16  -2.8521475e-17  -1.7602614e-16  -7.8488014e-17  1.0000000   5.2031116e-18  
1.9994165e-16  -3.7062774e-17  -8.8693392e-16  4.3908240e-16  -7.4236085e-17  -5.9825429e-16  4.0159685e-16  -1.2497505e-16  -2.1018043e-16  3.5317250e-17  1.0000000   
