1.0000000   -3.4069366e-16  1.2965692e-16  -2.6242464e-17  -2.5523403e-16  2.2498874e-16  -1.5515792e-16  -2.9604197e-17  7.7062007e-17  2.6958963e-16  -2.6463887e-16  
-3.2758611e-16  1.0000000   -6.3605831e-16  -1.1965939e-15  7.1788190e-16  4.2752838e-16  8.3545718e-16  2.8512882e-17  -4.7455346e-16  -3.6342188e-16  -4.5021072e-17  
-6.5414503e-17  -6.6604783e-16  1.0000000   1.5378283e-17  2.0068916e-16  2.7078401e-17  5.6086718e-16  -1.5778472e-16  2.4712055e-16  8.0507197e-17  -6.2178325e-16  
-1.5667013e-17  -1.1095413e-15  -3.1350572e-17  1.0000000   -5.7816312e-17  6.0362471e-16  5.3761247e-16  -3.1635191e-16  3.9249788e-16  4.7009880e-16  2.8443982e-16  
-1.9666935e-16  5.3302025e-16  1.4384008e-16  -1.2104338e-16  1.0000000   -1.2136426e-16  3.8833506e-16  1.8092442e-16  1.5888291e-16  8.0231409e-16  3.7020612e-16  
4.0801846e-16  1.6574745e-16  -2.4695376e-17  5.0866808e-16  -1.3480115e-16  1.0000000   5.5268234e-16  6.3741350e-16  2.6654633e-17  -6.6422090e-16  -1.0299733e-15  
9.9657881e-17  8.1135834e-16  6.4408837e-16  4.8119819e-16  2.8350848e-16  4.0252170e-16  1.0000000   5.1829779e-16  -5.2432201e-17  1.1735802e-16  4.7241989e-16  
-9.8444471e-17  6.6630709e-18  -1.5215579e-16  -2.9949420e-16  1.9853260e-16  5.3409452e-16  5.5584448e-16  1.0000000   1.6966765e-16  3.2178547e-18  -1.6129812e-17  
2.8786058e-16  -5.0991222e-16  2.6064299e-16  4.2961077e-16  1.7050328e-16  8.5383360e-17  7.6505365e-17  1.8549978e-16  1.0000000   8.8690669e-16  6.6378711e-16  
1.9619311e-16  -2.9724880e-16  5.1436494e-17  5.3545095e-16  8.0159008e-16  -7.0254737e-16  1.4170926e-16  -6.7760742e-17  9.2092130e-16  1.0000000   -3.9422840e-16  
-1.7350543e-16  -2.2277729e-16  -4.4431260e-16  6.5970059e-16  6.9323225e-16  -2.7980449e-16  3.9935493e-16  7.5820341e-18  5.7293605e-16  -4.5274652e-16  1.0000000   
