1.0000000   -7.4493223e-17  -1.1404381e-16  1.0398296e-16  -2.9626758e-16  -9.0314881e-16  -1.2712935e-17  -2.1195590e-16  4.4946754e-16  3.0780137e-17  -3.5446377e-18  
-1.3140651e-16  1.0000000   1.4037284e-16  -9.0276763e-16  3.5636533e-16  3.3681505e-16  -3.7690595e-17  2.9245434e-16  7.6529487e-16  3.8949946e-16  5.2298589e-16  
6.9055484e-17  1.9410185e-16  1.0000000   1.8808510e-16  2.5102812e-16  -3.9083820e-16  -1.2167717e-15  -1.7731634e-16  6.7517430e-16  1.1267125e-16  1.6598606e-16  
7.4243716e-17  -7.9687375e-16  2.6460628e-16  1.0000000   -6.1811425e-16  -9.2908913e-16  8.4641528e-16  -6.9931035e-16  -1.6888485e-16  3.8702330e-16  1.7550142e-16  
-4.8359512e-16  3.2324069e-16  2.1498927e-16  -5.9518687e-16  1.0000000   -3.8149806e-16  -1.0120009e-15  1.3037159e-15  2.6224114e-16  5.2912118e-17  8.7240833e-16  
-7.6106807e-16  2.7695989e-16  -4.0151289e-16  -8.7490502e-16  -3.8134397e-16  1.0000000   -8.5719550e-16  3.3151899e-16  2.3300771e-17  1.9816144e-17  -2.8526503e-16  
-9.9796457e-17  -1.3052841e-16  -1.1879938e-15  1.1789592e-15  -9.6023208e-16  -8.1334142e-16  1.0000000   -1.2799151e-15  1.6437568e-17  -6.6581348e-16  2.5406796e-16  
-1.6829127e-16  5.9850726e-17  9.3413335e-17  -2.2759664e-16  1.2319530e-15  3.3460719e-16  -1.3547243e-15  1.0000000   -1.2605589e-16  3.0844842e-16  2.7338835e-16  
3.9888016e-16  6.7898994e-16  7.0268017e-16  -1.1787750e-16  1.9190050e-16  3.3961660e-17  9.7688465e-17  -8.9065306e-17  1.0000000   4.7166289e-16  -9.5633408e-17  
-2.4911324e-16  2.9376267e-16  1.1196970e-16  5.6077328e-16  -3.1250141e-17  -1.0625009e-16  -7.6001088e-16  3.0120063e-16  5.0529982e-16  1.0000000   2.1016412e-16  
5.9887387e-17  5.4816018e-16  1.6965350e-16  2.0226321e-16  8.5458736e-16  -9.7385919e-17  2.1288818e-16  1.7430159e-16  -1.5563468e-16  1.3881515e-16  1.0000000   
