1.0000000   1.5473587e-16  -1.6619904e-17  -7.0081828e-17  -2.1645980e-16  -1.6534607e-16  1.9286734e-16  -2.0136145e-16  -3.6255356e-16  -2.0599782e-16  4.3833704e-17  
2.9096697e-16  1.0000000   -1.0318509e-16  9.6376319e-16  6.9204193e-17  -3.2321168e-17  4.9455539e-16  1.0801820e-16  -5.0841211e-16  2.7442678e-17  1.5919471e-16  
-2.0567608e-16  -5.0473520e-17  1.0000000   -3.2246068e-17  4.1352388e-16  -2.6950055e-16  6.4410498e-16  -1.6029473e-16  -1.3980359e-15  -1.4028473e-16  6.3108190e-16  
7.2416124e-17  9.5562053e-16  -1.2453243e-16  1.0000000   -1.9628953e-16  -1.3773735e-17  -4.1820352e-16  -9.8321212e-16  -3.0820752e-16  -1.9744226e-17  -1.4246552e-15  
-6.7557805e-17  7.8161410e-17  4.4636440e-16  -4.8687338e-17  1.0000000   -9.0031382e-17  2.3908992e-16  -3.9587145e-16  -3.1650475e-16  -7.3653027e-17  2.2977336e-16  
-2.6220763e-16  -1.2636562e-16  -2.7963598e-16  -5.6572034e-17  -6.9054770e-17  1.0000000   6.8823989e-17  2.1117249e-16  -2.2327214e-16  2.4337260e-16  9.3572153e-17  
2.5527389e-17  2.0380346e-16  9.1950193e-16  -3.1804254e-16  4.4928334e-16  2.2210658e-16  1.0000000   -6.7255326e-18  2.0229409e-16  -1.1304742e-16  -6.8273757e-16  
-2.6640251e-16  -9.8683059e-17  -3.6512480e-17  -8.3684207e-16  -2.0999746e-16  3.6805183e-16  1.9275359e-16  1.0000000   -1.5598965e-17  -1.7238865e-16  -3.2639568e-17  
-2.8877248e-16  -4.0169334e-16  -1.4376687e-15  -3.6445632e-16  -3.2975782e-16  -2.9937971e-16  2.0374435e-16  1.6249843e-16  1.0000000   -5.0706757e-17  3.3539964e-17  
1.4021033e-16  2.2458815e-16  -1.3325813e-17  -9.1595304e-17  -1.1314777e-16  2.2918099e-16  -3.0329045e-16  -4.5434876e-16  6.0148852e-17  1.0000000   7.0718781e-18  
-1.2047246e-16  3.9869841e-17  6.5804634e-16  -1.4635730e-15  2.3890670e-16  4.1140814e-17  -6.9463796e-16  -3.0638029e-17  5.4439655e-17  6.5162245e-18  1.0000000   
