1.0000000   6.1383706e-17  -6.9657125e-18  4.3819046e-16  3.6305981e-16  6.9043858e-17  1.2410227e-16  2.1851853e-16  7.3323282e-16  -1.6865435e-16  -1.3377575e-16  
6.2244675e-18  1.0000000   2.4892660e-16  -8.9093907e-16  -4.8330004e-16  -1.1099340e-15  5.9327328e-16  -8.8997525e-16  -2.6970933e-16  -1.7447932e-16  9.2894041e-16  
-8.8348966e-17  1.7572493e-16  1.0000000   -1.0938916e-16  2.8377946e-17  -2.2374295e-15  8.4843681e-16  -5.2762889e-16  1.6939752e-17  1.9353292e-15  -1.0506851e-16  
5.0476232e-16  -5.6752753e-16  -2.5348816e-16  1.0000000   4.4419895e-17  -1.2688971e-16  4.5967017e-16  -8.7041966e-17  9.6348165e-16  8.5322866e-16  4.8490815e-16  
3.9890481e-16  3.9937709e-16  9.1526000e-17  7.9094093e-17  1.0000000   -8.4152937e-16  9.5051794e-17  4.2315155e-16  -1.9696609e-16  -3.4764592e-16  -2.3932069e-17  
-1.0887590e-17  -7.2710905e-16  -2.2316990e-15  -1.1349486e-16  -9.3945014e-16  1.0000000   -9.9295099e-16  7.5883203e-16  1.2207125e-16  9.5683736e-16  -3.1529954e-17  
2.7550207e-16  8.4517051e-16  8.2231631e-16  4.8858127e-16  3.5787307e-16  -8.2015077e-16  1.0000000   1.2851470e-16  -5.3344219e-17  -1.1045179e-16  -2.6382705e-16  
-7.5767829e-18  -8.6527720e-16  -4.9408731e-16  -5.2212931e-17  3.2994691e-16  6.4555315e-16  1.3142196e-16  1.0000000   -4.7498823e-16  4.4319367e-16  -3.9264551e-16  
6.0643965e-16  -9.3786325e-17  -8.8279011e-17  9.6565548e-16  -3.6809302e-16  -5.6100461e-17  -2.4316598e-16  -4.3736072e-16  1.0000000   7.6870608e-17  -8.1421635e-16  
-3.0536124e-16  -1.7614929e-16  1.9454624e-15  9.2221721e-16  -2.9693948e-16  9.4490579e-16  -1.9428655e-16  4.2927130e-16  1.0230079e-16  1.0000000   -1.7640000e-15  
2.3321129e-17  7.5112262e-16  -2.3825936e-16  6.9538525e-16  5.1504537e-16  1.8221627e-16  1.2659839e-16  -4.9393710e-16  -7.4194115e-16  -1.7427400e-15  1.0000000   
