1.0000000   2.9810577e-17  4.4268918e-16  -3.1104009e-18  1.2534538e-16  7.8727258e-16  6.6896363e-17  2.0169393e-16  2.1092300e-16  5.5546461e-18  1.8430528e-16  
4.7854277e-17  1.0000000   9.0059495e-17  -1.1127783e-16  1.8185571e-16  -4.0689915e-16  1.1102803e-16  3.9587393e-16  -1.9155176e-16  1.7727163e-16  3.0852496e-16  
4.0817658e-16  -3.7182427e-18  1.0000000   5.0446983e-16  -4.6078925e-16  -1.2016935e-15  -9.6662772e-17  -5.1315163e-16  4.3356894e-16  -1.1776607e-15  -3.6617880e-17  
2.5694283e-16  1.3238894e-16  3.5142826e-16  1.0000000   3.9781094e-16  1.6907407e-16  -5.0168520e-16  2.2411257e-17  9.2770309e-16  1.0280780e-15  4.5413896e-17  
-1.1412277e-16  2.4683886e-16  -4.4244231e-16  4.9205179e-16  1.0000000   -5.4736723e-16  -5.0552106e-16  -1.3613831e-16  6.1325225e-16  6.4512732e-17  3.7177229e-16  
6.7679733e-16  -3.6319651e-16  -1.2556117e-15  1.7226097e-16  -4.5343190e-16  1.0000000   4.8855122e-16  -2.2583130e-16  -1.6706473e-15  1.3318658e-15  7.1954814e-17  
1.4832270e-17  -2.4096636e-16  2.0687331e-17  -2.7177994e-17  -5.5789690e-16  4.8239083e-16  1.0000000   2.0177900e-16  -4.2148097e-17  -2.9728572e-16  -2.4217953e-16  
5.5047801e-17  3.9176580e-16  -4.6876297e-16  -1.7994090e-16  -1.6655764e-16  -2.5591036e-16  2.7247408e-16  1.0000000   -2.8112856e-17  1.7391319e-16  1.3009558e-16  
1.7147145e-16  -1.6704840e-16  3.8275714e-16  9.4805448e-16  5.6919347e-16  -1.4507244e-15  -1.0735799e-16  -4.7075396e-17  1.0000000   1.9760927e-16  -8.7886484e-17  
-2.4736766e-16  2.2436077e-16  -1.2169341e-15  1.0056045e-15  1.9158031e-16  1.2638618e-15  -3.0120708e-16  9.2763953e-17  2.4357399e-16  1.0000000   2.7987324e-16  
2.2557383e-16  2.1542222e-16  1.0251634e-16  1.9045688e-16  3.7465538e-16  8.8164907e-17  -8.7318959e-17  8.7898303e-17  -9.8869775e-17  3.6832148e-16  1.0000000   
