1.0000000   -1.6924558e-16  4.8405631e-17  3.1665400e-16  2.8196864e-16  -1.1857208e-16  -3.2690578e-16  -2.9894796e-16  -3.8154057e-16  4.3024302e-16  7.1223639e-17  
5.8565645e-17  1.0000000   1.9557178e-16  6.3509913e-16  -2.6492367e-17  -1.3143800e-16  -3.4877118e-16  3.1533779e-17  -6.2519582e-16  -3.0279155e-16  2.2216116e-16  
2.8765627e-16  2.7656931e-16  1.0000000   1.0092684e-15  -3.9832070e-16  6.1013030e-16  1.0891975e-15  -2.0768244e-17  -1.0932023e-16  -4.8070811e-16  1.6295135e-16  
2.2084883e-16  8.6140368e-16  9.8163361e-16  1.0000000   1.9770134e-16  2.6684363e-17  1.6150291e-16  -1.3806586e-16  1.1733783e-15  -1.3946011e-16  3.3089681e-16  
4.6034142e-16  -3.4334146e-17  -3.8453037e-16  9.6902091e-17  1.0000000   6.5013321e-16  -3.3871048e-16  8.3550172e-17  -1.7369083e-16  5.8699081e-16  3.3129153e-17  
-1.6919581e-16  -1.6736413e-16  6.7763146e-16  1.9172578e-17  6.7086725e-16  1.0000000   6.0243816e-16  9.2953964e-16  3.3765961e-16  2.6969952e-16  2.1779504e-16  
-1.8971728e-16  -4.0769149e-16  1.1128179e-15  2.6346557e-16  -3.2228238e-16  7.2453271e-16  1.0000000   -3.0901262e-16  -7.4846585e-16  -1.7136784e-16  7.8726291e-16  
-1.9441304e-16  1.4406942e-17  -3.3447922e-17  -2.1312189e-16  -1.2880691e-18  9.1578441e-16  -2.1189713e-16  1.0000000   1.8986672e-17  -3.4581412e-16  -5.0569497e-16  
-2.5159355e-16  -6.0932479e-16  -3.8832226e-16  1.5590764e-15  -2.6301801e-16  2.3227565e-16  7.3524850e-16  -6.6517853e-17  1.0000000   6.7720291e-16  9.4187946e-17  
5.1042644e-16  -3.2237063e-16  -7.9060808e-17  -4.4070357e-16  7.4147860e-16  3.9110846e-16  -1.2381208e-15  -5.5454595e-16  7.5560718e-16  1.0000000   -7.3346023e-16  
-5.6352440e-17  2.3666842e-16  1.5065413e-16  3.8203219e-16  9.1809901e-17  8.6211013e-17  8.6989945e-16  -3.2560751e-16  6.8225539e-17  -6.7759586e-16  1.0000000   
