1.0000000   7.2056013e-17  -1.2360873e-16  -1.2569080e-16  -1.6469641e-17  -3.9548120e-17  -2.0984658e-17  3.7627166e-16  3.2230392e-16  -3.0617411e-16  1.9741933e-16  
-4.1443282e-17  1.0000000   1.3050573e-17  -4.3846585e-16  -7.2011065e-17  2.0941338e-18  1.0585679e-16  3.6278521e-16  -2.1503157e-16  2.2469855e-16  -6.2019304e-16  
2.8927099e-16  3.4278035e-17  1.0000000   -7.6471268e-16  7.5226073e-17  3.0958731e-16  -2.8396681e-16  -1.4504203e-16  -9.5592554e-17  4.8657637e-16  -5.2989026e-16  
-4.4013893e-17  -8.4095482e-16  -7.2297194e-16  1.0000000   9.6640006e-16  6.0649809e-17  -7.2112217e-16  -2.3970851e-16  6.8647355e-16  -3.4997807e-16  6.3902940e-16  
1.6312307e-16  -5.0187550e-17  1.7606420e-16  9.9296810e-16  1.0000000   8.2380162e-16  8.3121785e-16  -3.9999275e-16  -2.9260299e-16  1.6011374e-16  -1.8572700e-16  
-8.1063669e-17  9.8093000e-17  2.8994947e-16  -5.5282507e-17  7.5744104e-16  1.0000000   3.0167783e-16  3.7875612e-16  5.9958025e-16  5.9307538e-16  -5.3574420e-17  
9.2460294e-17  1.1309846e-16  -1.0358257e-16  -7.4332552e-16  6.4585392e-16  4.1143066e-16  1.0000000   3.5920473e-16  4.1017682e-16  -7.1174854e-16  4.2544835e-16  
3.1117676e-16  3.7051791e-16  -2.0387494e-16  -2.5026982e-16  -3.3044031e-16  3.3214639e-16  3.8540930e-16  1.0000000   8.6482655e-16  -1.6847732e-15  -2.1739838e-16  
2.0648904e-16  3.0699435e-18  -1.4244503e-16  4.8940492e-16  -3.0154813e-16  6.9496298e-16  3.8278933e-16  7.4881122e-16  1.0000000   -1.4691019e-15  -7.3295851e-16  
-2.9987375e-16  -1.5371913e-16  3.8142753e-16  4.3482702e-17  2.0636797e-16  3.1485395e-16  -6.6994359e-16  -1.6259426e-15  -1.3242017e-15  1.0000000   1.2483379e-16  
1.7430297e-16  -6.5327360e-16  -4.4946702e-16  5.6595664e-16  -1.6508964e-16  -3.7284102e-17  3.9007579e-16  -1.6422395e-16  -5.9214366e-16  5.6377421e-17  1.0000000   
