1.0000000   -2.9621215e-17  2.5478157e-17  2.6425732e-16  -6.2290438e-17  -5.5176253e-17  4.0196572e-17  1.5652953e-16  -2.2713388e-16  6.5016961e-17  -8.6489628e-17  
-2.3020678e-17  1.0000000   3.4321698e-16  -5.1252881e-16  -1.2124371e-16  1.3504905e-16  2.3334693e-16  1.0858437e-16  2.5333716e-17  -5.2800822e-16  3.6376082e-16  
-3.6451183e-16  3.5238028e-16  1.0000000   -1.7171935e-16  1.4552211e-16  9.0445533e-16  -1.6282681e-16  8.3802277e-16  -1.0458080e-15  2.1445674e-16  -1.2526714e-16  
4.4381777e-16  -5.5497512e-16  -1.2481195e-16  1.0000000   -2.5994914e-16  -6.2329615e-16  7.2617141e-16  -5.2676941e-16  4.0185789e-16  1.6067780e-15  2.7855955e-16  
2.4014916e-16  -1.2177013e-16  1.8533867e-16  -2.4512676e-16  1.0000000   -1.0869877e-16  -4.7175171e-17  2.6314091e-16  -3.9853775e-16  4.7590169e-16  -6.2986162e-16  
-1.0167770e-16  1.4534444e-16  1.1254259e-15  3.8167380e-16  -2.6252253e-16  1.0000000   9.1769773e-16  -2.4390318e-16  3.2273063e-16  7.5057938e-16  -5.5405442e-16  
3.1138379e-16  2.7743409e-16  -1.6122286e-16  6.8956554e-16  -3.0635690e-17  9.2736428e-16  1.0000000   -2.2340803e-16  1.2328852e-16  5.5648960e-16  -9.7676398e-18  
3.3276046e-16  1.0547942e-16  8.0537121e-16  -6.9201577e-16  2.8424490e-16  -2.7801284e-16  -1.9351142e-16  1.0000000   2.0130204e-16  1.6138181e-16  -1.2539493e-16  
-4.2826106e-16  1.2370249e-16  -1.2151025e-15  -4.5869220e-16  -2.8018446e-16  -7.7689688e-17  7.8451644e-17  2.7151725e-16  1.0000000   7.2456736e-16  7.1334320e-16  
2.9584788e-16  -1.4640149e-16  -5.0279422e-16  -5.3105961e-16  7.3897192e-16  -4.2227082e-16  5.4288638e-16  2.9050807e-16  1.0482867e-15  1.0000000   -5.5111267e-16  
-1.2608596e-16  3.3426401e-16  -1.0959113e-16  4.1100739e-16  -6.6057161e-16  -4.2790474e-16  -2.4437410e-17  -1.3095375e-16  7.9468970e-16  -5.5963742e-16  1.0000000   
