1.0000000   -3.1404905e-16  1.8504051e-17  -1.7184215e-16  -1.1293200e-16  2.0607325e-16  3.4950136e-16  -1.0800295e-16  -4.1675329e-17  2.6798944e-16  -1.0423672e-17  
-2.8282346e-16  1.0000000   -5.4875663e-16  -4.8294626e-16  7.0260431e-16  -8.0966612e-17  -2.3128562e-16  -3.8298245e-16  -2.5277984e-16  4.0151567e-16  -9.4263001e-17  
-1.2476815e-16  -5.7720612e-16  1.0000000   -4.3095095e-16  -1.7633463e-16  -2.6009206e-17  5.8060388e-18  -1.7818418e-16  2.3855529e-16  7.4218121e-17  -5.1330034e-17  
-9.3967118e-17  -9.5493530e-16  -4.3089414e-16  1.0000000   -5.6476719e-16  -2.9809526e-16  5.2246059e-16  -1.2963804e-16  -4.1825166e-17  -4.3188335e-16  -2.4658145e-17  
-2.2268598e-16  7.2169758e-16  -1.9789912e-16  -5.6819387e-16  1.0000000   -1.1237466e-15  -8.2772483e-17  -1.6710118e-16  -6.2668391e-17  1.4231672e-16  2.6456439e-17  
1.8771575e-16  -3.9900605e-16  -1.4364924e-16  -6.9679160e-16  -1.1618493e-15  1.0000000   7.0631700e-16  3.4120061e-16  1.5389605e-16  -1.5507855e-15  -5.6518587e-17  
2.2389641e-16  -2.4416071e-16  8.2003065e-17  5.2710428e-16  2.0042870e-16  7.0650700e-16  1.0000000   2.0266109e-16  2.5118791e-17  -3.3096452e-17  6.9481591e-17  
-4.1714756e-17  -5.0851400e-16  -1.9956116e-16  -8.2912145e-17  -1.0114548e-16  8.0097282e-16  2.0547943e-16  1.0000000   3.8814024e-16  -1.3597947e-15  -1.2868292e-16  
3.0856237e-16  -1.2812337e-16  1.6676596e-16  -2.5421732e-16  1.2918475e-16  -7.3659291e-16  5.3911072e-17  3.0359099e-16  1.0000000   -2.2343671e-16  7.8587180e-18  
3.2305581e-16  2.7512236e-16  1.1302553e-16  -1.4803709e-16  1.8332841e-16  -4.0280958e-16  -9.6172992e-18  -1.1965973e-15  -3.2992689e-16  1.0000000   2.6567249e-17  
-5.1239752e-17  -5.4007866e-17  -5.4462336e-17  -1.2611560e-17  2.3198928e-17  -7.9251131e-17  6.9488474e-17  1.1037414e-16  -1.2567318e-17  -4.2275722e-17  1.0000000   
