1.0000000   -1.1457878e-16  2.3612332e-17  -8.8731952e-17  5.6916351e-17  3.0136082e-17  3.6712219e-18  -4.7730744e-17  -1.9756081e-16  2.4326399e-17  6.9034191e-17  
-9.8564650e-17  1.0000000   4.7644653e-17  3.5329007e-16  5.8079048e-16  -8.1521504e-16  -1.5632761e-16  5.4916582e-16  -4.0357385e-16  1.3463869e-15  3.0982523e-17  
-9.3115665e-17  4.6532730e-17  1.0000000   -5.1459889e-16  2.2401805e-16  -1.1700173e-16  -6.6137138e-16  1.8293580e-16  3.1660105e-16  -1.7295285e-16  -7.8076448e-16  
-7.8053222e-17  2.1795917e-16  -3.8193050e-16  1.0000000   5.1834184e-16  4.7472880e-16  9.7654497e-16  -9.2942548e-16  -4.3324500e-16  -7.8810882e-17  -2.2062879e-17  
8.7448804e-17  4.7937183e-16  2.4104258e-16  6.4511583e-16  1.0000000   8.6312568e-17  1.8095095e-16  1.7565043e-17  2.9427301e-16  -6.3427377e-16  6.4680958e-17  
1.5506607e-16  -1.0695483e-15  -4.5166715e-16  2.8697545e-16  -4.0008054e-18  1.0000000   7.0478858e-16  3.0282368e-16  -1.0824943e-15  6.7988302e-16  7.8346694e-16  
-1.5899901e-16  -1.8365099e-16  -8.3367907e-16  1.0298640e-15  2.6723666e-16  6.8821578e-16  1.0000000   -5.8014347e-16  7.1835823e-16  -3.9576026e-16  -6.1884905e-16  
3.1074174e-17  7.1547138e-16  6.3343606e-17  -1.3767791e-15  -1.9314091e-16  1.7513652e-16  -4.7418448e-16  1.0000000   -7.1434643e-16  4.1118082e-16  -3.3507915e-16  
2.1120980e-16  -6.0153643e-16  5.7864717e-16  1.0611658e-15  4.5207535e-16  -2.9784448e-16  5.3726146e-16  -7.3752783e-16  1.0000000   -1.1901323e-16  -5.3079955e-16  
-3.9609198e-17  1.3242279e-15  -2.0314482e-16  -2.5367184e-16  -6.5199778e-16  5.8026069e-16  -5.2267909e-16  2.4612614e-16  -1.5365228e-16  1.0000000   2.5891561e-16  
6.3120068e-18  1.0632549e-16  -8.2894032e-16  -2.4057430e-17  2.8501600e-17  8.6083238e-16  -7.0096831e-16  -2.8232003e-16  -5.2897971e-16  1.6358690e-16  1.0000000   
