1.0000000   2.6371695e-16  -3.3062754e-16  3.3846744e-16  -9.2751946e-17  -3.8890899e-16  4.0449564e-16  4.0758666e-16  1.0843933e-16  -1.4686221e-16  -1.6523410e-16  
2.8330489e-16  1.0000000   4.1867601e-16  1.8550018e-16  3.1574680e-16  3.6726406e-16  1.7410416e-16  -7.4625379e-17  -1.4715674e-16  5.2073333e-16  2.5855515e-17  
-3.9645364e-16  4.2008330e-16  1.0000000   4.4854489e-16  -2.1958061e-16  -6.6893385e-16  -2.2389627e-16  -2.2033110e-16  2.7253539e-16  -5.6737065e-16  -9.0377357e-17  
3.2063223e-16  1.8478407e-16  4.6040263e-16  1.0000000   1.0315193e-15  -3.8382554e-17  -4.8323068e-16  -1.0355114e-15  -2.6917568e-16  -2.2328165e-16  4.3355000e-16  
-1.4955097e-16  -4.3379920e-17  -2.4405878e-16  7.5616933e-16  1.0000000   -3.1854170e-17  3.3087362e-16  2.0526308e-16  2.3562506e-16  1.7310611e-16  2.7742362e-16  
4.1219209e-17  3.0303475e-16  -6.6676341e-16  -1.4630305e-16  -8.1861234e-17  1.0000000   3.2754765e-16  -1.7614644e-16  -3.4406611e-16  -5.6823367e-17  -4.9702496e-16  
-3.5641388e-17  2.3267714e-16  -2.6701123e-16  -4.6979757e-16  3.2289773e-16  2.8033351e-16  1.0000000   -1.3888853e-16  -5.3588214e-16  -1.1157883e-16  5.5175726e-17  
3.2634332e-16  -4.2986943e-17  -3.3069760e-16  -1.0287933e-15  2.1588387e-16  -1.5546877e-16  -7.6061812e-17  1.0000000   -1.2875090e-16  -1.3587374e-16  -9.5720991e-16  
2.6978589e-16  -2.2069344e-16  2.3730164e-16  -3.1734056e-16  2.1802514e-16  -3.6753716e-16  -5.5023894e-16  -1.0534906e-16  1.0000000   -2.8429000e-16  -5.6715632e-16  
-2.8857630e-16  5.6442740e-16  -7.3205408e-16  -1.9921611e-16  1.7186549e-16  -7.7781858e-17  -1.5135974e-16  -2.4371917e-16  -3.0647476e-16  1.0000000   1.8262115e-16  
-1.1722087e-16  1.7507323e-17  -5.1692091e-17  4.3207320e-16  5.6815074e-16  -3.7950634e-16  1.0932400e-16  -1.0994564e-15  -4.4646853e-16  3.0535622e-16  1.0000000   
