1.0000000   7.2722160e-17  1.6864708e-16  -4.0739558e-17  -1.8604065e-17  -1.2850229e-16  2.2771702e-16  -8.2623337e-17  -9.4470872e-18  -3.3623104e-17  -1.1565159e-16  
3.5964572e-17  1.0000000   -2.0944986e-16  1.0012650e-16  1.4143559e-17  2.6254097e-16  -4.2234473e-17  -7.9144259e-17  -9.8769784e-18  -3.0101731e-16  -2.0213367e-16  
-3.6486967e-17  -6.7893758e-17  1.0000000   -4.5620907e-16  -8.3899705e-16  3.3605271e-17  6.9227563e-17  9.0049361e-17  8.6996721e-16  -9.2632155e-17  -5.3012446e-16  
-1.9832196e-16  6.4502664e-17  -6.3523048e-16  1.0000000   -4.2157259e-16  1.9777936e-16  4.2777043e-16  -3.6689298e-17  -1.0037011e-15  1.4199020e-16  -2.1827870e-16  
-1.2359716e-16  1.2745127e-17  -8.6406152e-16  -1.6580561e-16  1.0000000   -1.7034682e-16  -2.7841254e-16  3.2128873e-16  -1.9841728e-16  6.8688704e-16  7.3260811e-16  
-1.0137689e-16  1.8768656e-16  -4.8022836e-16  3.7419899e-16  -1.8757632e-16  1.0000000   5.0046471e-16  6.2818098e-16  2.7090978e-16  -1.5359710e-16  -3.1430259e-16  
-1.5449878e-16  2.1971795e-16  2.6428093e-17  4.5256769e-16  -5.9478892e-17  -4.5003934e-16  1.0000000   4.2693108e-16  -6.3457804e-16  6.5719038e-17  -2.7214237e-16  
-1.2482151e-16  1.0651191e-18  -2.1471078e-17  -5.7661728e-17  3.6527344e-16  8.4430228e-16  6.1522514e-16  1.0000000   3.3769440e-16  2.0872497e-16  9.4901148e-17  
-7.4596195e-17  6.5423738e-17  6.6417535e-16  -7.9821577e-16  -1.8336550e-16  9.2429829e-16  1.1340938e-16  4.0272367e-16  1.0000000   -3.8636591e-16  -9.1661797e-16  
2.4794406e-17  -4.2465988e-16  -1.9601006e-16  2.1950388e-16  5.8966888e-16  6.6367769e-17  2.5616507e-16  1.5942412e-16  -3.4249844e-16  1.0000000   1.5216206e-16  
-1.4446623e-17  -1.8626281e-16  -4.9610847e-16  -2.5412852e-16  7.4711271e-16  -5.4756699e-16  -4.1914832e-16  2.9299590e-16  -1.0160700e-15  1.8314695e-16  1.0000000   
