1.0000000   6.0554581e-17  -6.3973505e-16  -3.2669527e-17  -5.2169416e-17  -9.6162581e-17  9.8911305e-17  -2.6669833e-17  -1.3480956e-17  -3.3321896e-16  2.7145326e-16  
-1.4535352e-18  1.0000000   -2.0064100e-16  -6.5065014e-17  -3.9715118e-17  -4.8826337e-16  -1.6208685e-16  -2.3068923e-16  9.3912106e-17  2.3688204e-16  3.7331568e-16  
4.8196676e-16  -2.2331106e-16  1.0000000   -6.8591971e-16  -9.6670684e-17  -4.1997894e-16  2.8676542e-16  -2.5261574e-16  1.8618593e-15  7.0386283e-16  -6.1024362e-16  
-3.0838796e-16  -7.9724060e-17  -7.5908214e-16  1.0000000   8.2997977e-16  -3.0534097e-16  -1.6005980e-15  4.9611705e-16  -7.5447737e-16  3.8440621e-16  2.7250130e-16  
-6.8505372e-17  -7.8297182e-17  7.4168360e-17  8.7582668e-16  1.0000000   -1.9891302e-16  -1.9158103e-16  4.4622303e-16  -2.4773557e-16  1.2426397e-15  9.0008262e-17  
-4.3476949e-17  -5.1181363e-16  -5.4363990e-16  -7.6315105e-17  -9.3230465e-17  1.0000000   -6.6044884e-17  6.8242258e-16  -5.2306085e-16  2.5965316e-16  7.7207223e-16  
2.7865148e-16  -1.3685734e-16  2.6240259e-16  -1.6018231e-15  -3.0443711e-17  -1.1383041e-17  1.0000000   5.8112184e-17  -8.4950645e-16  5.4337865e-17  -4.2894892e-16  
7.5378129e-17  -2.3307381e-16  -3.5347561e-16  6.3135010e-16  5.5271184e-16  7.4644827e-16  8.2563365e-17  1.0000000   -2.4151206e-16  1.6671778e-16  1.3672010e-15  
-2.3553773e-16  -9.8716044e-17  1.4633348e-15  -1.0447884e-15  -1.5586837e-16  9.8115830e-18  -8.2724477e-16  -1.3138746e-16  1.0000000   1.2602639e-15  -1.0811427e-15  
-3.6692465e-16  6.6705898e-16  1.4233145e-15  1.2893556e-15  1.1691464e-15  -1.1642158e-15  -1.9447751e-17  -6.5962009e-17  1.5766293e-15  1.0000000   6.8145495e-17  
2.8666917e-16  3.9005227e-16  -5.5552698e-16  3.0024576e-16  9.0683347e-17  7.9237010e-16  -4.3442287e-16  1.3383214e-15  -1.0860995e-15  1.0116538e-16  1.0000000   
