1.0000000   6.3394278e-17  -2.1940727e-16  -1.1926536e-16  2.9860414e-16  1.3067597e-16  2.1159889e-17  -1.2863691e-17  2.5581600e-16  -6.7455783e-17  1.1701045e-17  
4.5849116e-17  1.0000000   -6.8514443e-16  -7.4427789e-16  6.8394333e-18  3.2386886e-16  -1.2240248e-15  1.8898079e-16  1.4037526e-16  -4.6147289e-16  -5.3487870e-16  
2.6606288e-16  -5.6040862e-16  1.0000000   -2.0960307e-16  1.2032603e-16  -2.8110046e-16  8.9212837e-17  -1.3635754e-16  3.7109890e-16  -2.6396935e-17  1.0011167e-16  
-1.8581721e-16  -4.5108793e-16  -4.2224769e-16  1.0000000   3.2052416e-16  -7.3271839e-17  -2.4782560e-17  1.5366204e-16  -4.0856821e-16  4.5190740e-16  1.4819583e-16  
1.3702722e-16  4.7474737e-17  1.4270112e-16  3.1190288e-16  1.0000000   1.1030219e-15  -8.3610319e-17  -1.7629331e-17  1.6789973e-15  -5.6802350e-16  8.2777481e-16  
2.7908435e-18  2.9850105e-16  -1.8933849e-16  -5.5568106e-17  1.0637099e-15  1.0000000   4.1222903e-16  1.3615069e-15  -6.8821569e-16  7.4382595e-16  -2.3600964e-16  
2.7940531e-17  -1.1645627e-15  3.6858101e-16  3.0126536e-16  -7.5639450e-17  4.1403586e-16  1.0000000   3.3063298e-16  -8.2265569e-17  -3.4337626e-18  -3.8575421e-16  
6.5513300e-17  2.4506734e-16  -8.1518261e-17  1.9463786e-16  -5.6641799e-17  1.3612053e-15  2.5635087e-16  1.0000000   -4.2374305e-16  -3.7700242e-17  -4.7632448e-17  
1.4323790e-16  1.0643258e-16  3.5492814e-16  -3.7647173e-16  1.7059365e-15  -6.9740407e-16  -4.9458305e-17  -4.1027850e-16  1.0000000   1.3884072e-16  -4.8314759e-16  
-4.3571007e-18  -5.0864051e-16  -4.5202026e-17  4.2630026e-16  -5.8947323e-16  6.1264265e-16  -4.8680305e-17  5.5325505e-17  2.7085051e-16  1.0000000   1.7481574e-16  
-7.6560132e-18  -4.9914311e-16  7.7426435e-17  4.0319404e-17  6.2253195e-16  -3.4970856e-16  -2.8183841e-16  1.0376074e-16  -6.3421423e-16  2.2730807e-16  1.0000000   
