1.0000000   1.8257547e-16  2.5704248e-16  9.7824945e-17  -4.3405055e-17  -1.4662365e-16  -7.9636495e-17  1.4507568e-16  5.7639788e-17  4.0607744e-17  2.2691907e-17  
5.2154016e-17  1.0000000   -2.9798539e-16  -3.9785010e-16  4.5766291e-17  2.6955661e-16  -5.6981974e-18  -1.0981476e-15  -2.2844759e-17  -1.8693580e-16  -1.9491629e-16  
-1.9110953e-17  -2.7343042e-16  1.0000000   1.0279169e-16  1.5940383e-16  1.7945757e-16  -3.6807908e-16  4.0694056e-16  -8.1583134e-16  -2.9206674e-16  -2.0313248e-16  
5.9147462e-17  1.2784737e-17  4.7413978e-16  1.0000000   -5.5255795e-16  -2.8874056e-16  -6.3340941e-17  1.2147261e-16  -3.5290146e-16  -4.7214420e-16  4.7686451e-16  
5.7613626e-17  4.4750921e-17  2.2505920e-16  -5.8223779e-16  1.0000000   6.9418918e-16  2.1061381e-16  -2.1356074e-16  -9.2093328e-16  2.8406243e-18  4.2910011e-16  
-1.7695576e-16  2.3072614e-16  1.3131066e-16  -3.2264686e-16  6.1314282e-16  1.0000000   -5.8251675e-16  3.3936286e-16  -1.0159976e-17  7.2938710e-17  -3.1371919e-16  
1.5850086e-17  3.8558151e-17  -4.0899837e-16  -3.6516410e-16  2.6214224e-16  -4.7840762e-16  1.0000000   4.7937175e-16  8.7681092e-16  9.6012866e-16  -9.6155326e-17  
1.7575061e-16  -1.2983264e-15  3.9668209e-16  1.0179903e-15  -1.3783011e-16  2.1470916e-16  5.4608039e-16  1.0000000   -3.1216010e-16  -5.7246931e-16  2.1634304e-16  
-4.3001474e-17  -4.0238878e-17  -6.9568836e-16  -1.7226202e-16  -9.7515498e-16  6.2821851e-18  7.1796091e-16  -3.1700912e-16  1.0000000   -3.6960688e-16  7.3578421e-16  
4.1228053e-17  -1.6472271e-16  -2.5322463e-16  -2.8307707e-16  -3.9109622e-17  1.0064711e-16  9.6328723e-16  -4.3679858e-16  -3.2560379e-16  1.0000000   5.3001477e-16  
-4.3240106e-17  -2.2669724e-16  -2.8445675e-16  4.2781940e-16  4.1867483e-16  -3.0588096e-16  -1.2453975e-16  2.0172772e-16  7.0802456e-16  4.4489601e-16  1.0000000   
