1.0000000   -1.4870703e-16  4.3161319e-16  -9.3139189e-16  -5.9717076e-16  -8.2873598e-17  -2.9037858e-16  -2.0333539e-16  2.3088910e-16  2.9956739e-16  -8.3199778e-17  
-9.1497925e-17  1.0000000   1.6514399e-16  -6.5771334e-17  5.9801536e-17  6.8120864e-17  8.5983231e-18  -2.3122613e-16  -3.5707849e-16  -5.8895723e-17  -6.2637955e-16  
-4.2323261e-16  3.5914347e-16  1.0000000   4.7594067e-16  6.2289818e-17  1.1538444e-15  -1.0482592e-16  -1.7478678e-15  1.8343121e-16  4.9051478e-16  5.0346811e-16  
-6.1369154e-16  -1.3765282e-16  5.3475610e-16  1.0000000   -6.1693580e-16  -5.3237692e-16  -1.1909794e-15  -4.9027158e-16  -8.1288083e-16  -4.4738899e-16  6.3325200e-16  
-6.2272371e-16  1.2366335e-16  -7.3255771e-17  -7.2189797e-16  1.0000000   6.6365851e-16  -4.3066554e-16  -4.0293581e-17  4.1147921e-16  1.9933644e-15  -2.2886622e-16  
7.7628934e-17  2.5969994e-16  1.1648703e-15  -4.3800527e-16  6.6904932e-16  1.0000000   1.1996313e-15  -1.3399124e-15  2.3490494e-16  -2.1079393e-16  -5.9267615e-16  
-4.0653881e-16  -1.4953679e-16  -1.7606987e-16  -1.1547412e-15  -4.4137347e-16  1.2651574e-15  1.0000000   8.4357414e-17  -4.0314903e-16  -1.7037780e-15  -6.1806978e-16  
-2.6697622e-16  -5.1237016e-16  -1.5694449e-15  -6.1535671e-16  -8.6376037e-16  -1.2293097e-15  -2.4178901e-16  1.0000000   5.9768973e-16  2.6144676e-16  -7.8246701e-16  
5.6735282e-16  -4.5969510e-16  1.2647305e-16  -6.9898277e-16  1.1664044e-17  1.1683080e-16  -5.7834361e-16  6.1660918e-16  1.0000000   6.9984768e-16  1.1642423e-15  
2.4540261e-16  -2.6070742e-16  6.4321477e-16  -3.9493725e-16  1.5328235e-15  -1.1005445e-16  -1.8186346e-15  1.7530652e-16  8.2312982e-16  1.0000000   5.5766786e-16  
-1.3248975e-16  -6.2379092e-16  5.4555351e-16  6.4537812e-16  -2.0512849e-16  -6.0175465e-16  -5.8505243e-16  -8.7715429e-16  1.2650401e-15  6.4117006e-16  1.0000000   
