1.0000000   -8.5149121e-17  -1.1713354e-16  6.2650073e-17  3.6981238e-17  -1.5021844e-17  -1.0776074e-16  1.3165411e-17  -1.1418242e-16  3.5000117e-17  3.2815909e-18  
-1.3745052e-16  1.0000000   2.9084890e-16  5.6511326e-16  5.2886008e-16  -1.9735601e-16  -1.1184394e-16  5.3519803e-16  -4.7738772e-18  -2.9003422e-16  -4.0332734e-16  
1.2012087e-16  4.5470757e-16  1.0000000   -8.2078336e-16  6.2087348e-16  -3.3544266e-16  -7.7978894e-16  6.6503160e-16  -1.0748512e-15  -1.5027921e-16  1.6339082e-15  
3.7670432e-17  1.4010912e-16  -8.1340671e-16  1.0000000   2.8748871e-16  -2.3423803e-16  -6.4917881e-16  -2.8980379e-16  1.4186109e-16  -9.6202844e-17  -5.4634542e-16  
1.2060178e-16  4.7582647e-16  6.6787003e-16  2.9571146e-16  1.0000000   4.6944371e-16  9.9596149e-17  4.8720838e-16  -7.3571339e-16  8.6495888e-17  -2.6763700e-17  
-7.3636313e-18  -5.4570689e-17  -3.6524075e-16  -1.4018890e-16  3.3401779e-16  1.0000000   -4.9681876e-17  2.5663133e-16  4.5771331e-17  2.0300230e-16  -1.3280460e-16  
1.1025616e-16  1.7704686e-16  -8.8057913e-16  -4.4081414e-16  1.1628419e-16  -1.2700796e-16  1.0000000   6.0548521e-16  -7.8862183e-16  -5.2014206e-16  6.3118753e-16  
2.3416715e-17  4.9925113e-16  6.1467920e-16  -3.1588626e-16  3.9763832e-16  2.7573401e-16  6.2257122e-16  1.0000000   3.7026248e-16  1.3607077e-17  -9.4234190e-16  
1.7297250e-17  -7.4617412e-18  -1.1377419e-15  1.1595438e-16  -8.0106925e-16  1.0529350e-16  -8.6297588e-16  2.9148052e-16  1.0000000   2.6500076e-16  6.2370424e-17  
-3.1788323e-18  -2.9695224e-16  -1.4536490e-16  -3.1771220e-19  7.8566905e-17  1.3459192e-16  -5.9036552e-16  -1.5922453e-16  3.4226098e-16  1.0000000   4.1544594e-16  
1.1244632e-16  -4.0156579e-16  1.6596380e-15  -4.0605033e-16  1.3904046e-17  -1.4782080e-16  8.9390463e-16  -9.5746119e-16  1.9697243e-16  5.3543790e-16  1.0000000   
