1.0000000   -2.8631850e-16  -6.7787812e-17  -2.8233474e-16  4.1860760e-17  -1.3620705e-16  1.8630731e-16  -2.4728236e-16  9.0705949e-17  5.6221732e-16  1.9384574e-17  
-3.7906480e-16  1.0000000   3.4685947e-16  5.8932978e-16  -5.5457400e-16  3.6979459e-16  4.1863833e-16  -2.1889977e-16  -4.1847594e-16  -1.7617817e-16  3.3324638e-16  
-2.3029718e-16  3.7702223e-16  1.0000000   5.3616721e-16  5.7165021e-16  4.1759850e-16  -2.1865284e-16  -6.7922446e-16  1.0158883e-16  -1.7436834e-16  -3.4336123e-16  
-7.9633029e-17  6.3144166e-16  4.4742533e-16  1.0000000   8.3572014e-16  2.0519733e-16  8.0596125e-16  -3.0655694e-16  -2.5292494e-16  -1.7135824e-17  1.3858306e-17  
-1.6673969e-17  -6.4822359e-16  4.7373993e-16  9.3151363e-16  1.0000000   -2.6063327e-16  -5.9570129e-16  3.6169341e-16  3.2787845e-17  5.3784092e-16  -2.0133465e-16  
-3.5963298e-16  1.0148214e-17  3.9127751e-16  1.5326581e-16  -3.3925372e-16  1.0000000   3.6462076e-17  -2.0562925e-16  4.1921930e-16  5.5586744e-16  1.1437911e-16  
1.9090634e-16  4.7597427e-16  -1.3821474e-16  8.3849150e-16  -7.1426012e-16  -1.5969930e-16  1.0000000   -1.9525109e-16  6.3410848e-16  2.5074188e-16  -2.0148796e-16  
-3.9618746e-16  4.4692048e-16  -5.4417303e-16  -8.0198189e-16  -1.1186971e-15  -6.0738379e-16  2.0512967e-17  1.0000000   7.9420401e-16  2.0459300e-16  4.9646295e-17  
-3.5420033e-17  -4.5451267e-16  9.7347867e-17  -2.8369328e-16  2.5053183e-16  5.4249236e-16  6.1587829e-16  8.6050911e-16  1.0000000   -1.2338795e-16  1.6679773e-16  
5.8703621e-16  -9.6756730e-17  -1.4960545e-16  -2.7633313e-16  2.2013061e-16  5.3256527e-16  2.3306969e-16  4.0658288e-16  4.1892264e-18  1.0000000   1.1906742e-16  
-2.5994667e-17  4.4754877e-16  -2.7080861e-16  6.9117888e-19  -2.2708360e-16  1.0305426e-16  -1.6968272e-16  -6.1070228e-17  1.7323179e-16  1.7919406e-16  1.0000000   
