1.0000000   -2.0108703e-16  3.6622842e-16  -8.6131418e-17  7.7931974e-17  -3.3519927e-16  -2.6783654e-17  -2.9255063e-17  8.2936864e-17  -4.3102169e-16  4.8791004e-17  
-1.6921250e-16  1.0000000   2.9560548e-16  3.5502295e-17  -2.2069862e-16  2.5648724e-17  -3.3415685e-16  -1.9023577e-16  -1.2705278e-16  -4.0016445e-17  -1.2843921e-16  
-1.5198130e-17  4.4024138e-16  1.0000000   4.1074548e-16  9.7943968e-16  -8.0470050e-17  -3.2698570e-17  -9.7609414e-16  -3.2670161e-16  1.3233120e-16  -1.5668373e-16  
4.1817328e-17  2.6458953e-17  3.1023101e-16  1.0000000   -1.7525338e-16  -5.3306163e-16  6.6257031e-16  9.1851596e-16  1.5133878e-17  -2.3074091e-16  6.2428742e-16  
2.0859570e-17  1.4484524e-16  8.8800880e-16  -2.4988042e-16  1.0000000   7.6524709e-16  -6.2414502e-16  4.2131471e-16  2.7396110e-16  -5.7612293e-16  3.9056283e-16  
-2.4315445e-16  3.9872937e-16  -4.6702685e-16  -5.4364046e-16  7.5977922e-17  1.0000000   5.9060281e-16  2.1456960e-16  -5.7892521e-17  -6.5194216e-16  -3.6365323e-16  
-5.9784666e-17  -3.2696850e-16  -5.6078256e-17  6.4677976e-16  -7.0093397e-16  6.0041675e-16  1.0000000   1.3082251e-15  -2.4675889e-16  -1.5389353e-17  -1.3370784e-16  
4.6924531e-17  -2.5973580e-16  -8.9862627e-16  8.6780327e-16  4.6420261e-16  2.1115229e-16  1.3778678e-15  1.0000000   6.3869432e-16  1.1139832e-15  -2.3315514e-16  
9.7840581e-18  -1.2338566e-16  -2.7066666e-16  1.5430040e-16  2.0117888e-16  1.2663688e-17  -2.7265202e-16  3.7431438e-16  1.0000000   -2.9931296e-16  2.5182290e-17  
-5.4755821e-16  1.5977398e-16  1.3168202e-16  -1.8664503e-16  -6.3558485e-16  -5.7566721e-16  1.8598265e-16  1.1129326e-15  -2.5088011e-16  1.0000000   4.1644311e-16  
2.2227521e-17  7.0623490e-17  -2.1020732e-16  6.0160557e-16  8.6138142e-17  -2.9697354e-16  -1.4861509e-16  -1.7399878e-16  3.7917430e-17  3.8837170e-16  1.0000000   
