1.0000000   -2.2490365e-17  -1.1352896e-16  -5.8213118e-17  -1.5619207e-17  3.4971094e-18  -6.8297786e-16  2.3297170e-16  2.0579688e-16  -4.1845554e-16  -1.6516976e-16  
2.7470931e-17  1.0000000   -4.4144187e-16  -2.0773065e-16  -3.1740852e-16  2.1710963e-16  -1.5396355e-16  1.3291197e-17  4.5496218e-17  -9.1929506e-19  2.4711278e-16  
-2.3860940e-16  -2.6988889e-16  1.0000000   5.1391531e-16  1.4953297e-16  -1.1815997e-16  1.8020803e-16  -2.4677338e-17  8.1468299e-16  -1.0202622e-15  2.6826408e-16  
-3.7223132e-17  -1.8978923e-16  5.4256119e-16  1.0000000   -8.1191145e-17  -2.1292154e-16  -1.5860193e-15  3.3630022e-16  5.0674297e-16  2.8578464e-17  -1.7699621e-17  
-1.0266195e-17  2.0733570e-16  1.3029873e-16  -7.3999787e-17  1.0000000   -1.0361461e-16  6.2760637e-17  -1.8482383e-16  -1.7245375e-16  1.3648781e-16  5.2313055e-16  
-5.8886729e-17  4.5002191e-17  6.4080057e-17  -1.6689169e-16  7.2383482e-16  1.0000000   -3.5322818e-16  3.2244431e-16  3.0569040e-16  8.2863688e-17  2.7959704e-16  
-8.9778021e-16  -9.1609310e-17  2.8921582e-17  -1.3812970e-15  7.4544901e-18  -3.8818902e-16  1.0000000   -2.5120976e-17  1.2108698e-16  -7.3402032e-16  -6.7042848e-17  
1.6291942e-16  -1.4009874e-17  -2.9249914e-17  2.6019280e-16  -7.1006671e-17  4.0561956e-16  1.2525814e-16  1.0000000   -2.9506358e-16  -3.2096593e-16  -6.7616049e-17  
2.5328712e-17  2.3175602e-16  7.9740462e-16  5.9582118e-16  -6.0499631e-16  2.1349680e-16  3.4109873e-16  -2.6049020e-16  1.0000000   -6.8749920e-16  -5.1591070e-17  
-2.9056173e-16  2.1591318e-16  -9.9817198e-16  3.7826975e-17  -2.1690683e-16  -2.7266820e-17  -8.0080755e-16  -2.7003504e-16  -5.5388698e-16  1.0000000   5.2353492e-17  
-1.0709212e-16  2.4297624e-16  2.6785201e-16  -7.7898688e-18  5.2211769e-16  2.9084781e-16  -5.2486378e-17  -4.2358172e-17  4.0348878e-18  1.3419153e-17  1.0000000   
