1.0000000   -6.2636471e-17  3.1233714e-16  -2.3150570e-16  -2.3530333e-16  -1.1329550e-16  2.3960827e-16  1.8385075e-16  -9.6382886e-17  -2.1464935e-17  3.9616467e-17  
-3.0540806e-17  1.0000000   -1.5401463e-16  -3.0751486e-16  4.5296260e-17  -4.9558588e-17  3.9360924e-16  1.5931651e-16  5.3412323e-17  -5.4392763e-17  -8.2111615e-17  
4.7417760e-16  -7.1740140e-17  1.0000000   -5.6305813e-16  1.9697281e-16  1.2072489e-15  -6.5763591e-17  3.4125278e-16  -9.7619050e-16  3.0888951e-16  -9.4891579e-17  
-1.8557131e-16  1.4633053e-16  -4.4697913e-16  1.0000000   -5.8862117e-16  -8.8972502e-17  3.8302534e-16  -2.2431000e-16  -9.9358554e-16  -5.7510005e-16  -6.1526966e-17  
-1.4460250e-16  4.7577467e-17  3.5488118e-16  -7.1011686e-16  1.0000000   4.6087638e-16  -1.0748512e-15  -2.6859562e-16  4.2191690e-16  -3.5997752e-17  6.4004905e-17  
-1.2199341e-17  1.6731055e-16  1.1456857e-15  -3.7641938e-16  2.6238418e-16  1.0000000   3.4194511e-16  -1.4588824e-16  -1.1782951e-15  -3.7850611e-16  2.7810973e-17  
2.2469560e-16  4.4195426e-16  -2.0961455e-16  3.8388880e-16  -1.1569476e-15  3.0240918e-16  1.0000000   5.4674406e-16  3.5844603e-16  -5.6705290e-16  7.0851715e-17  
2.1802889e-16  3.0847745e-16  3.6963050e-16  -1.9798709e-16  -2.6826831e-16  -9.1922674e-17  5.2188725e-16  1.0000000   -6.7391581e-16  -1.9808871e-15  2.8139105e-18  
-4.5971617e-17  4.0699948e-17  -8.5593966e-16  -9.5755178e-16  2.5274977e-16  -1.0970357e-15  2.7770387e-16  -6.5283945e-16  1.0000000   -6.4685783e-16  -5.4901411e-17  
3.2208736e-17  5.0125700e-16  2.9704596e-16  -4.0856606e-16  -2.0733280e-17  -4.6258320e-16  -5.9802878e-16  -1.8908429e-15  -6.8267092e-16  1.0000000   1.1381650e-16  
2.8917194e-17  -7.8231505e-17  -1.1215286e-16  -5.0653706e-17  5.1778491e-17  3.0531707e-17  7.5320168e-17  9.4362931e-17  -6.4429851e-17  8.4237555e-17  1.0000000   
