1.0000000   -1.2217460e-16  -3.7895585e-16  3.9107220e-16  2.5515671e-17  1.2750731e-16  -1.0886261e-17  7.3502451e-17  1.5835357e-16  -1.5821598e-16  2.5539160e-16  
-1.4174426e-16  1.0000000   2.8613175e-16  -3.7397297e-16  4.4983787e-16  5.2664098e-16  -1.1430117e-16  -4.0202921e-16  -8.8798653e-17  -5.7892980e-17  1.9051281e-16  
-2.7324037e-16  2.6282715e-16  1.0000000   6.9737600e-16  -1.9365629e-16  -1.2474822e-16  2.8015463e-16  -7.8608877e-17  -2.8450101e-16  4.6937959e-16  -3.0723853e-16  
4.3903139e-16  -4.3915044e-16  7.7755787e-16  1.0000000   -2.1712063e-17  1.2949943e-15  -2.8593727e-16  -2.2341972e-16  -5.1436794e-16  1.0640875e-15  2.9618349e-16  
5.2115584e-17  5.0393986e-16  -2.0720757e-16  1.0863753e-16  1.0000000   -6.7319861e-16  -2.8959700e-16  -3.6273645e-16  1.7408589e-16  3.2165239e-16  -8.7364990e-17  
9.9639198e-17  5.2937714e-16  -1.2820115e-16  1.2070495e-15  -6.6023796e-16  1.0000000   1.4854577e-15  -1.6377951e-16  -4.9517052e-16  1.3634245e-16  5.5812600e-16  
-1.4360788e-16  -1.1925440e-16  2.3658365e-16  -2.7692608e-16  -3.0532474e-16  1.5351463e-15  1.0000000   5.9108713e-17  -6.7228173e-16  4.9237752e-16  -4.5533891e-17  
7.8890623e-17  -4.0429464e-16  -8.3059296e-17  -2.1839719e-16  -3.1602140e-16  -1.3385839e-16  5.4409204e-17  1.0000000   2.2870175e-16  7.6723369e-17  -2.5774004e-16  
3.7138600e-16  2.3295456e-16  -2.7583224e-16  -2.3059443e-16  6.2307114e-16  -5.4066768e-16  -6.8399696e-16  2.3364085e-16  1.0000000   -5.6980233e-16  -9.1667176e-16  
1.5618089e-16  -2.3303769e-16  4.6571444e-16  9.0174926e-16  8.2339488e-17  2.4042352e-17  4.8188541e-16  9.3187817e-17  -5.6441625e-16  1.0000000   6.2042707e-16  
3.1424221e-16  1.9817664e-16  -2.9518499e-16  3.1120583e-16  -1.0994985e-16  5.4874273e-16  -8.5685236e-17  -2.8018595e-16  -8.7195435e-16  6.4911269e-16  1.0000000   
