1.0000000   -2.1107305e-16  -1.1252198e-16  -7.6479170e-17  -1.6879316e-16  3.7348189e-16  -3.5808406e-17  5.9100294e-17  1.9048922e-16  3.5361461e-16  -3.6387662e-16  
-2.2640768e-16  1.0000000   3.8332345e-16  5.4634203e-16  -1.5687336e-16  8.8817230e-18  7.1351656e-17  -1.4063138e-17  -1.0655524e-16  -5.0662302e-16  1.4472765e-16  
-1.2195787e-16  2.6045652e-16  1.0000000   -3.8786085e-16  2.7064266e-17  6.0827528e-18  9.2737285e-16  -6.8073068e-17  7.5676723e-16  -7.9560702e-16  4.1905752e-16  
-1.5678590e-17  2.6096898e-16  -5.9119341e-16  1.0000000   -8.3317455e-16  -6.7678776e-16  -5.1837051e-16  -2.9105534e-16  6.0112693e-16  4.7059922e-17  3.5242128e-16  
-1.7598415e-16  -9.1163567e-17  3.2340926e-17  -9.9326359e-16  1.0000000   6.6568924e-18  5.2742906e-16  7.5571123e-16  -2.6634385e-17  4.0069449e-16  1.9671211e-16  
2.5395556e-16  -1.7476812e-16  1.7660162e-16  -1.1464666e-16  2.3791234e-17  1.0000000   2.3513357e-16  4.2943244e-17  -5.6742915e-16  2.1510241e-16  1.5656039e-16  
-2.7641172e-16  1.4354402e-16  8.1973266e-16  -6.5670111e-16  3.1343264e-16  1.9054071e-16  1.0000000   -3.9781524e-16  2.6001587e-16  7.5138894e-16  3.1750744e-16  
4.1448046e-18  -4.5765735e-17  -1.0942173e-16  -3.2234428e-16  7.9778859e-16  -2.5439419e-17  -3.7110588e-16  1.0000000   -1.6732998e-16  -5.1181834e-16  2.4497972e-16  
2.3064610e-16  -1.4746777e-16  7.4029532e-16  6.8178239e-16  -3.4760342e-17  -4.6864231e-16  2.7792208e-16  -2.8115640e-16  1.0000000   2.0238487e-16  -2.1604846e-17  
2.8318608e-16  -5.6115537e-16  -8.1228674e-16  -5.3886552e-17  4.6808884e-16  2.5957776e-16  8.1697340e-16  -4.0841396e-16  1.8211533e-16  1.0000000   4.5139317e-16  
-4.1574288e-16  5.3280003e-16  5.3543799e-16  8.9376700e-16  1.7562013e-16  2.0970625e-16  3.0017527e-16  2.6035294e-16  -2.0471516e-17  5.5385621e-16  1.0000000   
