1.0000000   -5.7671727e-16  -2.7156631e-17  5.3278061e-16  -5.7465044e-17  -5.3492831e-17  -1.6566266e-16  7.1581960e-16  1.8992824e-16  4.2760820e-16  -4.7936732e-16  
-7.1371731e-16  1.0000000   -2.2565340e-16  9.0848459e-16  1.1636339e-15  -2.9487923e-16  7.9250732e-17  1.0800330e-15  4.5563385e-17  -5.8983072e-16  5.9485430e-17  
5.7055520e-16  -1.3555534e-16  1.0000000   -1.3756076e-16  6.5713475e-16  -5.1500480e-16  7.2469563e-16  -2.2030879e-16  2.6477582e-16  -1.9578813e-16  -1.0645612e-15  
4.3344062e-16  1.0159720e-15  -1.0257774e-16  1.0000000   -8.4452826e-16  -3.4989613e-16  3.8415509e-16  -8.2024669e-16  5.4204187e-16  -4.0776195e-16  -2.1127543e-16  
2.0998776e-16  1.1591280e-15  6.3788173e-16  -7.9758946e-16  1.0000000   -2.9437562e-16  2.9926945e-17  -5.6853907e-16  8.8040370e-16  -2.5625240e-16  -1.4436321e-16  
-3.1344010e-16  -1.9578879e-16  -4.9554476e-16  -3.0458303e-16  -1.9625988e-16  1.0000000   2.1201292e-16  2.9875842e-16  2.8867838e-16  -8.3277573e-16  -1.8349076e-16  
-3.5205303e-16  1.8522829e-16  6.0011333e-16  8.9663070e-18  1.3969056e-16  3.2946533e-16  1.0000000   2.2207017e-16  2.2083351e-16  -4.7056571e-17  2.2785864e-16  
9.0181700e-16  6.8996051e-16  -3.3113012e-16  -7.5408593e-16  -5.9083088e-16  2.6310306e-16  3.3162970e-16  1.0000000   -2.9613671e-16  -1.2854564e-15  6.5307977e-16  
1.0308000e-16  1.5176750e-16  4.1078894e-16  6.5241307e-16  8.5055962e-16  2.8594492e-16  1.6367858e-16  -2.6865490e-16  1.0000000   -7.2267887e-16  1.5405191e-15  
1.0513717e-16  -6.0997607e-16  -2.1543363e-16  -4.2355292e-16  -2.2573493e-16  -9.0507319e-16  -1.2525955e-16  -1.2321212e-15  -6.6853742e-16  1.0000000   5.5989746e-16  
-5.0085999e-16  6.8833285e-17  -9.4084354e-16  -3.0269908e-16  -1.2194056e-16  -8.9433064e-17  2.4937497e-16  6.1483835e-16  1.5350405e-15  5.1321536e-16  1.0000000   
