1.0000000   -3.3124288e-17  -2.2849368e-16  5.8509356e-17  3.1844288e-17  -1.0276049e-16  2.1651904e-17  -1.3598974e-17  1.9551643e-16  6.1787328e-17  -8.7885920e-17  
-4.7623411e-17  1.0000000   -5.1151985e-17  4.6500138e-16  -1.8035979e-16  8.8506873e-17  -8.7939275e-17  7.3999531e-17  -8.8508046e-17  4.0654026e-16  4.3235029e-16  
1.7790445e-16  -8.6075407e-17  1.0000000   -4.2380118e-16  -6.6926961e-16  -5.0980480e-16  5.5183204e-16  -1.8418387e-16  1.0381414e-15  2.5946914e-16  -1.0040085e-15  
1.4430388e-17  2.9645274e-16  -3.7402147e-16  1.0000000   -6.2919848e-16  -8.0701847e-16  -1.0236864e-15  4.5496968e-16  -3.1141992e-16  4.6660631e-16  1.7955693e-16  
-1.4596515e-16  -1.9937468e-16  -7.3294608e-16  -6.7546846e-16  1.0000000   1.0557179e-17  4.9535274e-16  1.5028845e-16  -4.0786078e-16  -7.7418580e-18  -2.3241737e-17  
-7.8397311e-17  -3.3011269e-16  -2.9963781e-16  -1.0795526e-15  1.6478120e-16  1.0000000   4.0599514e-16  -1.2841937e-15  -6.5984826e-18  1.0381467e-16  1.6087273e-17  
-1.9052429e-16  2.6044397e-17  1.4612189e-16  -9.8931302e-16  2.9558150e-16  -4.6032438e-16  1.0000000   1.1241702e-15  7.6679144e-16  5.1444333e-16  -1.7402653e-16  
1.8381384e-16  1.5037026e-16  1.0028785e-16  5.6762471e-16  1.8133349e-16  -7.7282041e-16  8.9001815e-16  1.0000000   -3.1509229e-17  -2.0775368e-16  -1.4706271e-16  
8.7044579e-17  -9.3200750e-17  9.9984050e-16  -3.0009414e-16  -3.0784623e-16  -1.2684676e-16  7.2834100e-16  7.8096305e-18  1.0000000   8.3888416e-17  -8.4237172e-16  
7.3048951e-17  3.8218971e-16  2.8455357e-16  3.4869300e-16  1.6489445e-17  3.3935232e-17  6.5570183e-16  -1.7254204e-16  2.4608254e-16  1.0000000   -3.1484638e-16  
-6.2421178e-17  4.3903708e-16  -9.6805532e-16  1.5107198e-16  1.2061792e-16  6.6799771e-17  -2.6318811e-16  -2.1433025e-16  -1.0538606e-15  -2.8047633e-16  1.0000000   
