1.0000000   7.5731635e-17  9.9559225e-17  -1.4128279e-16  -2.6291210e-16  1.0138288e-16  5.3799933e-17  2.1515113e-16  2.7084690e-16  3.9352610e-18  3.5973780e-17  
6.9926399e-17  1.0000000   -4.4031521e-16  -1.9336393e-16  -4.6509993e-17  -3.1929206e-16  3.6596195e-17  -4.9418130e-16  -1.8826760e-16  1.0747516e-15  -8.0538550e-16  
1.4302341e-16  -2.3802528e-16  1.0000000   2.4705963e-16  -2.5694762e-16  9.4300085e-16  -7.5612088e-16  -4.0190902e-16  1.5292365e-15  -6.2162174e-16  1.0750443e-15  
5.2983153e-17  -5.1875727e-19  5.3953800e-16  1.0000000   -1.2460665e-15  2.8449688e-17  -8.5285241e-17  -4.6727757e-16  -7.7623363e-16  1.8878934e-16  1.1652785e-15  
-1.4752935e-16  9.0760200e-17  -5.2523519e-17  -1.2860608e-15  1.0000000   6.2228318e-16  -2.3697712e-17  -1.4947485e-17  -4.6479419e-16  1.0080523e-15  -2.5117237e-16  
9.0590306e-17  -7.0630077e-17  9.0789115e-16  -8.0301315e-16  4.2865250e-16  1.0000000   1.1763803e-15  -2.7539308e-17  3.4136603e-16  -2.5490376e-16  2.5757848e-16  
6.5515992e-17  -6.2255696e-18  -8.1948976e-16  1.2328234e-18  1.0664801e-16  1.0001440e-15  1.0000000   -2.4739701e-16  -1.7630309e-16  -1.1384024e-16  6.6670810e-17  
4.1429738e-16  -5.1504636e-16  -5.8588961e-16  5.9598306e-17  1.9090748e-16  -3.7370593e-16  -1.8980569e-16  1.0000000   8.6143636e-16  5.1511936e-16  -3.3073587e-16  
3.7937460e-16  -2.5458961e-16  1.5009281e-15  -7.7133558e-16  -4.0888231e-16  2.5635806e-16  -1.7020616e-16  8.6212881e-16  1.0000000   -8.2676656e-16  -2.7938450e-16  
-2.2809787e-16  1.0936885e-15  -6.5970338e-16  1.3391957e-16  9.9259504e-16  -2.5357197e-16  -1.5723110e-16  6.5890600e-16  -7.5611938e-16  1.0000000   6.5991871e-16  
9.1798321e-17  -7.9873705e-16  1.1748303e-15  1.1319503e-15  -2.6501628e-16  1.9142309e-16  5.6221812e-17  -2.9554144e-16  -2.6211265e-16  5.4118333e-16  1.0000000   
