1.0000000   3.3622299e-18  4.9487080e-16  4.4787421e-16  -7.2095205e-17  -2.1155700e-16  4.1855367e-16  -1.3214660e-16  -2.4213009e-17  -2.0445460e-16  -1.1891802e-17  
1.4885193e-17  1.0000000   2.3686278e-16  -1.5078836e-16  -6.3659166e-17  -5.4362447e-16  -7.7667497e-17  -4.8174324e-17  -7.5544807e-17  2.7825386e-16  -5.1102382e-18  
2.1694283e-16  2.0955078e-16  1.0000000   -3.4335171e-16  3.3141489e-17  -3.7665540e-16  -1.8951331e-16  2.0599002e-16  1.1392468e-15  3.9848905e-16  4.5348895e-18  
5.0857090e-16  -4.2815385e-16  -3.6639982e-16  1.0000000   -7.8686152e-16  -3.3159889e-16  -2.2483970e-17  2.3281306e-16  -3.0987433e-16  1.1422062e-15  1.7636076e-17  
-1.6049915e-16  1.1755242e-16  6.5491972e-17  -6.7941152e-16  1.0000000   -2.1525504e-16  -2.9039784e-16  -3.3998507e-16  5.0280803e-16  6.0209169e-17  7.0864946e-19  
-9.8484910e-17  -3.6106565e-18  -2.4786386e-16  1.8206615e-16  -2.0616868e-16  1.0000000   -5.8440136e-16  -8.2965778e-17  2.2077742e-16  1.3292756e-16  -4.0020611e-18  
4.3881679e-16  -1.0238339e-16  -3.2224502e-16  -2.4710698e-17  -2.6562166e-16  -5.2909895e-16  1.0000000   -6.7908105e-16  -9.2493925e-16  7.2649877e-17  -1.7606844e-17  
-1.0739799e-16  -5.1554973e-17  2.3974057e-16  2.1770915e-16  -3.7136898e-16  -2.5159912e-17  -6.9946298e-16  1.0000000   5.1059228e-16  -1.2402737e-16  -4.2038464e-17  
7.2385664e-17  -5.1145811e-17  1.1718774e-15  -3.5697340e-16  3.4396254e-16  2.2286561e-16  -7.6146966e-16  4.9011606e-16  1.0000000   -8.9314013e-16  -1.2243654e-17  
-1.5723154e-16  -2.5319987e-18  1.2045952e-16  8.6848335e-17  1.9514145e-16  9.0661077e-16  -7.4372578e-17  -1.7271403e-16  -8.6811491e-16  1.0000000   -5.9613744e-18  
1.2688112e-17  -1.2546298e-17  -1.8900108e-17  1.7547017e-17  -9.3580059e-19  -3.3227837e-18  -2.5946068e-17  2.7676582e-18  1.1802213e-18  -7.5767852e-18  1.0000000   
