1.0000000   -4.9409074e-17  -4.4474947e-16  2.9993907e-17  -3.3818345e-16  1.2575910e-16  -5.4738886e-16  6.4598220e-17  -3.3673554e-16  -3.7262609e-16  6.0431195e-17  
-3.1959551e-17  1.0000000   -1.0897024e-16  9.2695896e-17  -4.3038190e-17  2.7362127e-16  -6.7220967e-16  3.0733816e-16  -3.7278296e-16  4.3037549e-17  3.7797039e-17  
-2.3333428e-16  -9.3297540e-18  1.0000000   -7.2290333e-16  5.7891401e-16  6.6534345e-16  -2.0603890e-16  1.0059063e-15  -4.1875589e-16  1.2012202e-16  5.8124248e-16  
-9.1893513e-17  1.4566590e-18  -6.6982494e-16  1.0000000   1.6096728e-16  4.0573037e-17  -3.2374160e-16  5.2671761e-16  -3.2620764e-16  -1.8348851e-16  6.2169338e-16  
-3.1016318e-16  -1.3187743e-16  5.4078382e-16  1.8126942e-16  1.0000000   1.7210168e-16  3.3448807e-17  2.2647897e-16  2.3408661e-16  1.1150342e-15  -8.2112814e-16  
2.6966964e-16  1.8034963e-16  6.1382774e-16  9.2077167e-17  1.0452627e-16  1.0000000   1.4338700e-15  2.9404274e-16  9.1925363e-16  1.2902228e-16  -5.1717545e-16  
-4.9377523e-16  -2.6071990e-16  -1.1027509e-16  -3.0924585e-16  1.1597638e-16  6.2400853e-16  1.0000000   -5.6184356e-16  6.1053132e-16  -1.0688562e-15  4.9910379e-16  
5.4560633e-17  4.9133076e-16  9.0171186e-16  3.5239245e-16  3.2222628e-16  -2.1924507e-16  -5.1844715e-16  1.0000000   2.2138896e-16  2.2552710e-17  2.2601465e-16  
-1.6034715e-16  2.8414473e-17  -2.2222240e-16  -3.0116325e-16  2.7004766e-16  7.7490286e-17  7.1221635e-16  1.8968722e-16  1.0000000   -6.0232032e-16  -6.0814552e-16  
-2.6730840e-16  1.0366641e-16  2.1517458e-16  -2.5274290e-16  1.0269578e-15  -1.3440793e-16  -8.3892857e-16  4.5397421e-17  -5.1082711e-16  1.0000000   5.1599871e-16  
-6.6651170e-17  -3.1693736e-17  4.0371200e-16  6.1167637e-16  -1.0291399e-15  3.7482902e-17  3.7719267e-16  1.2432411e-16  -8.1812287e-16  4.5969526e-16  1.0000000   
