1.0000000   9.2922743e-17  6.9653105e-17  2.0247742e-16  2.8292620e-17  5.1641896e-16  -1.7806596e-16  1.5789079e-16  2.9291842e-16  1.3563176e-16  2.9882727e-16  
2.5598692e-17  1.0000000   1.0814408e-16  -2.8226518e-16  3.2317908e-16  -1.8421866e-16  -7.9385132e-17  6.0119838e-16  -1.9204285e-16  6.6255044e-17  1.6970530e-17  
2.1875964e-16  -2.7495795e-16  1.0000000   3.5506924e-17  7.4315127e-16  -7.2159944e-16  1.7385023e-16  -6.6270576e-16  7.0644873e-16  1.0998033e-17  -1.3084682e-16  
5.2282835e-17  -2.0153623e-16  4.0721575e-17  1.0000000   5.1833824e-16  9.1267251e-17  7.7356652e-17  -2.1928566e-16  1.4747145e-16  1.3190855e-16  3.7649671e-16  
-6.0839878e-18  4.2372564e-16  6.6400472e-16  3.9558533e-16  1.0000000   1.2307112e-15  8.6250408e-16  2.8809658e-16  7.2237124e-16  -7.9685561e-16  6.2459701e-16  
4.6102080e-16  4.4622763e-16  -8.2022276e-16  1.0603181e-16  9.7650171e-16  1.0000000   -2.8378223e-16  -3.3851048e-16  1.3046688e-16  -3.5345518e-16  7.7590156e-16  
-5.1625618e-17  -9.4992513e-17  3.4699387e-16  -4.3012579e-17  6.5311244e-16  -8.3378150e-16  1.0000000   4.2999757e-16  -4.8704765e-16  5.0263358e-16  -9.9664861e-17  
2.3241474e-16  5.4836183e-16  -5.3478158e-16  -3.7112603e-16  2.9940449e-16  4.3873780e-16  3.4766638e-16  1.0000000   5.6726543e-16  -5.2192661e-17  3.9891525e-16  
2.6732964e-16  -1.6958037e-16  5.9291123e-16  -1.2727122e-16  4.6507144e-16  -1.1960903e-17  -5.8280509e-16  4.6795074e-16  1.0000000   4.2715293e-16  -1.1315259e-15  
5.6588806e-17  9.8327097e-17  6.3775646e-17  6.1769556e-17  -8.2672104e-16  -3.1678192e-16  4.1411211e-16  -1.3708567e-16  4.9110369e-16  1.0000000   2.5321203e-16  
1.4309819e-16  -1.7281504e-17  -2.1750791e-16  3.1192536e-16  5.5498869e-16  7.8573677e-16  -1.0282599e-16  3.2253659e-16  -1.2341626e-15  2.2374460e-16  1.0000000   
