1.0000000   -4.4772312e-16  -2.0718476e-16  1.1178029e-16  5.3091721e-16  9.7468504e-17  -2.9126342e-17  2.4187927e-16  1.4944501e-16  -8.7751287e-17  -4.8581972e-17  
-3.6087638e-16  1.0000000   -3.8782428e-18  -5.1256613e-16  -3.8537128e-16  8.8897290e-16  -5.1315769e-16  -6.7636441e-16  7.4755489e-16  9.1929509e-16  6.8836477e-16  
2.2407391e-17  -1.2804743e-16  1.0000000   -9.6952815e-16  3.4490471e-16  2.2884734e-16  -3.9102568e-16  1.2509034e-16  1.8876682e-16  -5.7135129e-16  4.5700392e-16  
1.6918854e-16  -4.9664182e-16  -9.7255417e-16  1.0000000   -2.8540452e-16  -2.7869016e-16  9.4744210e-16  1.3485497e-15  -4.0144004e-16  -5.1883684e-16  -7.5348239e-16  
3.4298740e-16  -1.0079724e-16  5.4417245e-16  -2.2041171e-16  1.0000000   -1.0760227e-15  -1.4000861e-15  -1.0701181e-15  -7.3955824e-16  7.9650076e-16  -6.9388770e-16  
1.0667860e-16  1.8169954e-16  -4.4665265e-17  -3.4626031e-16  -1.0296812e-15  1.0000000   1.5167721e-15  4.3022795e-16  3.9952278e-16  -4.3599685e-16  -4.3043673e-17  
2.0938792e-16  -3.2442146e-16  -3.9227912e-16  9.7413470e-16  -1.1716970e-15  1.0610638e-15  1.0000000   -4.9760514e-16  8.1267355e-16  -9.5249679e-16  1.7270917e-16  
2.9984210e-16  -4.1673114e-16  9.2973777e-18  1.3294588e-15  -6.4924647e-16  -5.4045447e-16  -8.7040702e-16  1.0000000   1.2924639e-15  -4.5623979e-16  5.7540981e-16  
2.6121092e-16  7.7410105e-16  2.3671691e-16  -3.7150487e-16  -6.3048265e-16  1.5469699e-16  7.2087375e-16  1.2514770e-15  1.0000000   3.8726669e-16  1.0376196e-15  
-5.6810047e-17  8.4785514e-16  -6.6601201e-16  -3.8459617e-16  7.1685440e-16  -3.2301266e-16  -1.0039581e-15  -4.4808322e-16  2.2543597e-16  1.0000000   -1.5489395e-16  
-1.0718943e-16  6.5172458e-16  4.4248239e-16  -7.9670564e-16  -6.3686629e-16  -5.0614454e-17  1.7345541e-16  4.8640189e-16  1.0507960e-15  -9.8679338e-17  1.0000000   
