1.0000000   -3.4755284e-17  1.3873802e-16  -1.4802050e-16  2.7696028e-17  4.9375190e-16  2.0379961e-16  -4.4134606e-17  1.6617071e-16  -1.2336337e-16  3.1097868e-16  
-8.0623692e-17  1.0000000   4.0930721e-17  2.0183556e-16  -1.3329629e-17  -2.8581742e-16  -1.8508435e-16  4.8317865e-16  2.4251813e-17  -9.9342912e-17  7.0127330e-17  
4.3497314e-16  5.1095440e-17  1.0000000   1.4475357e-17  -9.8725334e-17  3.6185627e-16  -8.9511202e-16  6.3403206e-16  -7.0421681e-16  5.9066122e-17  -9.9936627e-16  
-1.9365468e-16  2.9279534e-16  -6.1524023e-17  1.0000000   -2.8848581e-16  -1.8265387e-16  -3.4796279e-16  6.4733461e-17  1.0640990e-16  -3.2119067e-16  5.3247067e-16  
4.7998131e-17  3.9807966e-17  -4.7374705e-17  -2.6105689e-16  1.0000000   5.2893762e-16  1.5170918e-15  -1.0852655e-16  -2.6528089e-16  -3.3665570e-16  1.3027706e-16  
5.3651100e-16  -2.9607681e-16  3.1574856e-16  -1.6328910e-16  4.8936986e-16  1.0000000   -3.4779692e-16  8.4105856e-16  4.2681150e-16  -2.1866983e-17  -1.4759083e-16  
-2.4610182e-16  -1.9270542e-16  -7.2905734e-16  1.1580216e-16  1.5825817e-15  -3.7799683e-16  1.0000000   -6.9908406e-16  1.4716258e-15  -3.0156071e-16  -6.2649320e-16  
-9.3695895e-17  3.3198458e-16  6.4344537e-16  -1.2918733e-16  -9.9734134e-17  7.9067205e-16  -6.8513162e-16  1.0000000   -5.4921888e-16  -4.3935659e-16  5.1541574e-16  
2.2997148e-16  2.3251635e-17  -6.6069482e-16  9.4834592e-17  -2.4723851e-16  4.2324293e-16  1.4560242e-15  -3.7252755e-16  1.0000000   8.5176237e-16  -5.9424487e-16  
-1.7526967e-16  -1.0419525e-16  1.0205888e-16  -3.5176595e-16  -4.1260931e-16  3.2696944e-17  -3.5594689e-16  -4.6737190e-16  8.6464512e-16  1.0000000   4.8142473e-16  
1.9245510e-16  6.1151278e-17  -9.4781543e-16  5.6686789e-16  1.2847330e-16  -3.4003037e-16  -6.4658532e-16  5.3992887e-16  -5.5046821e-16  4.3940724e-16  1.0000000   
