1.0000000   7.8207766e-16  2.6670548e-16  -2.3347170e-16  3.1400820e-16  7.3662436e-17  -1.3447717e-16  -1.0927361e-16  1.4742441e-15  -3.9338796e-16  1.3590053e-16  
7.6062631e-16  1.0000000   2.5779709e-16  2.2558162e-16  -4.0403209e-18  -2.0289297e-16  9.9883150e-16  -5.3156170e-16  -2.8258766e-16  3.5286568e-17  2.8724121e-16  
1.5956229e-16  3.5716211e-16  1.0000000   -1.2665154e-16  -1.5255495e-16  9.2730928e-16  -3.1747138e-16  3.2739780e-16  2.5372042e-16  -3.9875742e-16  -6.0396160e-16  
-2.4640283e-16  3.2011432e-16  -1.1297166e-16  1.0000000   1.4919999e-17  2.0001904e-16  3.2923751e-16  -4.6053813e-16  -3.9843000e-16  4.1877687e-16  3.6246149e-16  
5.6567428e-16  9.2542172e-17  -2.2854233e-16  6.3986844e-17  1.0000000   -9.6466876e-16  -2.8959599e-16  -4.5901369e-17  -7.5392680e-16  3.0031518e-16  2.2129964e-16  
-1.0171320e-16  -2.2608071e-16  8.7456713e-16  -7.2328832e-17  -9.0585748e-16  1.0000000   -3.8702120e-16  4.8304674e-16  5.6746648e-17  2.9815103e-17  -3.0575179e-16  
6.5762784e-17  1.0686972e-15  -2.6262430e-16  1.9344610e-16  -2.9614621e-16  -4.5099256e-16  1.0000000   -8.2943280e-16  -6.8722615e-17  -2.1235080e-16  -7.0378570e-16  
-1.1929982e-16  -4.6829880e-16  3.1733412e-16  -4.1566365e-16  1.1448455e-16  6.5819794e-16  -8.5963267e-16  1.0000000   -2.0878489e-16  7.1618257e-17  3.9119137e-16  
1.4322984e-15  -2.0735679e-16  8.1263264e-16  1.9020720e-16  -5.6466826e-16  -4.3665521e-16  -5.3803346e-17  -7.3885447e-17  1.0000000   7.5526475e-16  1.0038721e-15  
-2.4360569e-16  3.5791934e-17  -4.2719612e-16  3.7634937e-16  3.7614172e-16  9.2316917e-17  -2.1414490e-16  1.3944940e-16  7.5251984e-16  1.0000000   3.0789563e-16  
1.0084578e-16  1.8941351e-16  -6.2732107e-16  4.4235195e-16  2.7827658e-16  -3.7105125e-16  -6.4303967e-16  3.8383425e-16  8.8609768e-16  2.6828413e-16  1.0000000   
