1.0000000   1.9878534e-17  -5.9895809e-17  1.0019636e-16  -1.9735632e-16  6.2959125e-17  7.7980828e-17  1.4104450e-16  -2.3611958e-16  3.2844984e-16  2.7057623e-16  
-8.3770175e-19  1.0000000   2.0778851e-16  4.4939703e-17  3.3973109e-16  -9.7315855e-17  -2.1060189e-16  -1.2406881e-16  1.3699247e-16  2.5982912e-16  6.9410597e-16  
9.4180702e-18  2.8522320e-16  1.0000000   -2.6748025e-16  6.1317004e-16  7.1969893e-16  2.4262145e-16  2.6915622e-16  2.9106105e-16  5.7689867e-16  2.7898174e-16  
1.9200131e-17  2.4397686e-16  5.4854694e-17  1.0000000   5.5883828e-16  -2.8113044e-16  -9.3272705e-16  4.3614810e-16  4.8613129e-16  2.6197322e-16  6.2361742e-17  
-1.6001312e-16  3.3648416e-16  2.9774925e-16  -2.7325299e-16  1.0000000   1.0693247e-16  -5.0639513e-16  -5.3118135e-16  -1.0386915e-15  2.7661019e-18  -9.0908192e-16  
1.6697808e-16  -1.2475741e-16  7.0169069e-16  -2.8182405e-16  9.0270478e-17  1.0000000   -7.7511300e-17  1.6398485e-16  -2.8512481e-16  5.3457411e-16  -6.7893164e-16  
1.7358503e-16  -2.1704575e-16  2.7176736e-16  -8.5012745e-16  -5.9520799e-16  4.8716925e-17  1.0000000   -7.2340392e-16  3.7942032e-16  -5.9080914e-16  -1.8032569e-16  
2.2617926e-16  -1.2374175e-16  3.0099853e-16  3.3561989e-16  -4.7495902e-16  7.3612389e-17  -7.1566556e-16  1.0000000   -2.1914850e-16  -2.4018993e-16  7.9772547e-16  
-2.0010470e-16  4.0944724e-16  -6.0213424e-16  -1.1353986e-15  -1.0747583e-16  -3.5808117e-16  2.5661050e-16  -1.8356618e-16  1.0000000   2.8170728e-17  -1.4083024e-16  
4.3516944e-16  2.6959253e-16  5.5229723e-16  2.1797649e-16  -3.1786202e-17  5.6290941e-16  -5.8786891e-16  -3.5443597e-17  -1.6771550e-17  1.0000000   3.8076672e-16  
3.3977403e-18  7.8340739e-16  6.5647595e-17  -2.1192362e-16  -7.0251303e-16  -6.4437735e-16  4.9902946e-18  7.2581830e-16  -1.1714127e-16  4.2391966e-16  1.0000000   
