1.0000000   8.1052562e-18  2.9270333e-17  -1.1615992e-16  1.3195937e-16  -5.8337949e-17  -7.3251575e-17  5.1000359e-17  -4.4253243e-18  -1.4591295e-17  -3.2413569e-18  
1.1747543e-16  1.0000000   -5.8350436e-16  4.4004145e-16  -8.8055177e-16  5.6586925e-16  1.0056055e-15  -2.6835493e-16  -2.9997160e-16  4.6766879e-16  8.6134657e-16  
-1.4338601e-16  -7.2561250e-16  1.0000000   5.4127012e-16  -8.3163836e-16  -1.3616205e-16  -3.1758124e-16  -6.7505005e-16  7.5446801e-16  6.9401830e-16  -4.8558959e-16  
2.1739479e-17  1.8278108e-16  5.4093353e-16  1.0000000   6.2084349e-16  3.0272990e-16  -5.0263464e-18  3.3292201e-16  -1.7825785e-16  -1.8383636e-16  -2.0192588e-16  
-1.4154899e-16  -5.8157763e-16  -7.3477768e-16  6.2783797e-16  1.0000000   8.5918089e-16  -1.3882738e-16  -2.5925190e-16  -1.5483593e-15  9.7481806e-17  4.6751984e-16  
8.2505685e-17  6.0558717e-16  -1.2499756e-16  2.3677994e-16  8.3019022e-16  1.0000000   1.1157708e-16  -5.3744231e-16  5.3823550e-16  -1.8881817e-16  1.6638236e-16  
7.8097259e-17  1.0049043e-15  -3.6960222e-16  -3.2004023e-16  1.5386295e-16  1.8524385e-16  1.0000000   -5.4723522e-16  3.6040749e-17  -1.0077410e-15  -2.6238709e-16  
-6.8113135e-17  -2.9541878e-16  -5.0065770e-16  2.8900335e-16  -5.1410506e-16  -4.8587048e-16  -5.5311310e-16  1.0000000   -8.1928359e-16  -1.4530250e-16  8.6178826e-17  
-1.6105995e-16  -3.9199596e-16  7.3153116e-16  -1.1608939e-16  -1.5604952e-15  6.3097946e-16  4.4630126e-17  -9.1490213e-16  1.0000000   2.0270808e-16  7.2793503e-16  
-1.2818539e-17  4.8090668e-16  5.9616530e-16  -2.5319716e-16  1.2271163e-16  -1.2883606e-16  -9.7682374e-16  -2.4350308e-16  2.0076899e-16  1.0000000   -6.1912963e-16  
1.1920358e-16  8.4662944e-16  -4.8549557e-16  -1.2130189e-16  4.6394366e-16  -7.3057650e-18  -2.4056075e-16  2.6191953e-17  9.0126889e-16  -6.4453215e-16  1.0000000   
