1.0000000   8.8050690e-17  6.0166235e-17  1.8887379e-16  -5.3686273e-17  -1.2225309e-16  1.2326841e-17  8.8110691e-17  -1.4085857e-16  -1.3719041e-16  -1.2674398e-16  
4.6566308e-17  1.0000000   4.9727070e-17  -9.6795626e-17  -1.1381760e-15  1.1187321e-16  -1.7018644e-16  -3.0819767e-16  8.2581383e-16  -2.2148419e-16  4.8368329e-16  
4.0835355e-18  -5.6458113e-17  1.0000000   2.6164502e-16  4.9657224e-16  1.5421704e-16  2.4713377e-16  -4.4146715e-17  2.8793677e-16  -4.7757617e-16  -6.6290880e-16  
3.9982096e-17  -1.7667697e-16  3.5597137e-17  1.0000000   7.1279310e-16  1.0033320e-17  -5.1024338e-16  -2.8799239e-17  -6.4146365e-16  4.2569852e-16  3.7941909e-16  
2.6505610e-16  -1.5329655e-15  5.1654140e-16  7.1905160e-16  1.0000000   -4.6818197e-16  9.1387591e-16  7.3077810e-16  9.8163925e-17  -1.5664838e-16  -4.0357562e-16  
-1.3197690e-16  5.7757127e-16  2.8845145e-16  -4.2107746e-17  -2.5352702e-17  1.0000000   4.4131259e-16  -1.1384439e-15  1.1692932e-17  -5.9173281e-18  1.4618067e-16  
-3.9534418e-16  -9.5774870e-17  5.8182378e-16  -5.9782002e-16  1.0910419e-15  -4.8997224e-16  1.0000000   -5.8378530e-17  2.6052994e-16  6.1157535e-16  8.7405330e-17  
-3.7358859e-17  -2.8997592e-16  3.2149524e-18  -1.7130668e-16  8.5245530e-16  -1.3109376e-15  6.9262162e-17  1.0000000   -3.1706356e-16  9.1428114e-17  6.2862211e-16  
-1.8120362e-16  8.0162206e-16  2.8378609e-16  -6.2654780e-16  -4.0136026e-17  1.1027459e-16  2.3987508e-16  -2.7687238e-16  1.0000000   8.1014430e-16  -3.3020563e-16  
-3.9080894e-16  -2.1911116e-16  -6.4170933e-16  5.1828077e-16  -1.7825668e-16  3.7325691e-17  6.1629048e-16  1.3990885e-16  9.1068030e-16  1.0000000   -7.6290563e-16  
-7.9686964e-17  5.4471536e-16  -5.8006108e-16  2.8918298e-16  -5.2541538e-16  1.6463382e-16  3.8108859e-17  4.8593094e-16  -2.8673336e-16  -7.4476769e-16  1.0000000   
