1.0000000   3.0854111e-16  -5.1726239e-16  -3.7928864e-16  -3.7745038e-16  1.9536012e-16  -1.9862114e-16  -1.2576938e-16  -1.0686773e-15  1.1528846e-16  -4.1968206e-17  
3.1177860e-16  1.0000000   4.5105693e-16  -1.6489574e-16  1.1617576e-16  -1.0042825e-15  -3.0944075e-16  -3.6768253e-16  -5.6768787e-17  6.4932860e-16  1.5731611e-16  
-1.1712445e-15  6.1546680e-16  1.0000000   1.7270846e-15  3.5393347e-16  -5.2101725e-16  8.9026557e-16  2.0291613e-15  -1.6184969e-16  3.1512662e-16  -4.4164510e-17  
-4.4041537e-16  6.5462429e-17  1.5917369e-15  1.0000000   6.3693327e-16  2.3581405e-16  1.1034733e-15  8.0784055e-16  -1.2925057e-16  -1.2888763e-15  -3.4335292e-16  
-3.3438681e-16  2.7561500e-16  1.2588611e-16  6.5218468e-16  1.0000000   -2.2505036e-16  4.9472795e-16  5.7823148e-17  2.9836199e-16  1.3975281e-16  6.2242946e-16  
3.6345956e-16  -3.9189954e-16  -5.5912064e-16  8.7160574e-16  4.7909707e-16  1.0000000   3.2019004e-16  9.3098241e-16  2.6217553e-17  8.3826072e-16  -5.3228712e-17  
-6.2713716e-17  -3.3586251e-16  9.0535122e-16  1.1006147e-15  1.8022431e-16  1.3230094e-16  1.0000000   -4.4498191e-16  -5.8738885e-16  1.4241277e-15  6.9401814e-16  
-2.4266361e-16  -3.0366499e-16  1.8760304e-15  9.2505409e-16  -1.5306329e-17  9.9017101e-16  -5.1991659e-16  1.0000000   2.0775831e-16  5.8757957e-16  5.7861668e-16  
-6.5566162e-16  -1.6742318e-16  -3.1140753e-16  -1.4550986e-16  1.3999643e-16  -3.6297786e-17  -6.9909456e-16  2.1607943e-16  1.0000000   1.0979573e-15  -7.9525806e-16  
3.8000504e-16  5.2040589e-16  4.2834034e-16  -1.2988179e-15  -6.4354428e-18  6.6731379e-16  1.5820939e-15  6.8702301e-16  1.1160589e-15  1.0000000   -6.5439685e-16  
-1.8010964e-16  -3.9884128e-16  -3.1852505e-16  -7.7777480e-16  3.7918955e-16  -8.6266973e-16  7.4153753e-16  4.0567584e-16  -7.4737952e-16  -5.2974473e-16  1.0000000   
