1.0000000   2.2226869e-16  1.7931172e-16  3.5771282e-17  3.7071988e-17  -1.9507361e-16  -1.3455290e-17  -1.8089179e-16  7.8693230e-17  -1.8575362e-16  -4.2901742e-17  
1.5668955e-16  1.0000000   1.4878775e-16  -1.0229744e-15  -7.8268247e-17  4.1705424e-16  2.9415575e-17  -2.7970467e-16  3.1730742e-16  3.4922625e-16  -1.8841537e-16  
3.6843278e-17  9.1150952e-17  1.0000000   4.3075562e-16  4.4584687e-16  9.2436504e-16  7.0424815e-16  -5.0288626e-16  -6.0422899e-16  -3.8775999e-16  4.2054762e-17  
-9.5142029e-18  -9.3378987e-16  4.4950235e-16  1.0000000   6.3327538e-16  1.4586927e-15  -1.0503438e-15  -7.2529578e-17  5.3213159e-16  -1.2303907e-15  -1.1976792e-16  
3.1767272e-16  -8.9739313e-17  4.3322454e-16  6.4805456e-16  1.0000000   -6.5463725e-16  6.1347468e-16  3.9671288e-16  -1.9279235e-16  3.1169424e-16  3.0053068e-16  
-1.6172828e-16  3.4056299e-16  9.8606444e-16  1.5153423e-15  -6.8603409e-16  1.0000000   3.7681603e-16  -7.5542356e-16  -2.4845067e-16  -4.4727646e-16  -1.5263031e-17  
-1.1418035e-16  -1.5417176e-16  6.7348152e-16  -1.0760834e-15  4.8017345e-16  2.6927473e-16  1.0000000   -3.0773477e-16  -1.3926037e-16  4.4222741e-16  -6.2295038e-17  
-1.1341611e-17  8.3095488e-18  -3.7360119e-16  -1.3018546e-16  5.2043700e-16  -5.5269407e-16  -3.4240384e-16  1.0000000   2.1593120e-16  4.9057450e-16  -1.2308913e-16  
4.7685872e-17  2.6842268e-16  -6.7022232e-16  5.4128207e-16  -2.2586148e-16  -2.3655081e-16  -1.7133653e-16  2.8024010e-16  1.0000000   -9.1780814e-16  -1.0017774e-16  
-5.5150991e-17  3.0960638e-16  -3.3277868e-16  -1.1590309e-15  3.2114477e-16  -4.4027913e-16  4.0177914e-16  6.4665306e-16  -7.4922380e-16  1.0000000   2.1117696e-16  
-5.6989356e-17  -1.7936235e-16  9.7031012e-17  9.1818371e-19  3.7799353e-16  -1.7972227e-17  -2.5276225e-16  -1.3433096e-16  -1.7338426e-16  2.4573876e-16  1.0000000   
