1.0000000   3.0791569e-16  2.8893916e-16  -3.2941320e-16  1.1475573e-17  3.7020795e-17  4.8044930e-16  -3.8065218e-16  1.4499354e-16  5.9837926e-16  9.8226136e-17  
2.3142743e-16  1.0000000   -7.4809031e-16  3.6601929e-16  -3.5650673e-16  2.1121507e-16  -4.6426110e-16  1.6999140e-16  -2.3489995e-16  2.9109285e-16  -3.8123338e-17  
4.2013155e-17  -7.7477100e-16  1.0000000   3.3036980e-16  1.7675352e-16  2.9042152e-17  -3.7928861e-16  -4.8909276e-16  9.4292489e-17  -2.6524893e-16  5.7801528e-17  
-4.1025077e-16  4.1813173e-16  4.0932507e-16  1.0000000   -2.9992363e-16  5.4267922e-17  -4.6224719e-18  -2.8927038e-16  1.9508484e-16  5.9001289e-16  -4.8371585e-16  
6.0718723e-17  -5.3037041e-16  9.8988135e-17  -4.9709823e-16  1.0000000   -3.8054359e-16  -1.2678811e-16  -1.0248319e-16  2.2857478e-16  1.1326448e-17  -5.2833765e-16  
-5.2881486e-17  2.9244730e-16  -8.3415275e-18  -4.1365950e-17  -3.8635218e-16  1.0000000   8.7247092e-16  -1.7906573e-16  3.7875747e-16  3.2035748e-16  -1.1372086e-15  
7.8803432e-16  -2.4217657e-16  -4.2969173e-16  6.5425757e-17  -1.4512084e-17  6.1214888e-16  1.0000000   1.3941628e-17  -9.8373509e-16  -5.6935130e-16  2.2076940e-16  
-1.9902034e-16  4.9805948e-16  -3.4052879e-16  -2.2058042e-16  -3.5203159e-17  -5.5176406e-16  4.3044306e-16  1.0000000   -9.5932616e-16  3.7101167e-16  -4.5179297e-16  
5.0820752e-17  -1.4150697e-16  1.2034219e-16  1.5135332e-16  1.9116031e-16  2.4374933e-16  -9.2134693e-16  -1.0210504e-15  1.0000000   -3.7806660e-16  -1.9739425e-16  
7.0829922e-16  3.8692155e-16  -2.5794281e-16  5.3820550e-16  -9.8409822e-17  3.6694452e-16  -5.2895649e-16  3.3698333e-16  -1.9436823e-16  1.0000000   8.0854885e-16  
-9.5174740e-19  -7.0698849e-17  6.6958802e-17  -5.0370974e-16  -5.5827264e-16  -1.1236985e-15  2.5861208e-16  -2.8382126e-16  -3.6206932e-16  7.9472602e-16  1.0000000   
