1.0000000   6.0412590e-17  3.2246572e-16  -1.6994881e-18  4.5152270e-16  -1.4847966e-16  -1.1216155e-15  -1.7623418e-16  -1.0995996e-16  -2.3937044e-16  7.2639296e-17  
-3.6895064e-17  1.0000000   -3.5966631e-16  6.6959344e-17  -5.4520253e-18  1.9605705e-16  -2.8496029e-16  -9.4098721e-18  3.9722438e-16  3.9750966e-16  -9.4075655e-17  
5.4153036e-16  -2.3695060e-16  1.0000000   -7.1888498e-16  -1.7443968e-16  4.5830110e-16  2.0573335e-16  -2.6222931e-16  -2.6013718e-16  5.2778522e-16  3.1710115e-16  
4.9667838e-17  1.4557864e-16  -7.5713198e-16  1.0000000   3.0132992e-17  -2.7075101e-16  3.3233793e-16  -2.5988901e-17  -3.0212751e-16  4.2865689e-16  7.7403022e-17  
5.4413868e-16  3.8193309e-16  -1.2952950e-16  1.2457806e-16  1.0000000   8.0405803e-18  5.7436715e-17  3.0934036e-16  -6.5857524e-16  2.3897260e-16  6.1405714e-16  
-1.6598119e-16  3.8726477e-16  3.9256547e-16  -2.1771284e-16  2.2617693e-16  1.0000000   -5.8287078e-16  1.5422580e-16  3.8027714e-17  -7.3062897e-16  2.8381653e-16  
-1.1606495e-15  -1.0221083e-15  1.7970170e-16  1.4719380e-16  5.1078245e-16  -6.6642748e-17  1.0000000   -1.6883448e-16  5.7630427e-16  -9.1300074e-17  1.5966648e-16  
-2.6568269e-16  4.8571268e-17  -3.3752762e-16  1.6278271e-17  4.0525849e-16  3.5122621e-16  -1.4085311e-16  1.0000000   1.8372264e-16  -6.1580117e-18  -2.9969699e-16  
-1.2870025e-16  1.0994533e-16  -2.7054083e-16  -1.9864815e-17  -3.9176805e-16  1.4080780e-16  6.0962271e-16  -7.5394370e-18  1.0000000   1.0742890e-15  7.4765735e-16  
-1.4955412e-16  4.6084376e-16  6.2083072e-16  3.6930914e-16  2.1509707e-16  -1.0050923e-15  -1.5922822e-16  2.8819155e-18  1.1096050e-15  1.0000000   1.1260230e-15  
1.3842842e-16  -1.1874506e-16  2.2713048e-16  1.0752281e-16  6.0562261e-16  4.2544267e-16  6.7639770e-16  -4.2446467e-16  9.1578831e-16  1.0317782e-15  1.0000000   
