1.0000000   -5.0309530e-17  -2.7359657e-16  2.5316332e-17  -2.3518776e-17  1.2725684e-16  -2.8697451e-18  7.5090150e-17  6.7959503e-17  1.0913821e-16  8.1588594e-17  
1.6385935e-16  1.0000000   7.9708058e-16  1.2291311e-16  1.1171626e-15  9.9107178e-18  -1.6902814e-16  -5.2144319e-16  -3.0289129e-17  -8.0722289e-17  7.8759380e-17  
2.1432570e-16  8.2700643e-16  1.0000000   -6.4523162e-16  -6.9604453e-16  -1.0014995e-15  -3.4166777e-16  7.4206694e-16  2.2887204e-16  5.0633087e-16  4.5614403e-16  
6.6977352e-17  1.0596783e-16  -8.7365970e-16  1.0000000   -4.6157098e-16  2.5122723e-17  -4.8922177e-16  7.9522212e-16  2.2285893e-16  5.3057413e-16  4.3157599e-16  
-3.9352033e-17  1.0963186e-15  -7.4182950e-16  -4.8519983e-16  1.0000000   -4.9942107e-16  -3.4759612e-16  7.2247321e-17  -6.9989191e-16  2.2756761e-16  -6.1116206e-16  
1.4208697e-16  -1.4911614e-16  -8.7420191e-16  3.7458528e-17  -4.9078835e-16  1.0000000   -5.9790641e-16  6.9980785e-16  1.2041600e-16  -6.1116122e-16  1.0737921e-16  
1.5608405e-17  -1.8679730e-16  -3.6901524e-16  -4.5710687e-16  -3.0469712e-16  -5.6517808e-16  1.0000000   -3.4551308e-16  8.1107273e-16  -1.7362746e-16  -5.1831640e-17  
2.0843138e-16  -5.5551977e-16  8.6578211e-16  9.0638881e-16  4.0515175e-17  7.3782429e-16  -2.7448322e-16  1.0000000   -8.2375324e-16  5.5290502e-17  -7.6160438e-16  
-1.2078460e-16  3.4448068e-17  1.9932339e-16  2.8070371e-16  -7.2450667e-16  9.9021328e-18  9.2192092e-16  -7.7418672e-16  1.0000000   7.1614948e-16  5.8720390e-16  
-1.4767241e-16  -9.9567198e-17  5.0106469e-16  5.9786937e-16  1.7674508e-16  -7.6499624e-16  -2.5685552e-16  1.5360538e-16  7.1095210e-16  1.0000000   9.5632688e-16  
1.5507504e-16  -1.8463757e-17  4.8326252e-16  5.0973236e-16  -6.8194685e-16  2.1652449e-16  -2.9394542e-16  -8.4326153e-16  5.0577015e-16  9.2959621e-16  1.0000000   
