1.0000000   7.4021657e-17  3.1882518e-16  -2.4666206e-16  5.6038587e-17  -3.0986968e-16  3.1777172e-17  -1.5366741e-16  -7.2903134e-17  9.4137607e-17  1.3096363e-16  
-2.8371652e-17  1.0000000   -3.5818396e-17  1.0632379e-16  1.8782083e-17  3.7755110e-16  -4.9118940e-17  4.9760701e-16  2.2287074e-16  -1.4352614e-16  -9.1333611e-17  
1.9953650e-16  1.3557678e-16  1.0000000   1.7072102e-16  3.6173246e-16  -4.1538067e-16  2.9114753e-16  -1.1877946e-15  6.0525794e-16  7.9518286e-16  -4.8974986e-16  
-2.1468158e-17  1.7486337e-16  -7.5736452e-18  1.0000000   -6.3763690e-16  -4.8802922e-16  2.4758782e-16  4.7167188e-17  1.9592176e-16  -9.1011941e-16  -8.0318713e-16  
2.5392040e-16  -1.4633684e-16  5.6783427e-16  -6.8317289e-16  1.0000000   -7.5013938e-16  -1.0491682e-15  -5.7912753e-16  1.0782529e-15  -9.6182508e-16  7.8654040e-16  
-2.2098464e-16  3.7171896e-16  -1.7185463e-16  -1.4043956e-16  -7.7330284e-16  1.0000000   -1.3925516e-16  -4.1181387e-16  3.3720149e-16  -1.3532374e-16  5.1510361e-16  
-8.2752182e-18  1.2557610e-17  3.5756508e-17  -4.4025570e-17  -7.9337376e-16  1.0345560e-16  1.0000000   8.5401823e-16  -3.7141709e-16  1.8450691e-16  3.5465693e-16  
8.3116300e-17  7.0751663e-16  -7.6604656e-16  1.5844363e-16  -7.8303388e-16  -2.2102089e-16  -2.6811973e-16  1.0000000   9.8220572e-16  3.2454742e-16  -4.3406966e-16  
-7.8521978e-17  1.5739275e-16  4.1685991e-16  1.9654170e-16  1.2293986e-15  2.3189464e-16  1.8867728e-16  1.0683292e-15  1.0000000   1.2493510e-15  -2.9625824e-17  
2.0911678e-16  -1.0408809e-16  7.8246472e-16  -9.0279993e-16  -8.9654467e-16  -1.8988153e-16  -4.1529046e-17  3.5848687e-16  1.1886209e-15  1.0000000   -7.3509754e-16  
1.7360926e-17  -1.4716440e-16  -5.8488820e-16  -1.0261660e-15  6.7129479e-16  4.8075388e-16  3.8212451e-16  -6.2888300e-16  -3.1435934e-16  -6.9757737e-16  1.0000000   
