1.0000000   1.2618100e-16  4.5690948e-16  -3.5234619e-16  6.0602129e-16  -3.9135753e-17  2.7566777e-16  -2.4446638e-17  3.0734437e-16  -3.7630440e-17  1.0385402e-16  
1.9641401e-16  1.0000000   -4.4119153e-16  4.2346696e-17  -2.9797369e-16  -2.5785791e-16  -3.2490400e-16  -3.8109639e-16  -1.7586386e-16  -2.3461878e-17  -3.2690930e-16  
1.2950342e-16  -3.7524315e-16  1.0000000   -5.0010980e-16  5.2304336e-16  -4.0598269e-16  2.8973793e-16  -2.0308067e-16  2.0203255e-16  3.1512868e-16  -8.4049809e-17  
-3.3407922e-16  -4.1150026e-16  -6.3551613e-16  1.0000000   -9.9388372e-17  -1.6449962e-16  2.7690878e-16  1.1382834e-15  -6.0697999e-16  2.9917737e-17  1.0797996e-16  
6.5494332e-16  3.4084702e-16  4.0709303e-16  -1.5457320e-16  1.0000000   1.6366814e-16  -1.7320617e-16  -2.5520326e-17  8.7238630e-16  2.9151639e-16  1.8848358e-16  
1.2047127e-17  -3.1981303e-16  -5.0749141e-16  -1.5045211e-16  1.4345771e-16  1.0000000   -3.5756658e-16  8.0327974e-17  1.0549356e-16  -4.4388464e-16  9.5301298e-18  
2.1816645e-16  -2.8036217e-16  2.1514747e-16  2.8519648e-16  -2.6840831e-16  -4.0203180e-16  1.0000000   -1.3416351e-16  6.3214400e-16  2.2973374e-16  -1.0962979e-16  
-1.0641517e-16  -4.0179208e-16  -1.8965300e-16  1.0251705e-15  -9.4050665e-18  7.4427703e-17  -7.8877773e-17  1.0000000   -2.6035723e-16  6.6884513e-16  7.2298180e-17  
3.6599647e-16  -2.3003464e-16  2.2055110e-16  -6.1465201e-16  8.9046483e-16  7.6879740e-17  6.5300689e-16  -3.5989068e-16  1.0000000   1.4117404e-16  -7.7623052e-17  
-5.8864838e-17  -2.7658928e-17  2.6731981e-16  7.2037583e-17  2.8097468e-16  -1.4657065e-16  2.8733999e-16  6.4204611e-16  1.3855871e-16  1.0000000   2.2732670e-17  
2.1362669e-16  -7.3842956e-17  -9.2649311e-17  -3.0143205e-16  1.7398688e-16  -4.3065802e-18  -1.2517211e-16  8.7831917e-17  -2.0876842e-16  4.3423991e-17  1.0000000   
