1.0000000   1.4862271e-16  -2.1700669e-16  1.3708964e-16  9.3026069e-17  2.7849385e-16  -4.5996658e-16  1.0683342e-16  -9.6750782e-17  1.9834812e-16  -2.3742687e-16  
1.6144318e-16  1.0000000   -1.6270699e-16  1.1807672e-16  5.6006734e-16  3.6140969e-16  1.9694292e-16  -1.4579770e-16  -2.9374552e-16  -9.0397220e-16  4.3162681e-17  
-4.2166600e-16  -1.8858313e-16  1.0000000   -3.3515875e-16  -8.9299576e-17  2.3376795e-16  2.2008972e-16  7.5861687e-17  -1.1649271e-15  7.8233717e-16  6.1570825e-16  
-1.0666515e-16  2.8559801e-16  4.2993209e-17  1.0000000   -5.7025774e-17  -2.3374947e-16  -3.9582247e-17  -9.8132081e-17  -2.1975821e-16  1.1065166e-16  -9.7861295e-16  
1.0508476e-16  4.2159175e-16  2.6987002e-18  -1.0007739e-17  1.0000000   -3.2653672e-16  -6.0904762e-17  1.1899165e-16  1.2699299e-16  4.6831907e-16  1.6690396e-16  
3.7547419e-16  3.0337112e-16  1.5281411e-16  -3.8100009e-16  -4.1647574e-16  1.0000000   -3.2699502e-16  -4.4686309e-17  -7.4825360e-16  2.4585967e-16  2.8442347e-17  
-1.6228052e-16  7.4219158e-17  -4.8795053e-18  -4.0201705e-16  -2.0200497e-16  -3.4122117e-16  1.0000000   -1.3333399e-17  -8.9623521e-16  2.7573400e-16  2.1741811e-16  
1.2366754e-16  -1.0103283e-16  9.9317718e-17  -7.8618271e-17  2.4746174e-17  -3.6203110e-17  -2.7751768e-17  1.0000000   -2.9301914e-16  -2.4819508e-16  6.6005387e-17  
-1.8441950e-16  -1.5865279e-16  -5.1576644e-16  7.9682912e-16  2.6285078e-16  -7.8396524e-16  -6.8278706e-17  -2.9573161e-16  1.0000000   -2.8651237e-16  4.6460525e-16  
3.2146245e-16  -9.6532190e-16  4.7001720e-16  -2.3534649e-16  3.5465935e-16  2.6956059e-16  -1.0532581e-16  -2.3303393e-16  -3.6485788e-16  1.0000000   1.2914474e-16  
-1.5493381e-16  6.5222807e-17  6.5141704e-16  -9.3907070e-16  1.4305567e-16  1.9775387e-17  1.8413480e-16  5.5734874e-17  4.6683468e-16  8.3591392e-17  1.0000000   
