1.0000000   -3.1790416e-16  4.1464148e-16  1.6871564e-17  1.1152516e-16  -3.9394789e-18  8.3782552e-17  4.2843592e-17  1.8288803e-17  2.6466581e-17  3.5523794e-17  
-6.6536483e-17  1.0000000   3.1807731e-16  2.2565867e-17  -6.8422515e-16  1.7273676e-16  9.6510725e-16  -1.8768444e-16  -8.0786546e-16  -3.3961492e-17  1.0712292e-16  
-4.2960142e-16  1.3467471e-16  1.0000000   -7.7358434e-17  -5.6112609e-16  2.8351134e-16  2.9458191e-17  -2.5162189e-16  7.5380685e-16  3.0815745e-16  7.8214175e-17  
4.0471266e-17  1.2200704e-16  -1.2297339e-16  1.0000000   1.1847583e-16  4.8500344e-16  4.1313427e-16  -6.6792217e-16  5.3287669e-16  8.8868450e-16  -8.3981623e-16  
3.2911760e-17  -9.7663442e-16  -5.8683218e-16  -9.1839589e-18  1.0000000   1.0133184e-15  -6.4148786e-17  -7.1388796e-17  1.5868068e-16  -7.0001505e-17  7.9834330e-16  
3.0362138e-18  -5.2250364e-16  1.3121846e-16  4.0500258e-16  1.0191410e-15  1.0000000   1.0947933e-15  -1.0761010e-15  1.1159932e-16  6.6539216e-17  4.1971499e-16  
-3.3663655e-17  9.8157549e-16  -2.6870303e-16  3.6738160e-16  -4.3912798e-17  1.1602355e-15  1.0000000   -4.0154904e-16  7.6236413e-16  -1.0810975e-16  1.8294429e-16  
8.0896470e-18  -4.8029191e-16  -2.9245490e-16  -7.0306987e-16  1.1467270e-16  -5.4049876e-16  -3.1417746e-16  1.0000000   4.1692207e-16  -3.4681374e-17  1.6559706e-16  
2.0239253e-16  -6.0839525e-16  7.2402137e-16  6.5599897e-16  1.0601079e-16  2.7776705e-17  6.5094247e-16  4.2962854e-16  1.0000000   -8.6967759e-16  4.9578236e-16  
-3.4399351e-17  1.6328449e-17  3.0496875e-16  7.7498013e-16  6.6475490e-17  2.6020398e-16  -1.0076775e-16  -4.4285381e-18  -8.9147246e-16  1.0000000   2.5161453e-16  
1.1834245e-16  1.1275870e-16  9.8094462e-17  -9.1842258e-16  7.1757702e-16  3.7086660e-16  2.0588279e-16  5.6474016e-17  4.5919647e-16  1.4067354e-16  1.0000000   
