1.0000000   8.9494369e-17  -5.6785246e-17  1.6252740e-17  1.6381440e-16  -7.1898597e-17  -1.4679466e-16  -2.5208929e-16  1.4486463e-16  1.1616968e-16  1.6255540e-16  
4.4614794e-17  1.0000000   -1.8901113e-16  -3.4328879e-17  -4.7143108e-16  -1.5137652e-16  -6.3605063e-16  -2.1688152e-16  4.3929147e-16  -1.4380114e-17  7.8538169e-17  
-1.5016341e-16  -3.6349690e-16  1.0000000   -3.4612017e-16  -1.4339688e-16  -5.0084656e-16  -7.5138837e-16  -1.3738694e-15  -6.0508010e-17  -8.4672576e-16  -9.6843818e-17  
1.7171883e-17  8.7815923e-17  -1.2728448e-16  1.0000000   9.0145808e-17  3.9459092e-16  -4.1378112e-17  1.3409740e-16  -1.3042449e-17  -1.0752020e-16  -2.2513914e-16  
-1.7447671e-16  -8.3952529e-16  -7.3544496e-17  1.1104747e-16  1.0000000   5.0779240e-16  4.8674287e-17  9.9388728e-19  -1.0412489e-15  -5.3741078e-16  5.0981897e-16  
-6.3174230e-17  8.9449145e-17  -2.4750385e-16  4.1881471e-16  8.7334512e-16  1.0000000   -4.3484506e-16  4.1828512e-16  2.0363521e-17  2.8441306e-16  -4.3892583e-16  
-1.8884529e-16  -2.7760017e-16  -3.3777445e-16  6.8951111e-17  5.0352322e-16  -4.0364286e-16  1.0000000   -1.3787463e-15  -4.6310891e-16  -1.4100512e-15  -6.8322337e-16  
-2.5065351e-16  -2.0214139e-16  -1.5377281e-15  2.1390953e-16  6.9335735e-17  5.6501468e-16  -1.2055257e-15  1.0000000   -3.7278529e-16  1.6439741e-16  6.1357373e-16  
2.4004933e-17  2.8347118e-16  -2.3525525e-16  3.4655255e-17  -1.0648152e-15  5.0723183e-17  -4.1450652e-16  -1.7885222e-16  1.0000000   -2.2222195e-16  1.3087506e-16  
3.9005663e-17  -2.5358448e-17  -9.4794967e-16  -3.3088203e-16  -5.5955300e-16  1.6667317e-16  -1.3008603e-15  2.7086481e-16  -3.0654786e-16  1.0000000   8.4512553e-17  
1.0591152e-16  5.9422571e-17  -2.3684396e-16  -2.6935301e-16  5.0294784e-16  -3.5340967e-16  -7.0296461e-16  5.7284330e-16  1.0714628e-16  -1.2565649e-16  1.0000000   
