1.0000000   -1.4904250e-16  4.7238613e-16  6.4523728e-16  -4.6402046e-16  -3.1377131e-16  1.3363826e-16  -5.9608734e-16  -5.0409567e-16  -6.5359013e-17  2.5627236e-16  
-1.0824071e-16  1.0000000   -5.9668465e-16  -6.1889925e-16  6.7004657e-16  -1.7685947e-17  -1.6387131e-16  -2.5785582e-16  -7.5886522e-16  4.2492179e-16  -1.5904040e-16  
8.7846424e-16  -7.4639957e-16  1.0000000   5.2223812e-17  -1.1610810e-15  -9.0292424e-16  6.1272732e-16  -4.4726302e-16  9.9339714e-16  9.8292492e-16  6.2403628e-16  
5.9880463e-16  -6.4688044e-16  5.6698930e-17  1.0000000   4.3344666e-16  -2.2207729e-16  2.3885664e-16  -4.7136073e-16  1.6679328e-16  1.8048603e-17  -1.1133747e-16  
-4.1315829e-16  7.5665860e-16  -1.1909404e-15  -9.6826475e-17  1.0000000   8.1800376e-17  -1.1578758e-16  5.0912600e-16  1.2140793e-16  5.8155605e-17  -4.2899884e-16  
-1.6880715e-16  -7.3332042e-19  -8.6883269e-16  -2.1995413e-16  8.5132146e-17  1.0000000   -6.2277671e-16  -6.0650923e-17  -4.5870467e-16  6.0980288e-17  -7.5975348e-18  
-8.8412251e-17  -1.9121024e-16  6.3943699e-16  1.9775362e-16  6.7025526e-19  -4.2427197e-16  1.0000000   -4.6045965e-16  -5.6227835e-16  -7.9794756e-16  6.6675021e-16  
-5.4951687e-16  -2.3716700e-16  -4.6738189e-16  -3.8072603e-16  5.3089758e-16  -1.1454994e-16  -4.2620647e-16  1.0000000   2.4567727e-16  3.4475737e-16  3.0079965e-16  
-5.7818546e-16  -7.2469741e-16  9.6465712e-16  1.8239960e-16  3.0193371e-17  -4.2717073e-16  -6.7371514e-16  3.9178662e-16  1.0000000   1.8049419e-16  3.4557949e-16  
-9.0377425e-17  4.4583327e-16  1.0368399e-15  -2.0804712e-19  4.6998091e-17  1.2412171e-16  -8.5356547e-16  3.2966117e-16  2.3006316e-16  1.0000000   2.7604973e-16  
2.5575858e-16  -2.7586882e-16  3.7859620e-16  6.1689502e-16  -3.5024374e-16  -4.4439653e-17  5.2165740e-16  3.1633244e-16  2.5023069e-16  2.9101680e-16  1.0000000   
