1.0000000   -3.4586579e-16  6.0105021e-17  -5.1076604e-16  1.1508937e-17  3.5034042e-16  3.5919826e-17  3.4681082e-16  -8.2709789e-17  -9.9396985e-17  2.9028438e-16  
-3.5206763e-16  1.0000000   -5.4607350e-16  2.9849134e-16  1.3466537e-16  3.1506654e-17  -3.6397321e-16  5.7140035e-16  2.1409320e-16  8.0987062e-16  -4.3279233e-16  
4.7554267e-16  -4.9464393e-16  1.0000000   -4.5039834e-16  6.9298096e-16  6.4065733e-16  3.8316058e-17  -1.5750605e-15  -2.3490129e-16  -8.8308871e-16  -4.4683021e-16  
-1.1717413e-16  -1.4623053e-16  -9.1739422e-16  1.0000000   -8.0560024e-16  -6.0298859e-16  -1.1399010e-15  -1.2276942e-15  2.0366612e-15  -5.8930248e-16  7.2722225e-16  
-2.7778058e-17  7.7295606e-17  6.0618792e-16  -6.0854330e-16  1.0000000   -3.5698762e-16  -7.5151882e-16  -7.5845029e-16  8.6480668e-16  -5.1057207e-16  -4.7239726e-16  
4.3871250e-16  3.4389933e-16  6.8972472e-16  -7.9303800e-16  -4.2081147e-16  1.0000000   -3.1449290e-16  -2.6995134e-16  1.1607887e-15  -9.1444059e-17  2.7138682e-16  
1.8274388e-16  -1.6068631e-16  7.8350819e-17  -4.1463910e-16  -8.6226914e-16  -4.3691707e-16  1.0000000   -4.7620243e-16  1.2173939e-15  -1.0732092e-15  6.4216871e-16  
3.2597673e-16  4.7357870e-16  -1.6028825e-15  2.6617790e-17  -4.5967519e-16  -5.8617201e-16  -5.2515823e-16  1.0000000   1.2845614e-15  -8.6918589e-16  1.4025485e-15  
-1.8055116e-16  1.7440073e-16  -3.5127756e-16  2.0511687e-15  7.7543375e-16  1.1604512e-15  1.2406323e-15  1.3154570e-15  1.0000000   1.9803045e-16  -1.1084824e-16  
-4.2212238e-16  8.0267045e-16  -8.7796877e-16  -6.7699218e-16  -5.4913031e-16  -2.1404308e-17  -1.0689273e-15  -9.2407817e-16  1.3936665e-16  1.0000000   1.1547109e-15  
4.3957049e-16  -4.6558352e-16  -5.7682097e-16  7.2235647e-16  -4.8672567e-16  2.5191437e-16  6.3735248e-16  1.3540745e-15  1.0079692e-18  1.0797705e-15  1.0000000   
