1.0000000   2.5926213e-16  6.2158966e-16  2.5134935e-17  1.2355148e-16  1.1912730e-15  -5.0963594e-16  1.6299859e-16  -1.4590756e-16  -1.7447552e-16  6.2920420e-17  
2.9378899e-16  1.0000000   1.3359561e-16  -2.0913489e-16  3.3492540e-16  -8.7598195e-16  1.4750610e-16  -1.5976254e-16  3.2357723e-16  2.2814947e-16  -1.7338172e-16  
-3.5905792e-16  3.0238800e-16  1.0000000   4.3281473e-16  -1.0585482e-15  1.2425817e-16  3.4869683e-16  -4.8703789e-16  1.7128647e-16  -1.3197691e-16  1.7308024e-17  
-5.2527124e-17  -2.1850440e-16  4.9705755e-16  1.0000000   -1.1752505e-16  -7.3911338e-16  -3.0059975e-18  1.8706745e-16  -1.0349287e-15  -4.8494333e-17  -2.9084844e-16  
4.6132102e-16  7.2118336e-16  -9.3980412e-16  -6.5860576e-17  1.0000000   5.0098493e-16  -4.0789007e-16  4.4400989e-17  3.3511969e-16  -9.2663270e-17  3.3834852e-16  
9.7963650e-16  -6.8971064e-16  -4.8898128e-17  -7.6306112e-16  2.1747815e-16  1.0000000   -3.8386368e-16  -9.5587367e-16  2.2045007e-16  -7.4936720e-16  1.0350679e-16  
-2.2251466e-16  1.8129721e-16  3.1007510e-16  -5.6749370e-17  -4.1344739e-16  -3.8147752e-16  1.0000000   -6.6384503e-16  -1.1040942e-15  2.0577143e-16  -2.5634280e-16  
-2.0840815e-16  -1.4359711e-16  -3.6861952e-16  1.9631256e-16  7.5574250e-17  -1.2045830e-15  -7.1853124e-16  1.0000000   4.7086889e-16  4.2539699e-16  1.7618963e-16  
-2.3465095e-16  3.0119669e-16  1.2392825e-16  -1.0213823e-15  3.6090660e-16  1.7894821e-16  -1.1170543e-15  5.8603884e-16  1.0000000   9.2180505e-17  7.2101341e-16  
1.2907830e-16  1.8299459e-16  1.9270718e-16  -7.6036874e-18  3.3448830e-16  -1.8471164e-15  4.7742656e-17  1.7727425e-16  1.0689899e-16  1.0000000   3.4539632e-16  
4.1349138e-17  -1.7078665e-16  1.6021501e-17  -4.4793003e-16  3.2280750e-16  1.9980639e-16  -2.9229413e-16  1.5590319e-16  7.0401147e-16  2.4208879e-16  1.0000000   
