1.0000000   -5.1701686e-16  1.5333635e-16  -1.5925806e-16  -9.7651849e-17  2.3477206e-16  -1.3183208e-16  4.0922171e-18  -2.3647089e-16  -2.4819956e-16  -1.1661592e-16  
-4.0951134e-16  1.0000000   -3.7929064e-16  3.9819699e-16  3.1166562e-16  -5.9273386e-16  5.2124386e-16  -9.4364711e-17  -1.1188203e-16  -6.4359516e-16  7.2846767e-16  
-3.4937384e-16  -3.4724924e-16  1.0000000   -6.4893039e-17  8.2105266e-17  2.3133071e-16  5.6029746e-16  -3.7703817e-16  -3.1270815e-16  5.9618334e-16  -3.3753720e-17  
-5.3487360e-17  8.1460821e-16  6.0692016e-17  1.0000000   2.9150756e-16  -1.1049607e-16  -1.1849730e-15  -3.6543379e-17  3.6713406e-16  3.5340085e-16  1.1435995e-16  
-3.8574039e-16  3.1303568e-16  -1.5167713e-17  2.7744694e-16  1.0000000   1.3275468e-17  -8.2951310e-17  1.8485345e-16  -3.7049699e-17  5.7524515e-16  -7.3307144e-16  
1.1940168e-16  -7.6753742e-16  5.5332231e-17  -1.3939498e-16  -9.1514419e-17  1.0000000   -5.1943593e-17  -2.1075242e-16  -2.4505944e-16  -6.7128460e-17  -7.5893983e-16  
-3.2658677e-16  3.8023907e-16  2.7892519e-16  -9.1708954e-16  -1.4851489e-16  -8.3296601e-17  1.0000000   -3.2034034e-16  -5.5382868e-16  4.4363795e-16  -4.7224666e-16  
4.5599431e-17  -7.3862464e-17  -4.7122214e-16  -6.5818897e-17  -1.9374461e-17  -2.8157880e-16  -3.4549175e-16  1.0000000   -2.8830107e-17  -4.4600477e-17  -3.2142546e-16  
-2.3124920e-16  -7.9702028e-17  -3.3794846e-16  4.0448655e-16  -7.9976315e-17  -2.4596691e-17  -6.2571250e-16  3.8100930e-19  1.0000000   -1.1336040e-16  2.7414552e-16  
-3.3163532e-16  -6.5455013e-16  6.3773091e-16  5.3459478e-16  5.8080697e-16  -5.7731913e-19  3.9515356e-16  -1.4389917e-16  -6.8674311e-17  1.0000000   -1.8764829e-16  
1.5609792e-17  7.1540340e-16  -7.3212234e-17  1.6012982e-16  -6.4832749e-16  -8.0689036e-16  -4.2204862e-16  -2.9986796e-16  3.2836922e-16  -1.7334953e-16  1.0000000   
