1.0000000   -2.9618462e-16  4.6403056e-17  -4.4586141e-16  2.1676339e-16  8.2115194e-17  8.7495618e-17  -7.6430071e-17  -3.8838656e-16  -3.1245590e-16  -2.1712876e-17  
-3.7618357e-16  1.0000000   2.9499693e-16  1.1985499e-15  6.8527253e-17  -1.5746655e-16  -3.8524613e-16  -8.3080091e-16  3.2365893e-16  5.4905692e-16  -6.0934283e-16  
-6.0225065e-16  4.7717518e-16  1.0000000   4.4484300e-16  -6.6936414e-16  -1.0085582e-16  2.0477284e-15  -1.5275105e-16  -7.7950564e-16  -2.4514323e-16  -3.4758480e-16  
-2.7092647e-16  1.2142536e-15  5.5573382e-16  1.0000000   1.3693608e-15  2.0309094e-17  -4.6932316e-16  -1.0969538e-16  9.0004345e-16  6.9519134e-16  -2.1820325e-16  
3.1984227e-16  -7.4042961e-17  -6.9545441e-16  1.5084461e-15  1.0000000   -3.0302214e-16  -6.3401171e-18  2.3909724e-16  -3.9379199e-16  -9.9183257e-16  -2.8970263e-16  
8.1834529e-19  -2.1961424e-16  -6.5920455e-17  1.0498874e-16  -5.0956660e-16  1.0000000   -3.5404264e-16  -5.7662250e-16  6.4269934e-17  -3.9218406e-16  -2.4643195e-16  
-1.6890613e-16  -3.6557701e-16  1.8342288e-15  3.0143732e-17  -7.2260860e-17  -4.2436675e-16  1.0000000   8.4806956e-16  -2.6513092e-16  1.1513549e-15  -4.7665663e-16  
-1.1745843e-16  -8.7695989e-16  -1.2088614e-16  -1.8453843e-16  3.1121014e-16  -5.7357954e-16  8.3791814e-16  1.0000000   -6.2197258e-16  6.3667882e-16  -1.5198312e-17  
-3.5943791e-16  3.8876636e-16  -9.2246853e-16  7.5170386e-16  -3.9198687e-16  -8.7100392e-18  -1.4140185e-16  -3.9763600e-16  1.0000000   7.0147744e-18  -2.1558371e-16  
1.8706256e-16  5.2729788e-16  -2.4815770e-16  6.4799740e-16  -8.5953816e-16  -2.5770618e-16  1.1357905e-15  6.2965014e-16  5.9551190e-18  1.0000000   2.3591477e-16  
-8.2929025e-18  -6.1564010e-16  -4.2075267e-16  -4.0396169e-16  -1.0650423e-16  -2.6033854e-16  -3.8776184e-16  -9.3965600e-18  -3.3630043e-16  4.0763058e-16  1.0000000   
