1.0000000   -6.8234793e-17  5.7569934e-17  1.3194176e-17  9.9619280e-18  1.8649610e-16  -1.0001094e-16  1.2838781e-16  8.8447025e-17  4.1338027e-17  -1.0565571e-16  
-6.5799248e-17  1.0000000   5.7848903e-16  -4.0384489e-16  6.6321930e-16  -3.4208874e-16  4.1583472e-16  4.8778987e-17  -1.4185539e-16  -5.0610256e-16  -3.2593035e-16  
-1.8181424e-16  7.4711047e-16  1.0000000   -9.0697322e-16  -2.3834693e-16  8.7499648e-16  -5.0196424e-16  3.1886787e-16  -5.8606716e-16  6.2651908e-16  3.2605475e-17  
5.2274564e-17  -4.0151582e-16  -8.3921765e-16  1.0000000   -2.7384599e-16  2.7638480e-16  4.1161487e-17  -4.3289283e-16  -7.9609026e-16  8.6661774e-17  3.8985030e-16  
-1.1455947e-16  7.4681612e-16  -6.6203400e-17  -3.2562755e-16  1.0000000   5.1709397e-16  -5.0059930e-16  -5.4110413e-16  3.9212761e-16  -6.9388317e-16  4.6507699e-16  
-5.7769907e-17  -5.1196026e-16  4.6925235e-16  3.1901685e-16  3.4917186e-16  1.0000000   9.3363448e-16  1.5797176e-16  8.4023707e-16  -7.6257528e-16  -5.3576867e-16  
6.1815707e-17  -3.8024705e-17  -5.9090352e-16  -2.4586719e-17  6.4096783e-17  -1.2565269e-16  1.0000000   -6.7729257e-16  2.6098084e-16  1.3193154e-15  -1.0850695e-15  
-2.0132077e-16  2.2656550e-16  1.5906780e-16  -2.2117837e-16  -6.5318265e-16  3.1100667e-16  -2.9242344e-16  1.0000000   -8.0903334e-16  5.7928581e-16  -4.4151550e-16  
-2.0710182e-17  1.3612115e-17  -7.0573227e-16  -7.2157435e-16  9.8114999e-17  7.8323831e-16  3.4240409e-16  -7.6530120e-16  1.0000000   9.4226670e-16  -6.8104287e-16  
-1.6394054e-17  -4.4124705e-16  6.4474646e-16  9.1479658e-17  -7.5483241e-16  -7.6664257e-16  1.6054231e-15  6.1021762e-16  9.9848243e-16  1.0000000   3.5698331e-16  
9.0140823e-17  3.6270208e-16  -5.6978975e-16  3.5457138e-16  -9.9272261e-19  2.0007342e-17  1.4870849e-16  -4.3950740e-16  -6.3706407e-16  4.0296618e-16  1.0000000   
