1.0000000   -1.3844268e-16  -4.8117173e-17  -1.2067149e-16  2.2167126e-16  4.7887495e-17  3.4323546e-16  2.1020724e-16  4.8542444e-17  -7.6243490e-17  1.3624276e-16  
-1.0327641e-16  1.0000000   -2.2840353e-16  9.2838727e-16  1.1867807e-16  3.3106469e-16  1.8166602e-16  2.8347163e-16  -2.1393986e-16  -4.7141661e-16  1.8234301e-16  
1.1414269e-16  -1.3638419e-16  1.0000000   3.2646819e-16  2.6159678e-16  1.6611834e-16  3.1821316e-16  -5.4779270e-16  1.6483203e-16  2.2359915e-16  2.4843318e-16  
6.1627815e-17  6.3156823e-16  3.0512024e-16  1.0000000   2.5749180e-16  -1.5461064e-17  -1.1134362e-15  -4.7547090e-16  3.1093215e-17  -8.9658646e-17  -2.1956597e-16  
2.3885058e-16  -8.8991724e-17  2.3109750e-16  4.4009136e-16  1.0000000   4.2573382e-16  1.0466958e-15  4.0239057e-16  1.2149126e-15  2.1950398e-17  3.4406862e-16  
1.5662803e-16  3.4551885e-16  1.2980328e-16  7.5340527e-18  4.3757464e-16  1.0000000   -2.0966415e-17  6.6157356e-16  5.4832360e-16  4.3144858e-16  -3.8833239e-17  
2.8616903e-16  1.9374992e-16  2.7085143e-16  -1.1920614e-15  9.5551947e-16  -1.8380596e-17  1.0000000   3.0441496e-16  -3.6193125e-16  -1.1104989e-17  1.4828409e-16  
2.2700239e-16  3.0326047e-16  -5.5152595e-16  -4.6943194e-16  3.5638769e-16  5.8127454e-16  2.6716610e-16  1.0000000   -1.1951953e-16  4.1366180e-16  4.3387171e-17  
-2.1627118e-17  -2.0368580e-16  2.7147199e-16  4.2684082e-17  1.2171711e-15  5.6875720e-16  -4.8254289e-16  -1.3585149e-16  1.0000000   1.3052394e-16  2.9216370e-17  
3.2002400e-17  1.2112809e-16  2.5096713e-16  1.4451967e-16  -1.9500417e-16  4.3116706e-16  7.3890999e-18  3.9872514e-16  1.3087009e-16  1.0000000   2.4692883e-17  
1.1528393e-16  1.7981818e-16  2.4060850e-16  -2.2479852e-16  3.1362705e-16  -3.7823811e-17  2.6244597e-16  1.9655898e-17  2.5479737e-17  5.9039480e-17  1.0000000   
