1.0000000   -1.3594946e-17  -1.6235876e-17  -1.2480735e-17  -7.9081393e-17  1.3436537e-16  -1.9645176e-17  1.2304963e-16  6.3072842e-17  -8.5004225e-17  8.0531618e-17  
-3.3977802e-19  1.0000000   -1.6633981e-15  1.1225358e-15  -6.1969464e-16  -4.0652628e-16  8.0694418e-16  -8.5943962e-16  -1.7205240e-16  2.5994142e-16  -2.9787105e-16  
2.7666478e-18  -1.4413652e-15  1.0000000   -9.9432282e-17  3.2942231e-16  4.0272629e-16  -2.7488007e-16  -1.3660132e-15  -4.0039094e-16  -2.0895992e-16  2.7754162e-16  
-1.2319427e-16  1.1801010e-15  9.2262553e-17  1.0000000   4.2733125e-16  -1.2284699e-15  6.5583179e-16  -9.2841954e-17  -8.3704354e-16  -9.6714404e-16  1.7985716e-16  
-9.3414140e-17  -6.3493314e-16  2.8024846e-16  4.1820449e-16  1.0000000   6.8180070e-16  5.9547822e-16  1.2362183e-16  1.7510244e-15  1.1861457e-15  1.3886173e-16  
-1.3225139e-16  -7.2973823e-16  8.7303318e-16  -7.2099823e-16  6.3157542e-16  1.0000000   3.0762247e-16  -1.2699836e-16  3.2124210e-16  -6.0772356e-16  -5.8974619e-16  
-2.2369157e-17  8.0802178e-16  -2.9812697e-16  6.6468879e-16  6.1561624e-16  3.7484734e-16  1.0000000   -1.3315458e-15  4.1534192e-16  -1.5277589e-15  -3.3966021e-19  
5.1737987e-17  -7.8193694e-16  -1.4044392e-15  -7.9127037e-17  1.4191088e-16  -1.2549987e-16  -1.2763373e-15  1.0000000   -1.9348657e-16  -2.2511180e-16  4.0356885e-16  
6.2085713e-17  -1.2173126e-16  -4.2768855e-16  -8.1911675e-16  1.7865100e-15  4.7023231e-16  3.5888386e-16  -1.8159490e-16  1.0000000   -1.0566090e-16  -7.5165543e-16  
1.1913796e-16  3.3316655e-16  -1.7279137e-16  -1.0082540e-15  1.3725622e-15  -6.3595327e-16  -1.4628740e-15  -1.8129826e-16  -1.7177365e-16  1.0000000   -1.0335341e-15  
-2.2920857e-17  -1.7183415e-16  2.8089111e-16  -6.5556825e-17  8.3384464e-17  -7.9170205e-16  -1.1526340e-16  3.8669595e-16  -6.6459240e-16  -1.0016814e-15  1.0000000   
