1.0000000   -9.5380587e-17  4.0420924e-16  -3.3006601e-16  -8.6306530e-17  2.7694059e-17  -2.2548485e-16  2.4588470e-16  1.4389361e-16  -2.6038062e-16  -3.0926470e-17  
-1.3242761e-17  1.0000000   -1.2482233e-16  2.3508341e-16  4.7108589e-16  -1.3147866e-17  -3.5475272e-18  1.4811427e-17  5.1793138e-16  -3.6055740e-16  1.1163123e-16  
-1.1082213e-16  -1.4352814e-16  1.0000000   -3.3909228e-16  4.0679758e-16  5.4950406e-16  -2.8405359e-16  2.0751812e-16  -7.0148588e-16  4.9903204e-17  -6.0584293e-16  
-3.2310235e-16  8.5377763e-17  3.9154068e-16  1.0000000   -1.0799446e-16  -2.9264631e-17  -9.5885334e-16  -6.2826412e-16  3.7088471e-16  5.9790662e-16  -1.4556261e-18  
-2.5257240e-16  4.2838097e-16  4.3261707e-16  -1.0403682e-16  1.0000000   8.8066902e-17  4.6595489e-16  4.2998688e-16  -1.5489003e-17  3.2842206e-16  8.6557958e-16  
5.9690313e-17  -2.5596428e-17  6.2711535e-16  1.0270778e-16  -5.3401258e-18  1.0000000   -1.6843831e-16  5.2096497e-17  -7.4607152e-16  -5.8229576e-16  -5.7103065e-16  
-5.5461241e-16  -1.4529041e-16  1.1098364e-16  1.4562041e-16  3.5548092e-16  -1.2290535e-17  1.0000000   1.1854928e-16  -9.4773590e-17  5.5219106e-16  4.0361280e-16  
2.5978986e-16  2.9411136e-17  1.7540477e-16  -9.1812347e-16  4.0956656e-16  5.0857744e-18  6.9850476e-17  1.0000000   7.4154062e-18  5.8852247e-16  5.0806518e-16  
4.0089472e-16  5.2082866e-16  -6.6534507e-16  3.5979110e-16  -7.5528767e-17  -6.8130515e-16  9.8018375e-17  -2.0536899e-17  1.0000000   1.7370175e-16  -7.1905262e-16  
-3.2187423e-16  -3.5265389e-16  1.5722658e-16  5.7805456e-16  3.1595065e-16  -5.8469035e-16  5.1459346e-16  3.6471429e-16  1.2120840e-16  1.0000000   2.6028052e-17  
-1.7380348e-17  1.2210440e-16  -4.7352272e-16  -4.3592974e-17  8.9095669e-16  -3.9752527e-16  3.8519759e-16  4.7038535e-16  -5.6662608e-16  -1.4726091e-17  1.0000000   
