1.0000000   -1.2089613e-18  -2.7232875e-16  -2.5965185e-16  -3.4398939e-17  3.0271985e-16  -2.3153070e-16  2.2074460e-16  1.5657882e-16  -4.6933567e-17  1.8765081e-16  
1.6153665e-16  1.0000000   4.9139711e-18  -1.2856564e-16  6.8130381e-17  2.5714993e-16  2.7573464e-16  -2.0654375e-16  8.9176460e-17  4.5824169e-16  -1.9441481e-16  
-3.4133580e-17  1.4941472e-16  1.0000000   4.2309537e-16  -6.4961170e-16  3.2468886e-16  -8.0033213e-16  1.9787255e-16  -7.2599171e-16  3.4189778e-16  -1.8564188e-16  
-3.6493548e-16  -3.0665107e-16  4.8309652e-16  1.0000000   3.9816497e-16  5.7819067e-16  -1.3912575e-16  -6.8362217e-16  3.7956191e-16  3.1445874e-16  7.8024034e-16  
-8.1626002e-17  2.8356044e-16  -5.6515459e-16  4.0919438e-16  1.0000000   1.5750657e-16  -3.1534614e-17  -7.7241603e-16  -6.3529982e-17  1.2663515e-15  3.5125345e-16  
9.3030140e-17  9.2338672e-17  4.4650392e-17  6.3082611e-16  3.0907288e-17  1.0000000   4.1854919e-17  -1.2417284e-16  8.2411390e-16  -3.1700003e-16  -2.5358854e-16  
-4.4763612e-17  3.1237809e-16  -6.8633041e-16  -1.5787075e-16  2.6383141e-17  1.7044250e-16  1.0000000   1.3816569e-16  -7.7499544e-18  -5.0842570e-16  -2.9124804e-17  
8.8082643e-17  -1.2312642e-16  1.7358237e-16  -5.7293907e-16  -8.0975707e-16  3.6765799e-16  2.5647778e-16  1.0000000   -3.4789248e-16  -8.0300949e-16  -4.6543264e-16  
7.1731721e-17  4.7022899e-17  -1.0197712e-15  5.1439156e-16  -4.9682138e-17  6.3952461e-16  -8.3974339e-17  -6.8019856e-18  1.0000000   -2.7090275e-16  1.7878833e-16  
-6.2467298e-17  4.7632930e-16  3.5492686e-16  4.1588620e-16  1.2804540e-15  -1.6856336e-16  -4.0250446e-16  -9.6227297e-16  -4.8329560e-16  1.0000000   6.7943562e-16  
-1.0004240e-17  -1.7942858e-16  -2.9059583e-17  8.7508884e-16  4.3114295e-16  -2.9216284e-17  -4.3829296e-17  -7.2703824e-16  -8.7228723e-17  5.7745116e-16  1.0000000   
