1.0000000   -1.5202929e-16  -1.7885798e-16  4.4552679e-16  4.0279846e-16  -1.4073247e-16  1.4409880e-16  2.3579141e-16  -3.9978840e-16  -4.6813989e-17  1.2081842e-16  
-8.7773740e-17  1.0000000   -1.7346302e-16  2.5118023e-17  -2.8064824e-16  -7.3716655e-17  5.7084224e-16  -6.0922412e-16  -4.2916533e-16  2.8789518e-17  9.5067590e-17  
-2.2896817e-16  6.0164419e-17  1.0000000   4.2037115e-16  3.9362625e-16  4.5720866e-17  5.7301317e-16  -1.6309650e-16  -2.3189687e-16  -2.0956852e-18  1.4357801e-15  
4.4904729e-16  1.8961858e-17  3.7061810e-16  1.0000000   -2.3987509e-16  5.6175958e-16  3.5101271e-16  -2.0433919e-16  3.1934590e-16  -9.3615401e-16  -1.1593255e-16  
3.4511208e-16  -4.2511499e-16  3.2082262e-16  -1.8997910e-16  1.0000000   -4.9711446e-16  6.2669079e-16  5.1069415e-16  4.5997734e-16  5.3625149e-16  -3.4283394e-17  
-2.2731597e-16  3.7909582e-16  5.6491062e-17  5.3105596e-16  -6.4174414e-16  1.0000000   1.3377619e-15  -9.7708269e-16  -1.1728072e-16  4.9914196e-17  5.6687849e-16  
-9.2514572e-17  5.5186040e-16  3.6710597e-16  3.6313408e-16  7.2910150e-16  1.2255422e-15  1.0000000   -2.2820802e-16  6.5375969e-16  -5.1569610e-16  -7.9016316e-17  
5.0597597e-16  -1.3805656e-16  -1.9033021e-16  -3.4870010e-16  5.1358664e-16  -2.6129031e-16  -3.2046212e-16  1.0000000   -6.0907869e-16  -6.4703117e-16  -6.3309085e-16  
-1.7716313e-16  -3.1016078e-16  -9.8291447e-16  2.2579999e-16  5.2808457e-16  -3.2911541e-16  7.0988201e-16  -1.0132628e-15  1.0000000   2.2544430e-16  5.8249482e-16  
-3.4432650e-16  1.5320417e-16  1.0552851e-16  -8.8294522e-16  4.8461415e-16  2.4440469e-16  -4.7719593e-16  -4.7681940e-16  2.0108921e-16  1.0000000   -5.5424500e-16  
3.2709764e-17  -1.7045352e-16  1.4786188e-15  -3.0095081e-17  -3.7171141e-17  2.5377785e-16  -7.9150147e-17  -4.6568961e-16  4.3781227e-16  -3.6703970e-16  1.0000000   
