1.0000000   -5.4873194e-17  2.5168654e-16  1.8213038e-16  1.0198272e-16  3.3501301e-16  -6.8131855e-16  -3.7074449e-16  -1.1481068e-16  4.2678812e-17  9.1929703e-17  
-5.5233223e-16  1.0000000   4.7464655e-16  4.5569461e-16  -5.9640495e-16  1.3889669e-15  -9.1175321e-16  -4.4946896e-16  -4.1813672e-16  5.1214075e-17  5.0126433e-16  
7.4956651e-16  7.0189901e-18  1.0000000   8.7644754e-16  -1.6629563e-16  -3.6591498e-16  -9.0142166e-17  1.4639890e-16  4.5929290e-17  -1.8487704e-16  1.7175995e-16  
5.3131586e-17  7.0591412e-16  8.9174447e-16  1.0000000   -5.2262317e-16  -2.4217629e-16  -4.5593353e-17  -1.8315579e-16  6.2039516e-16  -6.7970568e-16  -4.3603816e-16  
1.2187954e-16  -7.2528364e-16  -1.6954146e-16  -4.6810095e-16  1.0000000   6.9107769e-17  1.6544080e-15  -4.2581594e-16  -1.5380017e-16  2.0629037e-16  1.3062519e-16  
1.5573506e-16  1.4149342e-15  -4.2301146e-16  -3.5681526e-16  -2.2383899e-16  1.0000000   -7.0218281e-16  -9.2974647e-17  -9.8928965e-17  3.7033401e-16  3.1606124e-16  
-5.7053851e-16  -4.9289984e-16  -1.7804060e-16  -2.2612474e-16  1.5196638e-15  -6.7296842e-16  1.0000000   7.0330340e-16  9.7420440e-16  -6.0636488e-16  -5.7903794e-16  
-6.5149351e-16  -7.3397768e-16  8.2157556e-17  -1.5250747e-16  -4.8090860e-16  -1.3561740e-16  6.7385436e-16  1.0000000   -2.3533079e-16  4.4054977e-16  5.3423996e-17  
-1.9395689e-16  -4.0201764e-16  -1.2080392e-16  6.1515393e-16  -7.3700813e-17  -1.0698970e-16  8.7724805e-16  -4.2409972e-16  1.0000000   -6.1958742e-16  -1.6885348e-16  
2.1214707e-16  -2.9649431e-17  -6.8042078e-17  -6.7043436e-16  2.8914633e-16  5.2488427e-16  -6.3233562e-16  4.3848002e-16  -6.1989724e-16  1.0000000   -1.4051006e-16  
2.6918327e-16  3.3845451e-16  1.8155822e-16  -3.0393999e-16  2.3602150e-17  4.2622126e-16  -6.4042795e-16  1.2449955e-16  -2.7903722e-16  -3.9757228e-16  1.0000000   
