1.0000000   1.3420609e-16  -1.1916428e-16  3.3088378e-17  -4.5301321e-16  7.6791460e-17  4.1769408e-17  8.8557378e-17  1.9662504e-16  -1.5784037e-16  -5.9469687e-17  
1.7168713e-16  1.0000000   -7.3676181e-16  7.0763658e-16  -3.1829353e-16  2.0367706e-16  4.7541048e-16  7.7409541e-17  -4.8222148e-16  -1.2325542e-16  1.0492821e-16  
8.9657722e-17  -6.9999827e-16  1.0000000   -7.7601453e-16  7.4407884e-17  4.3318155e-16  -1.3318976e-16  -4.8166050e-16  -3.7225971e-17  -6.8804079e-16  -1.4581795e-16  
1.7244858e-17  4.5200878e-16  -6.6522888e-16  1.0000000   -1.4969210e-15  -4.7023310e-16  1.8533463e-16  3.6812863e-16  -1.0141104e-15  4.3572301e-16  1.4067676e-15  
-4.6846362e-16  -4.5717701e-16  1.1421437e-16  -7.8324293e-16  1.0000000   -1.6512653e-16  2.0784733e-16  -3.5844772e-16  -1.7046448e-16  -1.2847591e-16  3.8467714e-16  
-9.8466834e-18  1.7826623e-16  2.6018888e-16  -2.0235197e-16  -1.9908123e-16  1.0000000   -1.4948496e-16  6.9921612e-18  4.6842361e-16  -7.7360151e-17  -4.4381153e-16  
4.5200800e-17  4.7895251e-16  -1.7444486e-16  2.2356328e-16  1.0672650e-16  7.3881538e-17  1.0000000   -1.0678658e-15  -1.5215123e-16  -4.2322185e-16  -8.5179580e-16  
6.2306548e-17  6.5204954e-17  -4.7560396e-16  4.2422757e-16  -2.5599393e-16  -2.4430130e-17  -1.1178762e-15  1.0000000   1.5257755e-16  1.1879800e-16  -1.3317354e-16  
2.6526607e-16  -4.9830831e-16  1.5500941e-17  -9.8183458e-16  -1.6710651e-16  5.1293292e-16  -3.1268222e-16  9.6768372e-17  1.0000000   1.6187006e-17  -4.5588539e-16  
-1.5245747e-16  -1.5689443e-17  -6.7323005e-16  -2.5955416e-16  -5.9854430e-16  -2.0194669e-16  -4.3764477e-16  1.2342109e-17  2.9424082e-16  1.0000000   3.8549571e-16  
-5.1344360e-17  1.4022386e-16  -2.0003474e-16  1.1505130e-15  1.9186563e-16  -4.1381842e-16  -8.2628844e-16  1.1048015e-16  -4.5142735e-16  5.4954778e-16  1.0000000   
