1.0000000   -6.3532688e-17  -3.0355413e-16  -1.6907911e-16  7.2186986e-17  1.0095020e-16  -1.5891538e-17  4.5622981e-16  1.7279031e-16  1.4540579e-17  -1.7283424e-16  
-1.5773690e-16  1.0000000   -1.1921200e-16  6.8058018e-16  -1.8010991e-16  4.0029893e-16  4.6546754e-16  -4.5048636e-17  -1.8879591e-16  -5.8796707e-16  3.4461046e-17  
-3.0509717e-16  -3.2031827e-17  1.0000000   -1.5304182e-16  5.3938023e-16  8.9876354e-16  -4.5810401e-16  -1.5074612e-16  3.4498616e-16  5.2617914e-16  1.2059838e-15  
-6.1056458e-17  6.0775109e-16  -1.8013520e-16  1.0000000   4.7052772e-16  7.1408560e-16  1.0672356e-16  -1.0505782e-16  1.8867049e-16  5.1162537e-16  -6.0252566e-16  
-1.0228608e-16  -9.6453886e-17  5.0429328e-16  4.5920476e-16  1.0000000   -4.2398429e-16  9.9377823e-17  -5.1222925e-16  -9.9489156e-16  2.3163101e-16  -6.9605737e-16  
-3.9811984e-18  2.4184721e-17  8.1084279e-16  7.4165680e-16  -4.8610379e-16  1.0000000   -1.1687587e-16  -5.4544553e-16  -1.8048797e-16  -6.8484198e-16  3.5167813e-16  
3.0734880e-16  4.2474591e-16  -4.6640129e-16  1.1445789e-16  9.3523872e-17  -8.2802996e-17  1.0000000   6.9846525e-16  4.2335867e-16  3.9599584e-18  -8.6708730e-16  
5.5300342e-16  2.3476598e-17  -3.8130771e-16  -2.2097561e-16  -6.5778511e-16  -1.0790961e-16  6.1169771e-16  1.0000000   -1.1332540e-16  3.1064194e-16  2.3065046e-16  
1.0260281e-16  -1.9562556e-16  3.1054155e-16  1.5828765e-16  -9.2860584e-16  -1.2891594e-16  6.6101117e-16  -5.8407984e-17  1.0000000   -4.3828013e-17  -6.4464755e-16  
-1.5434443e-16  -2.8045284e-16  -2.3337498e-16  2.1632094e-17  -2.7671090e-16  8.4338943e-16  9.0203980e-17  2.9099788e-16  5.1396980e-17  1.0000000   1.1295227e-16  
-1.7479715e-16  2.7047617e-17  1.2497837e-15  -5.4681673e-16  -6.8314012e-16  4.0268370e-16  -8.5465455e-16  3.6828146e-16  -6.6614906e-16  1.8834752e-16  1.0000000   
