1.0000000   6.0354519e-17  -2.0898259e-16  -5.3096425e-16  -5.9783811e-16  -1.9681747e-17  -2.7845189e-16  5.5474161e-16  3.5153753e-16  5.1867030e-16  4.9220433e-16  
1.3785839e-16  1.0000000   8.5143797e-16  8.9757853e-16  3.3168669e-16  4.8579428e-16  -6.2499581e-16  -2.5272023e-16  -4.8132485e-16  3.2944739e-16  -5.4319164e-16  
-3.5672345e-16  7.0342189e-16  1.0000000   3.8663181e-16  1.7988155e-16  -1.0957097e-15  -1.4298066e-16  2.7408287e-16  5.4581524e-16  -2.6718882e-16  4.8399273e-16  
-5.8943891e-16  8.6062783e-16  3.7004869e-16  1.0000000   1.1770683e-15  -1.1521378e-15  3.3542326e-16  -5.9518400e-16  -1.0944269e-16  -4.7568491e-16  -5.9786350e-16  
-4.5941436e-16  3.5051617e-16  2.4861548e-16  1.1633218e-15  1.0000000   2.1164097e-16  3.0691484e-16  -2.6614926e-16  1.2902846e-16  -1.0202230e-15  -8.1724546e-16  
-1.6468966e-18  3.1988092e-16  -1.1373616e-15  -6.1285056e-16  1.7587840e-16  1.0000000   4.3032358e-17  6.3429677e-16  8.9315764e-16  6.8252230e-16  1.8202395e-16  
-1.5632953e-16  -6.2776285e-16  -2.5298592e-16  3.1585848e-16  2.1656291e-16  9.6011808e-17  1.0000000   4.9383958e-17  -4.7787766e-16  2.7903607e-16  3.8645751e-16  
5.4935843e-16  -3.1048190e-16  2.4901019e-16  -6.9082143e-16  -3.6665877e-16  6.2799660e-16  -1.0770378e-17  1.0000000   8.0641491e-18  -4.1577902e-16  -3.1387526e-16  
2.4457744e-16  -4.1328081e-16  5.2920760e-16  -3.7388769e-16  3.3781141e-16  8.1802823e-16  -3.6857707e-16  -2.8736063e-17  1.0000000   3.6010186e-16  6.7951948e-17  
5.8482148e-16  2.9717205e-16  -1.0119671e-16  -4.5423198e-16  -1.0447150e-15  7.7126613e-16  1.1041029e-16  -4.7147097e-16  4.0203718e-16  1.0000000   -4.8787573e-16  
3.6068029e-16  -8.7155667e-16  5.9392367e-16  1.0767033e-15  -9.7451166e-16  7.8515825e-16  2.1249579e-16  -1.9718588e-16  -3.4059195e-18  -4.7225390e-16  1.0000000   
