1.0000000   -1.8244903e-16  7.7342575e-17  8.2957802e-17  8.3318397e-17  -1.6962180e-16  1.4158526e-17  5.6156448e-16  5.6570470e-16  -2.9358323e-17  -2.1680843e-16  
-2.5971150e-16  1.0000000   1.3129433e-16  -2.8955797e-16  3.2823277e-16  1.3514758e-16  -3.5426322e-16  5.7111430e-16  -1.2482017e-16  -1.1672582e-16  -6.9184480e-17  
6.1900542e-17  1.8307141e-16  1.0000000   -2.4610781e-16  9.3204221e-16  -1.0452674e-15  -7.3018152e-16  -5.6568475e-16  -8.0743774e-17  -7.4597064e-16  -3.9000107e-16  
1.4487267e-17  -1.1156287e-17  -2.7228425e-16  1.0000000   -1.5283932e-15  -4.4969465e-16  -9.0836989e-16  6.6795204e-16  6.3341572e-16  4.2990145e-16  -4.6282897e-16  
9.0250494e-17  4.2591257e-16  8.5046458e-16  -1.3647113e-15  1.0000000   -6.9333943e-16  -1.7008357e-17  -2.4719470e-16  -6.7221313e-16  5.1974767e-16  4.1971795e-16  
-1.9197731e-16  -1.0512650e-16  -1.0617666e-15  -1.0167724e-15  -8.1717740e-16  1.0000000   -9.3946882e-16  4.8145449e-16  -8.6285838e-16  2.3887758e-16  1.8815651e-16  
-8.1554693e-17  -3.6240793e-16  -6.9411900e-16  -9.5741993e-16  -4.1837587e-17  -9.6109869e-16  1.0000000   8.0041505e-16  1.2304534e-15  -7.7008648e-16  2.7927900e-16  
5.5153633e-16  5.7595025e-16  -5.3794915e-16  6.0147111e-16  -2.9835414e-16  4.7859190e-16  7.8861364e-16  1.0000000   2.3463817e-16  -2.7655915e-16  5.4816346e-16  
4.9040881e-16  -1.7937532e-16  -1.5465578e-16  1.0925632e-15  -6.9651906e-16  1.9661165e-16  1.2500146e-15  3.3963570e-16  1.0000000   -7.3118337e-16  -5.3993475e-16  
1.1612030e-16  -2.9577066e-17  -3.5378966e-16  -1.3450864e-16  7.1079389e-16  -1.1660555e-15  -8.3107933e-16  -5.8453162e-16  -8.2901004e-16  1.0000000   3.5588502e-16  
-2.2355114e-16  -7.3581888e-17  -4.2774825e-16  -4.4930524e-16  4.4870554e-16  2.1458733e-16  3.4774276e-16  5.5867715e-16  -5.8125428e-16  3.2787989e-16  1.0000000   
