1.0000000   -5.5505625e-17  -2.7679776e-16  1.7410130e-16  -7.5918567e-17  1.7730755e-17  1.4166872e-16  1.5742686e-16  -1.1729446e-16  -3.5401567e-17  1.3907445e-16  
-5.9752566e-17  1.0000000   -6.9663623e-17  -5.5065380e-16  1.8284886e-16  -3.7787985e-16  7.2978423e-16  -5.0300599e-16  -4.8264799e-16  -6.0658727e-17  -2.1848940e-16  
6.5534183e-17  -6.7845809e-17  1.0000000   4.0010487e-16  3.7831401e-16  2.1492713e-16  7.1629309e-16  4.0157456e-16  6.5010334e-16  -2.0483747e-16  -5.0637281e-16  
1.5516076e-16  -7.0345416e-16  5.6295245e-16  1.0000000   -4.2281856e-16  -8.8564446e-16  4.7074469e-16  3.3875983e-16  9.6470853e-16  -6.0149758e-16  6.9473219e-17  
-1.5360612e-16  2.0966092e-16  3.7456029e-16  -4.2498422e-16  1.0000000   -4.4373192e-16  -1.7364027e-16  -5.3846475e-16  4.5358354e-16  2.7010494e-16  -2.2805176e-16  
-1.3715633e-16  -3.7444904e-16  8.5450795e-17  -1.0867002e-15  -4.2219754e-16  1.0000000   -7.1768682e-16  8.9995617e-16  8.9709740e-16  -1.2002314e-16  -1.5550678e-16  
2.5765784e-16  7.3376672e-16  6.7932250e-16  3.8153049e-16  -1.7825208e-16  -7.2658833e-16  1.0000000   -1.1607843e-16  -1.7933092e-16  -4.7844787e-16  -7.1617313e-16  
1.1031700e-16  -4.7360935e-16  4.5764495e-16  2.6407451e-16  -5.7693910e-16  8.5877945e-16  -1.2950606e-16  1.0000000   3.4968158e-16  4.6631101e-16  4.6719966e-16  
1.1934117e-16  -7.3425052e-16  4.8936804e-16  3.5031545e-16  5.8326349e-16  8.4024089e-16  -1.3084621e-16  4.0064800e-16  1.0000000   2.6686273e-16  2.6028094e-16  
-3.3640037e-17  2.6806682e-16  2.5404017e-17  1.0911705e-16  -6.0229573e-17  -1.3565327e-16  -6.7710864e-16  5.5126264e-16  1.2940971e-16  1.0000000   2.3145959e-16  
3.1601158e-17  -7.1667712e-16  -8.2529639e-16  -8.4318615e-16  -1.2176776e-16  -1.7142083e-16  -6.0024143e-16  4.5786705e-16  3.2225326e-16  2.8339912e-16  1.0000000   
