1.0000000   8.6541832e-17  1.1970315e-16  9.7617239e-17  -1.5858162e-16  3.3092547e-16  -5.8008583e-18  1.2510579e-16  -1.1886475e-16  1.6922039e-16  7.2279977e-17  
6.3811834e-17  1.0000000   -1.7698665e-16  -1.7021769e-16  -1.6758515e-16  -3.1952484e-16  -9.8885687e-17  1.9819856e-16  3.5387867e-17  1.2686655e-16  1.1504531e-16  
-3.6907232e-16  -3.1284977e-16  1.0000000   8.8693148e-17  -3.1925965e-16  1.9212674e-16  8.7542048e-17  2.3572237e-16  3.1254809e-16  5.8708297e-16  2.1137678e-17  
-6.3118674e-17  -1.8041374e-16  8.1542011e-17  1.0000000   3.8329017e-16  -8.1520948e-16  -1.0995488e-16  -1.8211302e-16  -5.3938182e-16  -1.7953196e-16  1.0415276e-18  
-1.4593331e-16  -2.3516528e-16  -2.5317907e-16  4.3528579e-16  1.0000000   -2.1980221e-16  3.1908368e-16  -8.3106799e-17  -2.6111751e-16  7.1503889e-16  2.0922133e-17  
2.9896527e-16  -9.8446676e-16  3.5506623e-17  -7.2765388e-16  -3.2651741e-16  1.0000000   6.6044209e-16  4.2281825e-16  -8.0221329e-16  -6.4320726e-16  1.1361572e-17  
1.5705449e-17  2.2578221e-17  1.6083321e-16  -1.5713909e-16  2.4459684e-16  3.9064190e-16  1.0000000   2.7022161e-16  7.7903241e-16  -1.8594629e-16  -1.2268594e-18  
-1.7755638e-17  3.4934153e-16  2.9814972e-16  -1.3075707e-16  -9.0894808e-17  3.5247174e-16  2.1298694e-16  1.0000000   -1.4105088e-16  -8.4440930e-16  -6.0879707e-17  
1.3474165e-16  -1.9533400e-16  1.5276616e-16  -5.2070052e-16  -8.1504332e-17  1.8498135e-16  6.6371366e-16  -3.0759023e-16  1.0000000   8.4238146e-16  1.2575466e-17  
1.3462777e-16  -5.8591785e-17  4.7672049e-16  -2.7391372e-17  1.0085656e-15  -2.2755920e-16  -1.8172720e-16  -8.5519579e-16  7.1453921e-16  1.0000000   4.6406181e-17  
1.4921787e-16  1.1485012e-16  1.3366773e-17  1.1651302e-17  2.1385632e-17  3.8098359e-17  2.6677855e-17  2.9000895e-17  6.4937826e-17  -3.0934785e-17  1.0000000   
