1.0000000   3.0845246e-16  -4.1312676e-16  -5.6361608e-16  -1.6032789e-16  3.3245817e-16  1.9214205e-16  -7.8678564e-17  2.8500265e-16  2.7720493e-16  6.5926292e-16  
2.3409387e-16  1.0000000   6.5011391e-16  -8.2395491e-16  6.3248568e-16  -4.2337589e-16  5.4699656e-16  -3.0710899e-16  -2.2099080e-16  -2.0142654e-16  1.2825357e-16  
-4.7760484e-16  6.9338121e-16  1.0000000   -1.0639402e-16  -1.4525446e-16  3.1326275e-16  -2.9615224e-16  3.2127673e-16  3.2756550e-16  4.4552941e-16  -1.1481034e-16  
-3.3873334e-16  -4.6404228e-16  -9.3714111e-17  1.0000000   -1.7331229e-16  7.4245785e-17  1.5610254e-16  -5.3329222e-16  -1.9555354e-16  1.8097387e-16  7.1237694e-16  
-1.5013779e-16  5.5369510e-16  -1.2434089e-16  -1.6424153e-16  1.0000000   1.2107298e-16  -7.2487712e-16  -4.1832964e-17  -7.3423072e-16  2.3357665e-16  -4.3180723e-16  
2.7157886e-16  -3.4744257e-16  3.9236296e-16  6.3154335e-17  1.0092478e-16  1.0000000   -1.7884690e-16  -1.2922626e-15  1.5227512e-16  6.2242024e-16  -7.2791894e-17  
2.5559185e-17  5.4606370e-16  -8.0996891e-17  1.5648878e-16  -7.7736404e-16  -1.3701716e-16  1.0000000   -7.2138212e-16  4.1851773e-16  -1.0330875e-15  -2.9422891e-16  
-1.3094827e-16  -3.1114602e-16  4.1737007e-16  -4.3452596e-16  -2.4445431e-16  -1.2831061e-15  -7.9191606e-16  1.0000000   -3.9699155e-18  2.2985857e-16  2.4970702e-16  
1.2911196e-16  -2.0749590e-16  2.2764300e-16  -1.4853837e-16  -7.0281140e-16  3.7332591e-16  4.2528145e-16  1.0914660e-16  1.0000000   3.7017232e-17  -6.8098569e-16  
-4.4594326e-17  -7.0251122e-17  4.0667247e-16  2.5050580e-16  2.4294648e-16  6.0481191e-16  -1.0078078e-15  1.6604613e-16  8.0652173e-17  1.0000000   -4.0180035e-16  
5.5005602e-16  -4.4574143e-17  -1.3262715e-16  9.1567861e-16  -3.4116200e-16  5.8712089e-18  -9.1545283e-16  2.9166050e-16  -6.8609076e-16  -3.6982538e-16  1.0000000   
