1.0000000   -1.1479485e-16  2.4636561e-16  -3.9180046e-16  -1.4256665e-16  -1.9394953e-16  3.1044998e-16  2.0936849e-17  6.1216261e-17  5.5508563e-16  1.7724932e-16  
-1.7836079e-16  1.0000000   -5.8579489e-16  -1.8828706e-16  -1.0533794e-16  -3.5780502e-16  3.7791704e-17  2.9765724e-16  -8.1196195e-17  1.0363418e-16  -1.0167064e-16  
-1.8639990e-16  -3.6215115e-16  1.0000000   7.8234297e-16  7.8437175e-16  -3.7492750e-16  2.7711054e-16  2.0381123e-16  -1.7390558e-16  -6.4112860e-17  -4.9457839e-16  
-3.4540400e-16  2.1082585e-16  9.3195085e-16  1.0000000   4.5076432e-16  1.3853250e-16  4.0573771e-16  -1.6750636e-16  5.8814142e-16  -5.1573593e-17  2.8964814e-16  
-7.4277536e-17  -1.6325236e-16  7.8560428e-16  4.5296581e-16  1.0000000   -4.9278117e-16  6.4503456e-16  4.3197686e-16  -4.3757875e-16  -1.9866033e-16  -4.4533476e-17  
-2.1404908e-16  -3.8711859e-17  -3.7713314e-16  1.1775823e-16  -4.7525350e-16  1.0000000   5.9798015e-17  9.7421341e-16  -2.2400958e-16  1.0516051e-16  -3.8270702e-16  
4.6926238e-16  -8.3210464e-18  2.5715682e-16  3.5841505e-16  7.6300810e-16  3.8735656e-17  1.0000000   6.1563282e-17  6.9582402e-17  -3.3072925e-16  3.2225380e-16  
1.1321358e-17  2.4641310e-16  3.6833238e-16  -1.9340756e-16  4.8161307e-16  8.7222468e-16  -4.4631525e-17  1.0000000   3.7744749e-16  2.6275956e-16  2.1936904e-16  
1.3798797e-16  -1.1975255e-16  -1.2911825e-16  6.7186532e-16  -3.8236864e-16  -2.6328286e-16  9.0038742e-17  4.5520266e-16  1.0000000   -5.8579286e-16  2.7031002e-16  
6.3809903e-16  8.5180508e-17  -4.0093881e-17  -3.4785403e-17  -1.4072116e-16  6.4680561e-17  -4.5706519e-16  2.9286164e-16  -4.9380573e-16  1.0000000   8.2673804e-17  
1.8844572e-16  -2.3274771e-16  -4.2949944e-16  4.8502512e-16  -5.3566072e-17  -1.5955302e-16  2.3899426e-16  1.7922307e-16  2.5792534e-16  -3.1234340e-17  1.0000000   
