1.0000000   -4.7200677e-17  -1.4031176e-16  8.8860634e-17  -3.2041431e-16  -2.0417794e-17  4.0876605e-18  -1.6947462e-16  1.7415653e-16  -3.3509409e-16  -5.6081853e-17  
3.0974320e-16  1.0000000   1.1925439e-16  4.9922997e-19  -2.4824557e-18  -4.3733078e-16  -2.5366627e-16  -2.2924950e-16  4.1125776e-17  -2.7248881e-17  -4.0260376e-16  
-4.7654855e-16  1.0747478e-16  1.0000000   6.6378245e-16  -5.5372481e-16  1.1226048e-16  -3.5076333e-16  3.6240896e-16  -4.6069021e-16  1.4266454e-15  -1.6030946e-17  
4.0816402e-16  -1.5504505e-16  4.9249958e-16  1.0000000   -8.0517206e-16  2.6272770e-16  3.3580656e-16  4.8100520e-16  -7.5823131e-16  -1.4771858e-17  2.1007518e-16  
1.2489515e-17  -1.0439654e-16  -5.9466092e-16  -8.2170479e-16  1.0000000   -2.5857012e-16  -2.5952399e-16  -2.2688909e-16  1.3893400e-18  7.7620753e-16  -2.7203787e-16  
-6.4745868e-18  -4.0905465e-16  1.2832130e-16  2.2575729e-16  -1.7677238e-16  1.0000000   2.2793381e-16  3.1862224e-16  -1.2055746e-16  -1.5597726e-16  6.7576394e-16  
1.7553879e-16  -1.1193343e-16  -6.0175859e-16  3.7730531e-16  -3.7236939e-16  2.5882923e-16  1.0000000   -2.1287499e-16  2.3843898e-16  1.5581768e-16  4.5465340e-16  
-4.7662106e-17  -1.7785339e-16  4.4264314e-16  4.4814491e-16  -2.5878440e-16  2.7672347e-16  5.5343459e-17  1.0000000   5.6791739e-16  7.4761801e-16  1.4742566e-16  
-2.3900744e-17  -4.5457689e-17  -3.7300120e-16  -7.0182359e-16  -8.5674066e-17  -1.4940212e-16  3.4599718e-16  6.9723123e-16  1.0000000   1.3338497e-15  1.4741507e-16  
-2.6032676e-16  1.6833677e-16  1.2136517e-15  -1.0226135e-16  7.6032388e-16  -1.1409652e-16  5.7107481e-16  6.5512986e-16  1.1663049e-15  1.0000000   4.3923190e-16  
6.3336597e-17  -3.7480689e-16  -5.5855894e-17  1.2342541e-16  -2.2940365e-16  6.7771625e-16  5.0137744e-16  2.0228841e-16  1.2687452e-16  3.0527745e-16  1.0000000   
