1.0000000   -1.0745107e-16  -1.7515171e-16  4.5861216e-17  4.9797385e-17  -5.5324837e-17  6.8255305e-17  2.0949659e-18  -9.9123083e-17  1.9512429e-16  -1.2386564e-16  
6.8250279e-17  1.0000000   6.7431556e-18  2.9369827e-16  -4.5824771e-16  5.7446141e-16  -4.3993898e-16  6.6960238e-16  8.6223628e-16  3.6846293e-16  -7.2257151e-16  
1.0577642e-16  -5.9474606e-17  1.0000000   -5.2050656e-16  1.7070685e-16  3.6951943e-16  -8.0452203e-17  2.1382424e-16  6.0261899e-17  2.0975701e-16  1.2425186e-15  
-3.3165334e-17  2.4288761e-16  -1.2281897e-16  1.0000000   1.8887180e-16  9.6234089e-17  -1.8838041e-16  -3.8829031e-16  -6.4716178e-16  5.8993439e-17  -1.1244576e-15  
-5.8211371e-17  -6.6611360e-16  -1.1156498e-16  2.6048237e-16  1.0000000   -3.7603288e-16  -8.9600666e-16  -4.7506429e-16  -7.7447372e-16  -9.3971895e-16  -4.8831958e-16  
5.6600834e-17  1.2570350e-16  5.5328634e-16  7.1695175e-16  -8.7998029e-16  1.0000000   -7.5581693e-16  -8.1854716e-16  -6.6005148e-16  5.5478035e-16  -1.4925144e-17  
-4.3965628e-17  -1.6157258e-16  -1.0660787e-17  -4.2564568e-16  -6.4618215e-16  -8.2776737e-16  1.0000000   -9.8361549e-17  -4.3348843e-17  -4.9469351e-17  -2.1162991e-16  
-4.1705837e-17  -2.5027613e-16  3.4495269e-16  -3.9537138e-16  -5.6446961e-16  -7.3258710e-16  -1.0009897e-16  1.0000000   6.7778031e-16  -2.4120131e-16  3.1963042e-16  
7.4411013e-17  1.0307799e-15  1.3094883e-16  -6.8634161e-16  -6.8433380e-16  -6.8315703e-16  -1.7500479e-16  6.6336394e-16  1.0000000   -6.9413217e-16  1.2256194e-15  
-6.8907684e-17  2.5473278e-16  1.8128344e-16  1.8381059e-16  -9.9599849e-16  5.1026539e-16  -5.6871599e-17  -3.9099261e-16  -6.8118072e-16  1.0000000   -9.1921710e-17  
3.1398022e-17  -6.9094832e-16  1.1642050e-15  -1.1060698e-15  -4.8188128e-16  7.8999375e-17  -1.8658399e-16  3.4114845e-16  1.1815025e-15  -8.1246553e-17  1.0000000   
