1.0000000   -2.8737971e-16  -3.8517788e-16  3.0342179e-16  9.7603145e-17  5.3711420e-17  -6.4591252e-17  5.1131554e-17  4.4042571e-17  5.7242435e-16  -4.2343878e-16  
-6.1392235e-17  1.0000000   3.9521032e-16  2.2697977e-16  -5.2206922e-16  -3.2744859e-16  4.3207563e-16  -1.1140795e-16  3.7139209e-16  3.4558209e-16  6.5259395e-17  
2.8817777e-16  1.4328268e-16  1.0000000   3.7637217e-16  7.6169387e-16  -3.5694567e-16  -3.6256457e-16  2.9051412e-16  3.3043492e-16  -2.0457176e-16  6.9565122e-17  
2.0759781e-16  2.7071749e-16  4.4081674e-16  1.0000000   -6.2184123e-17  1.1452653e-16  3.7551815e-16  2.3258228e-16  1.5008150e-16  -3.9510940e-16  -1.3005937e-16  
2.6414644e-16  -5.5127558e-16  7.4304067e-16  -2.9049477e-16  1.0000000   4.3984078e-16  -3.0601765e-17  -8.2202295e-16  -5.1467918e-16  -7.0388110e-16  2.0397570e-16  
-1.9337506e-16  -5.6247721e-17  -4.0537392e-18  1.0574506e-16  3.1975887e-16  1.0000000   3.7667884e-17  -2.2452428e-16  -6.3486695e-16  2.6269284e-17  -1.1094395e-16  
-1.8335781e-17  2.6298641e-16  -4.7015366e-16  5.0587797e-16  7.4899285e-17  -4.9629947e-17  1.0000000   7.3434723e-16  5.0736393e-16  -1.3574555e-16  2.1298813e-16  
-8.3021236e-18  -3.1837389e-17  3.0237452e-16  1.9893225e-16  -8.5908941e-16  -2.2564869e-16  4.3132376e-16  1.0000000   3.1785939e-16  1.1510433e-16  -2.9506869e-16  
-6.1962127e-17  8.2899557e-16  3.6130257e-17  2.1805903e-16  -5.3781496e-16  -7.8921451e-16  -5.9198880e-16  3.1562287e-16  1.0000000   1.3001657e-16  1.1490108e-16  
4.6313796e-16  2.1144929e-16  -1.4314765e-16  -4.1936053e-16  -7.5856387e-16  7.5798513e-17  4.0052620e-16  1.2397746e-16  8.7139624e-17  1.0000000   1.0899345e-16  
-1.0527687e-16  2.2406922e-16  -2.4069288e-17  -1.1249699e-16  1.7187484e-16  -6.1009666e-18  2.2769940e-17  -8.5070484e-17  1.1756373e-16  7.2691097e-17  1.0000000   
