1.0000000   -1.1964545e-16  -1.0186069e-16  -4.4423594e-16  -5.1666197e-17  -8.6288374e-17  1.7085287e-16  -1.5081078e-18  -1.5326907e-17  3.2806909e-16  -3.7195691e-16  
-1.7876271e-16  1.0000000   -4.2883934e-16  2.6451866e-16  -8.3829824e-16  -4.1527627e-16  -9.2480248e-18  -5.2639410e-16  -1.3623880e-17  -3.2649611e-16  -3.8788514e-16  
3.1777075e-17  -5.1895424e-16  1.0000000   -9.4875858e-16  4.9740849e-16  8.2268362e-16  6.9597452e-17  -2.3939689e-16  4.2260391e-16  -6.4945804e-16  -5.7303368e-16  
-6.2409654e-16  -9.8764174e-17  -6.1702351e-16  1.0000000   -4.1974427e-16  -2.4501269e-17  -7.9071246e-16  1.3305123e-16  6.3423999e-17  8.6395769e-17  -1.0244652e-15  
1.3122659e-16  -6.9551042e-16  4.9568892e-16  -3.2026242e-16  1.0000000   -2.7160790e-16  -2.4598254e-16  3.2896168e-16  -4.5246558e-16  3.8927251e-16  5.0802580e-16  
-1.1097328e-16  -4.3860079e-16  7.2444950e-16  -5.6044428e-17  -2.0722953e-16  1.0000000   1.2295731e-16  1.3562236e-16  1.4476753e-15  -6.6554242e-16  -5.2727123e-16  
1.8930211e-16  1.7010547e-16  9.9221876e-17  2.2163447e-16  -3.6964951e-16  3.0838571e-16  1.0000000   2.5642570e-16  -6.5066462e-16  5.1270280e-16  4.2288279e-17  
4.3495779e-18  -4.7800659e-16  -3.3703206e-16  -1.0263392e-16  4.8494397e-16  1.0674223e-16  1.8164767e-16  1.0000000   -1.9105811e-17  -9.2562537e-17  2.5973371e-16  
1.6609540e-17  1.0276216e-17  2.4399963e-16  6.0350139e-17  -5.3491475e-16  1.3077809e-15  -8.0373992e-16  1.6217564e-17  1.0000000   1.3677886e-15  1.5382415e-15  
5.3484939e-17  -2.8390826e-16  -6.3102868e-16  4.9449731e-17  3.2007159e-16  -5.8346654e-16  6.2685017e-16  -6.5703033e-18  1.4061506e-15  1.0000000   6.9442683e-16  
-4.9884067e-16  -3.5801216e-16  -5.5925005e-16  -1.0335641e-15  3.8120548e-16  -6.0039474e-16  1.3214916e-16  3.0690847e-16  1.3179482e-15  7.4095181e-16  1.0000000   
