1.0000000   1.3104853e-16  -9.9736273e-17  -7.4635401e-17  6.1814419e-17  5.7814513e-16  1.4466184e-16  1.2988731e-16  4.1820261e-17  -3.1546357e-16  1.0232661e-16  
-1.4977013e-16  1.0000000   6.8155065e-16  -9.8155462e-16  -5.6954733e-16  1.2153640e-15  -1.0003919e-16  -1.3421197e-16  -7.2772753e-16  -7.4346650e-16  -8.5660177e-18  
1.9800819e-17  5.4883060e-16  1.0000000   -6.5684982e-17  1.4228184e-16  4.0440285e-16  1.1084650e-15  -2.3755985e-16  -2.8399686e-16  3.8702070e-16  5.2490674e-16  
-3.7047915e-16  -1.2417858e-15  -1.6345528e-16  1.0000000   -3.2562938e-16  -1.2017133e-16  2.8901400e-17  -1.0288921e-15  2.2180396e-16  5.1571341e-16  6.2475821e-16  
-3.8122661e-16  -5.9925449e-16  -1.5301093e-16  -2.2486210e-16  1.0000000   1.3171823e-16  8.2740541e-16  6.2999766e-16  8.3287293e-17  -3.2114843e-16  8.9251057e-16  
3.5553796e-16  1.1147865e-15  6.0557660e-16  1.5543968e-16  2.3111455e-16  1.0000000   1.4534569e-15  3.9724932e-17  5.0015768e-17  -1.4693350e-16  2.0953393e-16  
2.6175420e-16  -2.1303134e-16  8.2563921e-16  -2.0976929e-16  5.8589022e-16  5.7341080e-16  1.0000000   8.8240344e-16  -3.9157074e-16  8.8286639e-17  4.0086935e-16  
-1.0474147e-16  -8.3500428e-17  -1.7163104e-16  -1.0122960e-15  7.7524925e-16  6.5142051e-16  9.9900761e-16  1.0000000   2.7226466e-16  1.2333929e-16  1.6432439e-18  
-5.7013431e-18  -7.6440162e-16  -1.6442704e-16  -9.8248900e-17  1.8102999e-16  1.4884218e-18  -1.9598300e-16  1.9409394e-16  1.0000000   4.0435845e-16  2.1277468e-16  
-4.5079272e-16  -6.0946572e-16  4.4270565e-16  1.9443622e-16  -2.2548478e-17  3.2865794e-16  -5.0771101e-16  6.6324039e-16  3.5608443e-16  1.0000000   -8.0489983e-16  
1.2380736e-16  9.6064839e-17  6.2793813e-16  7.2353774e-16  8.5372493e-16  3.0295573e-16  2.8087274e-16  -1.2436307e-16  1.8153091e-16  -8.2323323e-16  1.0000000   
