1.0000000   1.1998220e-16  -2.1140056e-16  9.5143157e-17  8.1939926e-17  -9.7657263e-17  -1.8743716e-17  -1.6544224e-16  1.3691230e-16  2.3713812e-17  -6.8209446e-18  
9.2655729e-18  1.0000000   -1.0100150e-17  -3.1185749e-16  8.4346076e-16  -6.2950391e-16  -6.1806567e-16  -3.8661070e-16  -2.8263421e-17  2.0826955e-16  3.3980992e-16  
2.3952673e-16  -1.3908246e-16  1.0000000   5.9270841e-17  1.0723981e-15  7.0756313e-16  -3.7953375e-16  -1.9859149e-16  -1.0272346e-15  1.8082818e-16  5.4971107e-16  
-1.5156125e-16  -3.8886595e-16  1.1640336e-16  1.0000000   4.1528511e-16  1.5561687e-16  6.8963125e-16  -1.0559850e-16  4.8871496e-16  3.0210318e-16  1.8194014e-16  
-6.2425995e-17  8.0953481e-16  1.0056336e-15  3.5234993e-16  1.0000000   -1.1185608e-15  -9.2486283e-17  3.0576827e-16  1.4579241e-16  3.6591731e-16  -5.1789288e-16  
1.3684416e-16  -6.6383448e-16  7.4262606e-16  1.5041624e-16  -1.2475411e-15  1.0000000   4.0272876e-18  -1.2767077e-16  -1.0114104e-15  6.6519425e-16  -1.2254047e-16  
2.1870232e-17  -3.1566261e-16  -3.8105169e-16  7.6279769e-16  -1.8176504e-16  4.9182005e-17  1.0000000   7.2178890e-16  -2.4762669e-16  1.3278362e-15  5.0792839e-16  
1.1696895e-16  -1.1869598e-16  -1.9382463e-16  -1.4857118e-16  2.4577003e-16  -2.4775124e-16  6.2094461e-16  1.0000000   1.1047848e-16  -1.4937439e-16  -1.6637755e-16  
-4.4923658e-17  -2.1847754e-17  -9.1459451e-16  5.0120810e-16  2.2823176e-16  -9.8514718e-16  -4.0252581e-16  1.7098273e-16  1.0000000   1.5818717e-15  -8.5630118e-16  
-5.5952465e-17  1.5539350e-16  1.9922383e-16  2.1261820e-16  3.4517565e-16  3.6649576e-16  1.0937724e-15  -3.1605762e-16  1.6435848e-15  1.0000000   -1.1110480e-15  
2.9450091e-17  3.2572496e-16  5.3953479e-16  3.4911649e-16  -5.8071901e-16  -2.2517609e-16  5.3016470e-16  -3.8607137e-16  -6.5382812e-16  -1.0688793e-15  1.0000000   
