1.0000000   -1.5337532e-17  1.1159933e-15  8.4334018e-18  2.2788530e-16  -1.4930459e-16  -5.8239625e-17  -3.3249176e-16  1.6436358e-16  -2.0161493e-16  -6.0544259e-17  
3.7227176e-17  1.0000000   -3.6415533e-17  -4.3944259e-17  6.3089982e-16  4.4467610e-16  -6.7317722e-16  7.7203894e-16  7.3540693e-16  -6.5582706e-16  -1.2480141e-16  
9.8834184e-16  1.9728495e-16  1.0000000   3.3879266e-16  -5.2032299e-16  1.6709771e-16  5.2628789e-16  2.0987671e-17  -4.0651032e-16  -4.7603525e-16  4.9206394e-18  
2.7498666e-16  -2.6787305e-16  1.8864668e-16  1.0000000   2.3299297e-16  6.3692603e-16  -6.3573572e-16  -1.6556882e-16  1.0268110e-16  -2.8581011e-16  -2.3662204e-16  
2.6434730e-16  6.3630503e-16  -4.7057814e-16  1.8626994e-16  1.0000000   8.3036995e-16  -1.1202592e-17  2.8713159e-16  -1.5170134e-16  -1.0072292e-15  3.2720883e-16  
3.2627402e-17  4.8330251e-16  4.2900769e-16  5.7587770e-16  9.7692832e-16  1.0000000   -5.2324673e-17  -2.1478407e-16  -6.1641299e-16  9.5760855e-16  -6.2440558e-16  
-1.4062569e-16  -4.6607765e-16  1.7754275e-15  -6.7531510e-16  2.3161252e-16  4.5172333e-18  1.0000000   -5.4666030e-16  1.5940970e-16  -1.1564981e-16  5.4393322e-16  
-2.5097875e-16  5.0168923e-16  -5.0282538e-16  -1.6561331e-16  2.8543975e-16  -4.0462409e-16  -7.2670315e-16  1.0000000   2.8408836e-16  1.8571424e-16  -9.0564814e-16  
1.3458285e-16  6.5990210e-16  -3.5806090e-16  1.7002297e-16  -2.0020308e-16  -5.9949109e-16  1.5691993e-16  2.5047050e-16  1.0000000   7.6453878e-16  2.2389198e-16  
-1.0090013e-16  -6.6716909e-16  -4.5611648e-16  -2.7564994e-16  -1.0467130e-15  9.0245282e-16  -1.3246401e-16  2.6132807e-16  9.0021022e-16  1.0000000   4.9099239e-16  
2.7046680e-16  -7.0752272e-17  -1.1437084e-16  -5.1866792e-17  2.7166972e-16  -5.2639879e-16  5.7440353e-16  -8.4856020e-16  2.8879461e-16  4.9680113e-16  1.0000000   
