1.0000000   -1.0120711e-16  -3.8815315e-17  -3.6734494e-16  5.0707273e-16  1.7718887e-16  6.9472014e-17  -1.4725999e-16  -9.6324382e-17  -2.7099365e-16  -4.1787608e-16  
-9.7414608e-17  1.0000000   -6.4631358e-18  -7.3987090e-17  -5.4438024e-16  -3.5955579e-16  2.9180398e-16  2.9589929e-16  -1.4689103e-16  -3.5707037e-16  -4.6942989e-16  
1.9520790e-17  1.7358084e-17  1.0000000   -3.3191635e-16  3.1412719e-16  -7.3097248e-16  1.0904185e-15  -5.8089019e-16  -5.9024444e-16  -1.0766376e-16  -1.1376419e-15  
-2.2079576e-16  -3.9834263e-17  -2.8615559e-16  1.0000000   1.2704101e-15  -4.9090516e-16  9.9290863e-17  -9.6123512e-16  2.0529394e-16  3.9536656e-16  -4.3413446e-16  
3.3698382e-16  -4.3704934e-16  4.5082510e-16  1.3547330e-15  1.0000000   7.4753181e-16  4.0522019e-16  -4.7932048e-16  4.0382321e-16  -4.3915390e-16  4.3346678e-16  
-9.5473619e-17  -1.0252405e-16  -4.7603893e-16  -6.7700073e-16  5.6421924e-16  1.0000000   -1.2687870e-16  -1.8357519e-16  5.8660052e-16  -5.0857472e-17  2.3176600e-16  
-1.9021736e-17  2.7747115e-16  1.3783282e-15  2.9258745e-17  6.9944225e-16  7.8102830e-16  1.0000000   5.7928856e-16  -7.7580225e-16  3.8313117e-17  1.6784093e-15  
-1.1757434e-16  3.2670975e-16  -5.9836248e-16  -9.6095171e-16  -5.9633842e-16  -3.7144475e-16  5.6326002e-16  1.0000000   2.5597216e-16  -9.1669158e-16  -6.9932734e-16  
1.7741163e-16  -3.0702045e-16  -1.0445546e-15  3.6777401e-18  2.4662340e-16  -1.8790763e-16  -1.5748465e-16  -2.4288655e-17  1.0000000   -3.6697146e-16  -7.5798056e-16  
-2.2688260e-16  -3.2614652e-16  -1.7559397e-16  3.4219024e-16  -2.0110025e-16  -8.0117652e-17  -1.9243181e-16  -8.4187250e-16  -2.2026496e-16  1.0000000   -1.9549584e-16  
-2.8830736e-16  -2.0334837e-16  -5.3677198e-16  -4.3742370e-16  3.6246022e-17  4.8315310e-16  2.6090309e-17  -3.9292853e-16  6.0804811e-16  -1.8569440e-16  1.0000000   
