1.0000000   4.7264760e-17  -4.0004372e-16  -1.0880465e-18  1.4935728e-16  -5.4967256e-17  7.7537155e-17  5.0237860e-17  3.1077232e-17  1.3787617e-16  3.0865285e-17  
7.8867466e-17  1.0000000   1.0841418e-16  -5.7518045e-17  3.4521949e-16  -1.0232695e-15  -1.0913830e-16  3.1424128e-16  3.0318139e-16  -1.3672935e-16  1.7777556e-17  
4.1511026e-16  1.4547248e-16  1.0000000   -4.3320807e-16  -5.1113905e-16  -2.1383619e-16  -6.7119613e-16  1.4628415e-16  -1.1238986e-15  -9.9307067e-17  -2.7115923e-16  
4.5800391e-17  8.6276505e-17  -5.4687598e-16  1.0000000   1.1572974e-15  -1.2913249e-18  -5.5376715e-16  -6.7774698e-16  -5.1787778e-16  4.5394788e-16  8.1393937e-17  
-9.1249144e-17  5.4877305e-16  -4.1318557e-16  9.7429573e-16  1.0000000   1.9016065e-16  -5.4724080e-16  2.1284601e-16  -2.8837600e-16  3.1533505e-16  9.9792943e-16  
4.2236453e-17  -5.9653111e-16  -2.4845355e-16  2.5055508e-17  5.1455215e-16  1.0000000   -2.4258355e-16  1.7637457e-18  1.2371732e-15  4.3051228e-16  5.9272952e-16  
-6.6668879e-17  -1.8075998e-16  -6.8496724e-16  -5.4076021e-16  -7.2433901e-16  -3.7177892e-16  1.0000000   7.0566485e-16  5.5497450e-16  4.7390302e-17  7.7259315e-16  
-1.1245640e-16  4.8672382e-16  8.9146620e-17  -7.9962314e-16  4.8780045e-16  8.6824813e-17  7.0470240e-16  1.0000000   1.4444902e-17  -5.2644779e-16  -1.5914362e-16  
6.7943182e-17  2.3111658e-16  -1.2309341e-15  -6.2119853e-16  -5.2849668e-16  1.0580836e-15  5.2533374e-16  -4.6315019e-17  1.0000000   -9.7648043e-17  8.3018885e-16  
-1.1278673e-16  -5.6107977e-16  -2.4328647e-16  2.8725502e-16  -4.7427391e-16  5.0463341e-17  2.2725272e-17  -5.2657940e-16  -1.0020635e-16  1.0000000   5.1400754e-16  
-4.1608019e-17  8.6622767e-18  -2.5241653e-16  9.0366557e-17  1.0095644e-15  6.2779139e-16  7.8724513e-16  -1.6550389e-16  7.9328532e-16  6.8816514e-16  1.0000000   
