1.0000000   1.8793648e-16  3.0538712e-16  -4.0010618e-16  1.7545296e-16  5.4386704e-16  -3.6020964e-16  -3.6950798e-16  1.3229389e-16  2.7693624e-16  -3.8179888e-16  
1.9165471e-16  1.0000000   1.8746376e-16  4.0377734e-16  -9.3931380e-17  1.0472944e-16  -8.0082591e-16  8.3900857e-17  3.3258345e-16  5.5853094e-16  4.6036579e-16  
1.5990648e-16  3.4648980e-16  1.0000000   -4.1003115e-17  6.6069271e-16  -1.2238471e-15  4.1814882e-16  1.2169288e-15  7.2573326e-16  7.9612455e-17  -1.4935571e-15  
-2.0165524e-16  3.5980639e-16  -7.6597378e-17  1.0000000   -1.2070871e-15  6.6910571e-16  -2.9991620e-17  -4.8894560e-17  7.3786518e-16  8.7281944e-16  -2.9171603e-17  
6.6457430e-17  -1.2215906e-16  5.5270750e-16  -1.2220389e-15  1.0000000   -8.9557713e-17  1.6102698e-16  -2.8785103e-16  -1.9520862e-16  1.5392908e-16  3.1039530e-16  
3.3303967e-16  4.6328590e-16  -7.2157888e-16  7.1339779e-16  4.9883069e-17  1.0000000   -9.9334174e-17  -1.2346871e-15  1.9833293e-16  -1.9995704e-16  -1.5897623e-16  
-2.0714353e-16  -9.3904373e-16  3.7468380e-16  1.0366932e-17  2.2702628e-16  -2.6482946e-16  1.0000000   6.0486322e-16  -4.4375590e-16  4.7336480e-16  7.7718322e-16  
-4.7453918e-16  1.6771621e-16  1.3364476e-15  -2.4937286e-16  -3.1173928e-16  -6.5385452e-16  6.6316971e-16  1.0000000   1.8114978e-16  2.9175279e-16  -9.6264574e-16  
1.6235615e-16  4.8674880e-16  1.4055170e-16  6.6426550e-16  -2.7816866e-16  7.3653239e-16  -4.6373450e-16  8.9560301e-16  1.0000000   1.4055753e-16  1.8978011e-16  
4.6307327e-16  5.2149958e-16  3.0941088e-17  8.3293949e-16  1.5405021e-18  4.4973899e-17  4.0205311e-16  5.2234904e-16  2.9200598e-17  1.0000000   -1.4014820e-16  
-9.8299057e-17  6.5945284e-16  -1.5393596e-15  1.4305836e-16  3.6348524e-16  -3.9013321e-16  5.9700237e-16  -7.3619318e-16  5.7409892e-16  -3.8470437e-17  1.0000000   
