1.0000000   -1.0157489e-16  -9.6300615e-17  4.8235960e-16  5.2922210e-16  2.3902183e-16  4.2004964e-16  1.2136361e-16  2.7643714e-16  -1.7738337e-16  -3.5715496e-16  
-1.1144057e-16  1.0000000   -7.9662279e-16  -2.6350648e-16  -1.0607496e-15  -4.1862253e-16  3.4535509e-16  -1.0331510e-15  5.3444499e-16  5.1948383e-16  -1.5806211e-17  
5.9791332e-17  -8.3988948e-16  1.0000000   5.5438356e-17  1.8978686e-16  -9.3917094e-19  -9.7294042e-17  -1.2210711e-15  -3.1293855e-16  -6.3905722e-16  7.3470156e-16  
4.6385797e-16  -3.7297507e-16  -1.3334320e-16  1.0000000   -6.8871538e-17  -6.7678888e-16  -1.1596818e-15  1.4457269e-16  -2.2785047e-16  -5.6627599e-16  -8.7159426e-16  
6.4970282e-16  -1.1490714e-15  2.3478122e-16  3.0645935e-17  1.0000000   -5.4752064e-16  -1.4739052e-15  3.0107154e-16  1.4151934e-15  -1.0914158e-15  -2.5726254e-16  
3.9832425e-16  -3.6811434e-16  2.6564409e-17  -6.8911740e-16  -6.0804227e-16  1.0000000   9.1792361e-16  7.9026387e-16  -1.8507637e-16  7.4924945e-17  -1.9814853e-16  
1.3282443e-16  3.2736143e-16  -5.1275934e-19  -1.1201545e-15  -1.3924875e-15  9.7901679e-16  1.0000000   -3.5336029e-16  3.5216010e-17  -3.2172512e-16  1.0023788e-17  
1.2488203e-17  -1.1397376e-15  -9.9509440e-16  1.5912089e-16  2.6793839e-16  7.9307192e-16  -4.0287442e-16  1.0000000   -6.1742207e-16  1.7911716e-15  2.3448268e-16  
2.8967549e-16  4.8894866e-16  -4.3856438e-16  -2.6606769e-16  1.3069719e-15  -1.9214162e-16  4.9301592e-17  -7.1166451e-16  1.0000000   -3.5829019e-16  -2.3061679e-16  
-3.0482475e-16  4.7442184e-16  -6.4573475e-16  -6.3983002e-16  -1.0277430e-15  2.5923321e-17  -3.7555057e-16  1.5653868e-15  -5.1478110e-16  1.0000000   1.5001682e-15  
-3.9395111e-16  -4.3871833e-17  6.6796552e-16  -9.5025903e-16  -1.3982312e-16  -2.1040934e-16  5.0821977e-20  1.2914500e-16  -1.8405560e-16  1.5569846e-15  1.0000000   
