1.0000000   7.1501088e-17  3.2098036e-16  4.5711263e-16  3.1822221e-18  7.5523873e-17  -1.4675080e-16  -6.0401519e-18  -8.8661455e-17  -3.6901580e-16  -1.9080437e-16  
1.6899304e-16  1.0000000   -2.0881350e-16  3.1231477e-17  8.8009313e-16  3.5621474e-16  1.1606751e-16  -1.4500821e-16  5.8955565e-17  1.5244896e-16  -1.1338162e-16  
1.6683909e-17  -9.6956340e-17  1.0000000   7.2109962e-16  3.7861416e-16  -6.0935745e-16  -5.6213077e-16  -6.7495458e-17  -4.3783520e-16  -5.3685648e-17  -4.1102451e-16  
3.4224061e-16  -1.4094887e-16  8.0272662e-16  1.0000000   -1.1357075e-16  -6.1496151e-16  -2.8569260e-16  -3.1336481e-16  8.3695352e-17  -8.5202634e-17  -3.4539039e-16  
-6.4864688e-17  1.2012645e-15  3.7039739e-16  -1.4057168e-16  1.0000000   -6.2657444e-16  -5.4815705e-16  -4.0687048e-16  -1.1966727e-15  1.4632573e-16  1.5343917e-16  
-9.6773941e-17  2.7992096e-16  -6.2641009e-16  -5.7627376e-16  -5.7424106e-16  1.0000000   -2.2088004e-16  2.3176282e-16  7.6705792e-16  -4.4837125e-16  8.6058039e-16  
1.4831702e-16  5.3030014e-17  -4.0435587e-16  -1.4314271e-16  -8.4587694e-16  -1.1904270e-16  1.0000000   -1.3903361e-15  1.1435209e-16  2.3078173e-16  -6.5676301e-16  
-4.9989121e-17  -3.4272890e-16  -8.8452779e-17  -2.0787434e-16  -1.1058938e-15  3.4737439e-16  -9.0600691e-16  1.0000000   2.7647725e-16  9.3651765e-17  2.3453723e-16  
7.6986286e-17  -9.3321608e-18  -4.8191504e-16  8.4588786e-17  -1.4344149e-15  8.2575919e-16  4.3045878e-16  3.7397323e-16  1.0000000   1.8373274e-16  4.6113575e-16  
-1.3084388e-16  1.2936720e-16  -1.6066852e-16  1.9728200e-16  -1.4112674e-16  -4.5883617e-16  4.2253397e-16  2.8886294e-16  1.4780062e-16  1.0000000   -8.2928761e-17  
-1.2580557e-18  -7.8876913e-17  -3.5820547e-16  -2.0274411e-16  9.4448409e-17  7.7623624e-16  -6.9777592e-16  2.3119378e-16  5.0884657e-16  -1.4442759e-17  1.0000000   
