1.0000000   -1.2937234e-16  -4.4615198e-16  -8.1547706e-16  2.0313973e-16  -2.5655051e-17  1.7722860e-16  2.5703089e-18  2.7678879e-16  -1.3044700e-16  -2.4814651e-17  
-5.9151086e-17  1.0000000   1.4237736e-15  -7.4410440e-16  3.1883838e-16  1.4658360e-17  1.5223327e-16  1.6117418e-16  5.3037112e-16  -5.7897566e-16  7.0715232e-16  
-2.0847649e-16  1.5057446e-15  1.0000000   1.0692136e-15  4.2840597e-16  -1.3639695e-15  -2.6532372e-16  2.0702110e-16  2.1783518e-16  -4.2929652e-16  -2.6354583e-17  
-1.0277624e-15  -9.9619131e-16  1.1239491e-15  1.0000000   -3.0988362e-16  4.2505804e-16  1.2304090e-16  7.8532031e-18  -1.1553707e-16  3.6240669e-16  -1.5630299e-16  
1.2870558e-16  3.0609153e-16  4.2693037e-16  -3.0955045e-16  1.0000000   1.4653622e-15  -3.2813539e-18  -5.2907063e-17  -7.2503822e-16  7.5068103e-16  -2.2250158e-16  
-5.8729587e-17  -1.0741794e-16  -1.4352854e-15  4.9581640e-16  1.3107512e-15  1.0000000   4.6938620e-16  -1.9831038e-16  7.3751301e-16  2.3571933e-16  -7.6488219e-16  
6.9780530e-18  -2.0446474e-16  -2.5265690e-16  6.0684116e-16  -4.6142687e-17  5.2277819e-16  1.0000000   1.4317975e-16  -1.3204147e-15  -2.6063003e-19  2.2119373e-15  
-9.4525183e-17  1.8784347e-16  8.7599115e-17  8.9286540e-18  -5.7927646e-17  -1.9180014e-16  5.9194677e-17  1.0000000   -6.0087178e-17  -1.7237866e-16  2.2108203e-16  
3.1192648e-16  5.3919348e-16  -9.0744545e-17  2.4749385e-16  -8.5663342e-16  7.5065079e-16  5.9428233e-17  -4.7548599e-17  1.0000000   4.8346898e-16  1.2497861e-15  
-2.7756022e-16  -6.8542056e-16  -4.1117616e-16  4.5864665e-16  8.1439575e-16  2.9559893e-16  2.5566750e-16  -2.8289168e-16  4.8726653e-16  1.0000000   -2.4250553e-16  
1.1243097e-16  7.8182421e-16  3.4848460e-16  -3.5981113e-16  -3.5561535e-16  -8.0834048e-16  1.1817432e-15  2.0623208e-16  1.2417160e-15  -2.2224832e-16  1.0000000   
