1.0000000   1.9667269e-16  3.4152807e-16  -3.9912656e-17  2.4598074e-16  1.9510527e-16  -8.5992625e-17  -1.4923344e-16  -2.7152051e-17  -2.5836278e-16  -1.8793344e-16  
1.3131134e-16  1.0000000   4.4273203e-16  -1.0051054e-16  -1.7413551e-17  1.9589686e-17  1.9894034e-17  -4.8453943e-17  1.7276632e-17  -1.1055163e-16  -2.3094435e-16  
6.1913593e-17  4.7611735e-16  1.0000000   8.1927919e-16  9.9352123e-17  4.1248510e-16  -2.2110094e-17  6.6307959e-16  -2.0755924e-16  4.6365101e-16  -1.3260809e-16  
-4.8487595e-17  -1.6648890e-16  5.8284909e-16  1.0000000   6.8708593e-16  1.0456737e-15  1.9950551e-17  -1.6316942e-17  -3.4699085e-16  2.2430353e-16  8.1183449e-17  
3.6490873e-17  4.4530258e-17  1.0207441e-16  6.8544450e-16  1.0000000   -1.5881888e-16  -3.4774616e-16  -3.4170651e-16  1.2010719e-15  -3.5679910e-16  -5.5749935e-16  
-7.8622502e-17  3.6540834e-17  4.0855842e-16  1.1823256e-15  -3.0939012e-16  1.0000000   -6.7013568e-16  -1.6391868e-17  -4.3363166e-16  -2.7256085e-16  2.3915679e-16  
-7.4422619e-17  1.2268717e-16  -5.2196228e-17  3.7843007e-17  -3.0322717e-16  -6.5362351e-16  1.0000000   8.2340642e-17  2.8878209e-16  2.5900373e-16  -1.1020229e-15  
-1.5980545e-17  4.1911657e-16  4.3741623e-16  -3.0698855e-16  -4.6585683e-16  6.9012128e-17  1.1997287e-16  1.0000000   -1.7460308e-16  -2.3760731e-16  -2.6759888e-16  
-1.3404887e-16  -3.5864582e-16  -1.4589331e-16  -2.6819905e-17  1.0543968e-15  -3.2567318e-16  4.0859575e-16  -1.7055802e-16  1.0000000   6.9857693e-16  3.5491019e-16  
-1.6935038e-16  -2.3594531e-17  4.1350362e-16  5.8411668e-16  -2.7480697e-16  -2.1799222e-16  7.0586214e-16  8.6724737e-16  -1.5730332e-16  1.0000000   -4.8433471e-16  
-2.5798086e-16  -3.0519076e-16  -9.1807360e-17  -4.5558938e-17  -6.2798424e-16  1.6265955e-16  -1.0482067e-15  -9.7699067e-16  7.3799270e-16  -4.3322961e-16  1.0000000   
