1.0000000   -3.1089761e-18  6.9863600e-16  2.3778142e-16  1.4852941e-16  1.9616926e-16  2.4894371e-16  -4.2678005e-16  3.3634569e-16  3.5444142e-16  -2.7535208e-16  
1.2679328e-17  1.0000000   -4.0378458e-17  3.4951652e-16  -4.9799750e-16  3.5901621e-16  6.2460918e-16  1.6773827e-16  -7.4873410e-17  -3.2378134e-16  2.2087885e-16  
1.8919495e-17  6.5908005e-18  1.0000000   3.0990660e-16  -1.4813715e-15  -5.2392977e-16  -3.6356661e-16  9.0615898e-16  -9.0192985e-16  5.3228427e-16  1.2312619e-15  
2.1797590e-16  2.3727765e-16  3.6736260e-16  1.0000000   5.8312662e-16  -4.5291294e-16  3.1796557e-16  -7.5804408e-16  1.2973313e-16  -6.8982327e-16  4.2191431e-16  
1.5371658e-16  -5.7691323e-16  -1.6391043e-15  4.5128931e-16  1.0000000   -7.6965885e-17  1.2886553e-16  -5.8861612e-16  1.3435935e-16  8.6287567e-16  -8.5101400e-18  
5.6382268e-16  2.8792601e-16  -5.4424073e-16  -6.3907694e-16  8.8593027e-17  1.0000000   -2.6936943e-16  -5.6996085e-16  -5.0001055e-16  -1.4683351e-16  3.4611694e-16  
5.2412166e-16  -9.6952030e-17  -3.5412098e-16  -8.7283966e-18  1.2530365e-15  -1.9202545e-16  1.0000000   1.9034551e-16  -5.1670100e-16  -6.9244716e-16  1.0609511e-16  
-6.1595091e-16  3.0829102e-16  8.9900919e-16  -7.9568819e-16  -8.9792197e-16  -6.2537432e-16  6.4838810e-17  1.0000000   4.9237509e-16  2.6451455e-16  -8.7123437e-16  
4.2389478e-16  6.1392349e-17  -8.8484071e-16  1.8272591e-16  -9.3548691e-17  -5.9564775e-16  -4.9118328e-16  3.9946413e-16  1.0000000   -3.8445372e-16  3.0679787e-16  
5.0078873e-17  -2.0289504e-16  4.6970834e-16  -5.9475477e-16  6.0041186e-16  -1.6946107e-16  -8.0588530e-16  3.1414350e-16  -5.1822345e-16  1.0000000   1.4814267e-16  
-2.6141739e-16  2.3502728e-16  1.2826877e-15  4.2198334e-16  1.2472984e-17  4.0132878e-16  1.8485478e-16  -7.6487414e-16  4.6050217e-16  1.8024861e-18  1.0000000   
