1.0000000   7.2586042e-17  5.7903638e-16  -2.2868459e-16  -5.0026083e-17  1.4134177e-16  -1.0023372e-16  -6.8524647e-16  3.0085395e-16  -2.2766629e-16  -2.0257845e-16  
8.8404803e-17  1.0000000   -2.5715699e-16  7.4437716e-17  -8.7464463e-17  -2.2433439e-16  4.8432482e-17  4.0818490e-17  -5.2190573e-16  1.7121847e-16  -1.0590938e-16  
3.1505056e-16  -3.1286759e-16  1.0000000   1.8649427e-16  -3.8020114e-16  -1.1207615e-16  -2.9721607e-16  -1.0377711e-16  2.8179160e-17  2.2827868e-16  1.2940888e-16  
-2.0841982e-16  -2.8584028e-16  2.0878566e-16  1.0000000   -2.6113454e-16  3.1923127e-18  2.4182061e-16  1.1294860e-16  6.7266511e-17  3.4243203e-16  -5.1833971e-16  
8.1066552e-17  -6.5713100e-17  -3.5704477e-16  -2.5947595e-16  1.0000000   7.1021766e-16  -1.1921984e-16  4.3162768e-16  -1.8838298e-16  4.8584627e-16  -2.1789590e-16  
4.0080245e-17  -2.2416676e-16  -1.4674624e-16  -3.9390105e-16  7.1489834e-16  1.0000000   6.3792590e-16  3.7291097e-16  -3.5204539e-16  -9.0934590e-17  6.9975695e-17  
-1.8129112e-16  3.9700668e-17  -2.1361917e-16  1.7917419e-16  -1.3897752e-16  6.5766029e-16  1.0000000   -2.5430017e-16  -6.8257478e-17  1.8544222e-16  -1.2015714e-16  
-7.1142493e-16  1.5556384e-17  -1.3334488e-16  3.7761370e-17  4.4737816e-16  3.2147523e-16  -2.8395301e-16  1.0000000   1.4304092e-16  1.4036192e-17  3.7455568e-16  
3.5594116e-16  -3.5212206e-16  4.1021269e-17  1.9931118e-16  -2.9312805e-17  -2.6466009e-16  -2.2577560e-17  1.0399880e-16  1.0000000   6.7479131e-16  -4.4413222e-16  
-2.0496643e-16  -3.0807628e-16  2.0150058e-16  1.0073694e-16  6.6764203e-16  -4.2238578e-16  2.1451502e-16  -5.1406991e-17  6.8817049e-16  1.0000000   -5.0281400e-16  
-2.2001558e-16  -1.1432687e-16  1.2416015e-16  -5.2538613e-16  -1.7721160e-16  6.8823280e-17  -6.4525077e-17  4.5345466e-16  -5.2016865e-16  -6.0816288e-16  1.0000000   
