1.0000000   -2.2759311e-16  3.9411451e-16  8.4317974e-18  -8.1534967e-17  -1.6151525e-16  3.1145797e-16  -1.9506345e-16  5.6499965e-17  -1.6187638e-16  -1.3530155e-16  
1.0520832e-16  1.0000000   3.9047366e-16  -5.1439713e-16  -2.0176628e-16  -3.9941349e-16  -2.1212982e-16  1.2891357e-16  1.0863238e-15  1.6181716e-16  -1.3205180e-16  
-2.6152368e-16  4.7956356e-16  1.0000000   -7.3572715e-17  -9.9875971e-17  1.0664443e-16  -1.2836867e-15  -6.1972799e-16  2.6543659e-16  -4.3006772e-16  1.2962569e-17  
3.7389414e-17  -5.3514765e-16  -1.2148375e-17  1.0000000   -1.2514606e-15  -1.5265043e-16  -1.9920877e-16  -5.9966920e-16  -1.1821074e-15  -4.6503390e-16  -7.5879562e-16  
2.7314349e-18  -2.3830431e-16  -8.0970874e-17  -1.1605640e-15  1.0000000   3.2023061e-16  4.1161272e-16  1.9984319e-15  7.0346722e-16  -9.5221122e-16  5.6428488e-16  
-1.5951109e-16  -2.9783853e-16  1.6257048e-16  -2.0432981e-16  3.5224129e-16  1.0000000   -5.0855582e-16  -2.3967343e-16  7.5495855e-16  3.0791499e-16  -4.4525641e-16  
2.5503101e-16  -2.9854357e-16  -1.2609003e-15  3.7350621e-16  5.9036530e-16  -6.3170190e-16  1.0000000   2.6486473e-16  -1.2408854e-15  2.8455408e-16  -1.8832338e-16  
-1.2636164e-16  -3.0232485e-17  -5.3294247e-16  -9.2420594e-16  1.8826680e-15  -1.5300125e-16  4.3021578e-17  1.0000000   3.7663353e-16  9.9244061e-16  -3.1786224e-16  
1.4725152e-16  1.2883692e-15  2.2012072e-16  -5.5233590e-16  7.5599399e-16  6.7493877e-16  -1.0131245e-15  3.3557461e-16  1.0000000   -1.1874731e-15  5.5640493e-16  
-5.0372353e-17  1.5312217e-16  -3.3723126e-16  -1.5232372e-16  -7.9135942e-16  2.8273395e-16  3.7420999e-16  1.0155969e-15  -1.2902991e-15  1.0000000   -6.1290923e-16  
-3.7292108e-17  -7.1114769e-18  5.2430069e-17  -8.4111515e-16  5.2783028e-16  -4.6325700e-16  -1.4481976e-16  -2.5878635e-16  5.1304023e-16  -6.0454478e-16  1.0000000   
