1.0000000   -1.1592277e-16  1.8908702e-16  -3.9692777e-16  1.6521908e-16  1.8278487e-16  -1.8181902e-16  -2.1158156e-16  4.2451809e-17  1.1319470e-16  -1.4540890e-16  
1.9719853e-17  1.0000000   1.4443444e-16  1.4896849e-15  -5.1770623e-16  1.2572869e-15  -1.7577585e-16  3.0272572e-16  2.7514941e-16  3.4989620e-16  3.0470348e-16  
-1.7757728e-16  2.7569511e-16  1.0000000   4.4410044e-16  -2.3028461e-16  7.9960408e-16  9.1645128e-16  1.0378129e-15  8.9606675e-16  -7.4680957e-16  -9.1696483e-16  
-1.6615209e-16  1.5217319e-15  5.2516696e-16  1.0000000   1.3186721e-16  -9.7612014e-16  -3.9775735e-16  -8.0597808e-16  -9.9483194e-16  6.1663468e-16  7.8750262e-16  
2.7585130e-16  -5.0542309e-16  -1.4092923e-16  1.8916456e-16  1.0000000   -2.5215180e-17  2.5058562e-16  5.7118129e-16  -7.0257890e-16  1.1988015e-15  4.1873455e-16  
-5.5131653e-17  1.3345046e-15  8.0709190e-16  -9.0626359e-16  -1.0008442e-16  1.0000000   -3.5903425e-16  2.6186133e-16  -7.6497619e-16  7.1327429e-16  7.3499675e-16  
9.6491068e-17  -2.6371026e-16  9.1631912e-16  -4.1873164e-16  3.5241824e-16  -3.7047384e-16  1.0000000   1.1316321e-15  7.4481208e-17  1.1123110e-16  6.1619953e-16  
-2.7395209e-16  3.8313782e-16  1.1431432e-15  -5.4373260e-16  6.5848163e-16  2.2417585e-16  1.1882731e-15  1.0000000   1.2296836e-15  7.9458109e-16  3.7948770e-17  
1.0479169e-16  -3.0072648e-17  5.9146891e-16  -1.0525955e-15  -6.8334474e-16  -7.3011046e-16  5.0404820e-17  1.2253029e-15  1.0000000   1.8987308e-16  5.7324733e-16  
1.7479155e-16  1.1559004e-16  -7.8628777e-16  5.3681715e-16  9.6782456e-16  7.5802468e-16  1.5916667e-16  8.0229759e-16  2.2527854e-16  1.0000000   -1.9023725e-16  
1.3082006e-16  -4.8783629e-16  -9.6569210e-16  2.9926923e-16  -7.5785605e-16  1.0111117e-15  5.1106665e-16  -1.1405510e-17  1.4904392e-16  -3.0913569e-16  1.0000000   
