1.0000000   -1.3124211e-17  -4.0823868e-18  -7.2254338e-17  -2.2017596e-16  9.9131964e-17  4.3009723e-16  -1.8827971e-16  5.7501043e-17  5.3030242e-16  3.5058675e-16  
1.4971782e-17  1.0000000   -1.0883271e-16  -1.4317595e-16  -4.7190295e-16  3.1605366e-17  2.8286026e-16  -1.7573990e-16  1.0069978e-16  -2.0109418e-16  -2.2877719e-16  
-3.5405978e-16  1.0682871e-16  1.0000000   1.2633676e-15  1.5243707e-15  -1.1135990e-15  -2.6213667e-16  3.3804035e-16  -1.8088236e-16  -2.6322364e-16  2.2926853e-16  
-3.4681553e-16  -1.7428264e-16  1.3412343e-15  1.0000000   6.6927419e-16  -5.0118636e-16  -9.6816382e-16  -3.1931170e-16  2.4754269e-16  -1.1304981e-15  -3.9705114e-16  
-6.9923888e-17  -1.4313182e-16  1.5002581e-15  6.8063823e-16  1.0000000   5.7183744e-16  4.1829230e-16  -6.9028472e-16  8.2763837e-16  1.4131919e-16  7.1661401e-16  
2.4916891e-17  -6.6929465e-17  -1.0676099e-15  -4.8642542e-16  5.0869433e-16  1.0000000   -1.0107171e-15  4.6176197e-16  -2.1864559e-16  3.7978096e-16  1.7837519e-16  
2.2769830e-16  -3.6145480e-16  -4.8219824e-16  -1.0080488e-15  1.1466403e-16  -9.8764493e-16  1.0000000   -2.7748753e-16  -6.8434576e-17  -1.1161086e-16  -2.1336463e-16  
4.9368444e-17  1.4229789e-16  3.6032677e-16  -3.8158466e-16  -4.1234731e-16  5.5378149e-16  -2.8751986e-16  1.0000000   2.5630064e-16  5.2550642e-16  4.4114789e-16  
8.3763127e-17  -3.1279102e-16  -4.2168465e-16  3.0995240e-16  4.3683681e-16  -2.3668766e-16  -1.3210815e-16  1.3245999e-16  1.0000000   -2.4063783e-16  -7.8321325e-17  
2.5878535e-16  9.9787970e-17  -1.8125789e-16  -1.1149570e-15  6.3826054e-16  1.8141929e-16  -3.1830229e-16  4.1539054e-16  -2.6964532e-16  1.0000000   -1.2761060e-16  
1.8809261e-16  -2.3826943e-16  2.1931504e-16  -3.3325495e-16  8.6533013e-16  1.2658314e-16  -2.0690686e-16  3.5425247e-16  -9.2531997e-17  -6.0107999e-17  1.0000000   
