1.0000000   1.7105146e-16  -5.2540473e-16  3.5835251e-16  4.9051098e-16  1.9624977e-16  1.3074759e-16  -6.6907928e-17  -1.1633019e-16  -1.5031314e-16  7.3222625e-17  
2.5426447e-16  1.0000000   -3.2078140e-16  -3.2978908e-16  -9.4255997e-17  -6.6600522e-16  6.9866361e-16  -1.3582009e-16  -3.5503422e-16  6.6419514e-16  3.5281694e-16  
-3.1644981e-16  -3.8346675e-16  1.0000000   -9.5905783e-16  5.9640285e-16  -1.2637490e-16  -8.1854277e-16  4.7087957e-17  -2.2037184e-16  -8.1916181e-17  -2.0564266e-17  
2.7099055e-16  -1.1400342e-16  -8.6443008e-16  1.0000000   -2.8201470e-16  9.5217863e-17  1.4425284e-17  8.3347443e-17  -6.2252894e-16  1.4223184e-15  -7.2121602e-17  
3.1769330e-16  -1.9997959e-16  5.1205932e-16  -2.9314170e-16  1.0000000   -8.6560098e-17  -4.7437836e-16  -2.1690878e-16  -4.3212456e-16  -7.8389548e-16  -1.0377490e-16  
1.7633070e-16  -8.8704377e-16  -1.0204383e-16  1.2237183e-16  -6.8047968e-17  1.0000000   -6.8948005e-16  -4.8529016e-16  6.7970598e-16  -5.8835065e-16  -1.8926680e-16  
1.0255570e-16  7.4696343e-16  -6.3660234e-16  -8.7834151e-17  -5.7458200e-16  -7.0513582e-16  1.0000000   -3.9710630e-16  -4.6853230e-18  -2.8531450e-16  2.0566029e-17  
-8.6912271e-17  -1.1938770e-16  -1.7061860e-17  6.9409800e-17  -2.8787307e-16  -4.2889400e-16  -3.9941562e-16  1.0000000   -2.5208254e-17  2.2262363e-16  6.2177175e-17  
-1.7980890e-16  -3.4706425e-16  -2.0237365e-16  -5.9133858e-16  -2.9814759e-16  6.4483419e-16  -1.0110016e-16  3.2196180e-17  1.0000000   -4.9878074e-16  -1.1702380e-16  
-2.5414536e-16  6.9673154e-16  -2.4247611e-17  1.4854713e-15  -9.5445659e-16  -5.1229868e-16  -1.7455153e-16  3.1530578e-16  -5.0967271e-16  1.0000000   2.1155323e-16  
7.4266328e-17  2.4842508e-16  -4.5874034e-17  3.2882399e-16  -4.3384975e-17  -2.4252069e-17  5.9301306e-18  -4.2341655e-18  -1.9389268e-16  2.0552174e-16  1.0000000   
