1.0000000   2.9035133e-16  2.1886718e-16  -3.8350209e-16  -4.2674752e-16  -3.6621468e-17  9.9302761e-17  3.4098218e-16  1.1715402e-17  -2.0613505e-16  -2.1308006e-16  
-1.1166384e-16  1.0000000   -8.6849677e-17  3.8964821e-16  -2.5253300e-16  4.0468991e-16  -3.0367348e-16  -1.5097786e-17  2.4261479e-16  -3.3497381e-16  -8.6938318e-16  
3.7122901e-16  -1.0022511e-16  1.0000000   4.1494260e-16  6.0711754e-16  6.1780166e-16  -1.0447053e-16  -3.5692144e-17  1.6662410e-16  -1.7836712e-16  -8.8064957e-17  
-2.3929056e-16  3.9765581e-16  4.6444577e-16  1.0000000   5.6738288e-16  4.4371161e-16  3.3096594e-16  -7.5334723e-16  1.1406464e-15  6.3157437e-16  -4.3590539e-16  
-5.9669757e-16  -2.4565898e-16  5.9822020e-16  4.5568734e-16  1.0000000   8.3807820e-17  -4.2752540e-18  -1.1404849e-16  7.4622961e-16  4.5576500e-16  2.1233041e-16  
4.0472682e-17  7.5534548e-16  8.6547528e-16  3.7738112e-16  1.7167922e-16  1.0000000   2.2148201e-16  -3.5088345e-16  3.5582875e-16  6.4679225e-16  -1.0549923e-16  
-1.9791440e-17  -1.3849703e-16  -5.4500584e-16  5.0832064e-16  -8.4930028e-17  -2.7461032e-16  1.0000000   2.6180238e-17  -3.9445278e-16  -1.2533090e-15  2.3584870e-16  
3.5666365e-16  -2.5901311e-16  2.1268184e-16  -9.5686325e-16  -2.8121436e-17  -1.2263073e-16  5.2541523e-16  1.0000000   1.7684195e-15  5.5193060e-16  1.8696219e-16  
3.6267035e-17  3.0865538e-16  -7.8515830e-16  1.4116283e-15  5.8473895e-16  -7.3183372e-16  5.6874886e-16  1.2925163e-16  1.0000000   4.5397760e-16  1.7762027e-16  
5.8227433e-18  -3.1230291e-16  -7.6181687e-16  7.7214434e-16  4.9379540e-16  2.6750709e-16  -1.0133024e-15  -1.4055527e-16  7.0433311e-16  1.0000000   4.6921094e-16  
-3.4778048e-17  -9.8262185e-16  -1.8168581e-16  -4.8215953e-16  3.6176100e-16  -2.5050103e-16  3.9259183e-16  -2.1599171e-16  4.0919230e-16  5.1679386e-16  1.0000000   
