1.0000000   4.7237806e-16  -5.2479904e-18  -2.9530253e-16  -3.0099273e-16  1.9016059e-16  6.7495984e-17  2.6685834e-16  3.3073480e-16  -3.5569972e-16  -1.9047399e-16  
4.9000853e-16  1.0000000   9.3554911e-16  -1.9559747e-16  3.1333858e-16  -2.0158909e-16  -1.1587613e-15  -3.9542852e-16  -4.5161450e-16  6.0387807e-16  2.4747703e-16  
4.4664002e-17  1.1317890e-15  1.0000000   -9.1512342e-17  -1.8434607e-16  -2.1167221e-16  -2.9597747e-16  3.6894408e-16  -4.6532063e-16  6.1964494e-16  1.5140036e-16  
-6.1832696e-17  -1.8025110e-16  -1.8533632e-16  1.0000000   8.5152922e-16  -9.0778913e-16  -1.8767307e-16  1.3549199e-16  -5.7316839e-16  3.5255470e-16  -1.3602327e-15  
-2.1941455e-16  5.4665832e-16  -9.6548699e-17  8.4437576e-16  1.0000000   -2.1908025e-16  -7.3966126e-16  5.4993925e-16  2.6868438e-16  6.8295023e-16  -1.2486271e-16  
3.2274021e-16  -2.4160343e-16  -1.5665789e-16  -1.0483820e-15  -5.7312239e-16  1.0000000   2.6521602e-16  2.5946862e-16  -1.3319329e-16  1.3617863e-17  6.6868677e-16  
7.0249424e-17  -1.1343187e-15  -3.4178325e-16  -4.2738995e-16  -6.6452913e-16  2.9604795e-16  1.0000000   -4.6830400e-18  3.1464271e-16  2.4221944e-16  -5.7730632e-16  
-1.1773247e-16  -3.9770879e-16  3.1455564e-16  2.5661048e-16  5.4874985e-16  2.1881069e-16  6.0428399e-17  1.0000000   2.5450803e-16  2.3958004e-16  4.8560357e-16  
3.2976871e-16  -5.1126489e-16  -4.2604048e-16  -3.0732354e-16  1.7190385e-16  -2.0037716e-16  4.2392333e-16  3.4902979e-16  1.0000000   -6.8694359e-16  -4.6599094e-16  
-4.3415732e-16  6.8751431e-16  5.5271807e-16  2.8368788e-16  7.7046899e-16  1.6914527e-16  2.6783947e-16  2.4440610e-16  -7.7434070e-16  1.0000000   2.2452551e-16  
-2.1216283e-16  -6.2994158e-17  -9.8437934e-17  -1.2046169e-15  -7.9816260e-16  -2.9594188e-16  -3.0181901e-16  4.6183540e-16  -3.4203529e-16  1.8774569e-16  1.0000000   
