1.0000000   -1.3158641e-17  4.3600065e-17  -1.3212133e-16  -9.9379809e-18  -1.3203494e-16  -5.1090276e-17  -2.0908308e-16  2.3130244e-16  -1.2551022e-16  2.3703110e-16  
2.4996335e-17  1.0000000   7.6731226e-17  -1.5537454e-16  -1.2881412e-16  6.4867989e-17  1.7914085e-16  1.1751127e-16  1.9651695e-16  8.1411907e-17  -1.6714574e-16  
4.5309756e-18  2.5469336e-17  1.0000000   -2.9451972e-16  1.1526203e-15  -9.7160360e-17  1.3309801e-16  2.5095535e-18  2.0053328e-17  -1.4997338e-16  -5.9339359e-16  
1.3944852e-16  -1.6286327e-16  -2.9760629e-16  1.0000000   4.9601077e-17  -4.5390096e-16  3.2586161e-16  2.3484974e-16  3.9391382e-16  7.8411261e-16  3.3995667e-17  
-1.3144998e-16  -1.9348247e-17  1.4615318e-15  1.4680939e-16  1.0000000   6.6225557e-16  2.9180152e-16  1.1012500e-16  3.5591464e-16  -2.0742140e-16  -4.8289081e-16  
-9.6914687e-17  -2.1983523e-16  3.1072288e-16  -5.4174628e-16  -2.6006752e-16  1.0000000   9.5799866e-17  -5.0784816e-16  -7.1585444e-16  -5.7139530e-16  4.1172578e-17  
9.3985073e-17  1.2001877e-16  2.2415360e-16  3.6805853e-16  1.3896868e-16  -9.2236023e-18  1.0000000   -4.9450579e-16  -3.6053552e-16  -4.0298644e-16  -2.3981282e-16  
-1.3203082e-16  1.0875591e-16  2.3159447e-17  2.3421349e-16  1.0311965e-16  -4.7613128e-16  -4.0547552e-16  1.0000000   -1.3037739e-16  1.5805728e-16  3.2674508e-16  
7.9510322e-17  1.0027192e-16  7.5615136e-17  3.6703717e-16  2.3833529e-16  7.4811575e-16  1.8777503e-17  -1.6363235e-16  1.0000000   1.0593370e-15  8.7989783e-18  
-1.5887663e-16  -2.9592266e-17  -7.1442795e-17  8.1468252e-16  -3.6505365e-16  -7.9647974e-17  -2.5862864e-16  2.0385843e-16  8.1580380e-16  1.0000000   -6.3819443e-16  
1.7254763e-16  -1.6288517e-16  -5.8110515e-16  -3.5330380e-17  -4.2696261e-16  -9.1643459e-17  -2.8464839e-16  2.5316078e-16  2.6617163e-17  -6.0495453e-16  1.0000000   
