1.0000000   9.2352745e-17  1.5400399e-16  -2.0774978e-16  1.3516734e-16  3.1762801e-16  -2.0714523e-16  4.5168079e-16  -2.4139418e-16  -3.6405840e-16  -3.3213518e-18  
4.3354263e-17  1.0000000   -3.4066920e-16  9.2252271e-16  -1.2463629e-16  1.9104188e-16  5.5526980e-17  -3.1478765e-16  3.1659453e-16  -1.4719006e-16  5.9865545e-17  
7.1135063e-16  -3.1830863e-16  1.0000000   -4.3996564e-17  -2.8258573e-16  2.5490530e-17  -1.0858000e-15  5.4310125e-16  -2.8213444e-16  -3.7691226e-16  6.4174910e-17  
-8.7924287e-17  8.0787891e-16  1.5664150e-17  1.0000000   -6.5481184e-18  4.0177627e-16  -9.7550877e-18  7.9894950e-16  1.2267413e-16  1.1333128e-15  -9.9508785e-17  
2.8838909e-16  -6.5256700e-16  -1.4762032e-16  -4.6706124e-16  1.0000000   5.2058115e-16  -2.1677820e-16  2.8047989e-16  -7.0700687e-16  -2.8417169e-16  2.6255273e-18  
3.5376120e-16  -2.3175837e-16  2.2104429e-16  7.5320636e-17  5.4795658e-16  1.0000000   -4.3420264e-16  2.8026920e-16  -1.0868112e-15  1.4113695e-16  -3.0984566e-17  
-1.2439123e-16  6.8803004e-17  -1.1717054e-15  -1.3617644e-16  -2.4264827e-16  -4.3838550e-16  1.0000000   -6.3570567e-16  5.8365980e-16  2.2775946e-16  1.0261467e-16  
4.8252738e-16  -2.7646843e-16  5.0416898e-16  7.7609802e-16  3.3468396e-16  2.5346423e-16  -5.5210609e-16  1.0000000   -4.7519941e-16  4.8841428e-17  -4.5036792e-17  
2.1908132e-17  3.3806067e-16  -1.8607119e-16  1.6292459e-16  -8.0199700e-16  -1.2135953e-15  5.8408399e-16  -5.2874778e-16  1.0000000   2.0521505e-16  -9.5364429e-18  
-2.3356772e-16  -3.4008289e-16  -3.9481492e-16  8.5483868e-16  6.7051594e-16  9.2808950e-16  2.2922860e-16  -1.1461490e-16  2.0451120e-16  1.0000000   -4.0907451e-17  
-5.8750797e-17  6.0852084e-17  8.7334181e-17  -9.1783787e-17  -7.4143093e-20  -2.5806617e-17  9.6044974e-17  -5.3435054e-17  2.5171635e-17  -3.6245002e-17  1.0000000   
