1.0000000   1.2151510e-16  6.4096411e-16  3.0696532e-18  2.6926082e-17  2.1418273e-16  2.1807062e-16  -8.2444471e-17  -2.9995635e-16  6.1131569e-16  1.4994315e-16  
1.2378812e-16  1.0000000   -3.4320629e-17  9.0382084e-16  3.1594171e-16  3.7391258e-16  -3.5121758e-16  2.3402064e-16  -7.3543432e-17  1.9749892e-16  -6.6900918e-16  
3.4457981e-16  -1.1627651e-16  1.0000000   -7.4412422e-17  5.7681865e-16  -9.5720461e-16  -6.8500092e-16  3.3444752e-17  4.2340535e-16  -1.3965645e-16  2.3469483e-16  
3.9013013e-17  7.3182907e-16  -4.4166927e-17  1.0000000   -1.6132193e-16  -5.4308472e-16  -1.1661379e-16  -5.3081570e-17  4.4049367e-16  -2.8549623e-16  -5.0304479e-16  
-6.1467117e-17  4.5027611e-16  5.8977544e-16  -2.5979777e-16  1.0000000   -3.0352741e-16  -8.4344857e-16  -3.0583663e-17  -1.9906512e-15  -3.3817632e-17  -1.6295643e-16  
5.7848594e-17  3.4786674e-16  -8.4700638e-16  -1.5052398e-16  -3.2972800e-16  1.0000000   2.4029459e-16  4.5988723e-17  2.9694182e-16  -1.8141583e-15  -8.8420951e-16  
2.3065647e-16  -4.0018597e-16  -5.8665742e-16  -9.1609707e-17  -9.0350958e-16  1.3659562e-16  1.0000000   6.2962260e-17  -2.7168420e-16  -1.2824387e-15  1.9105421e-16  
9.2258621e-17  2.0347283e-16  3.4593182e-17  -3.1080082e-17  1.2855266e-16  6.8149547e-17  4.3674300e-17  1.0000000   -8.0667643e-17  9.3660248e-17  9.6575536e-17  
-3.9719847e-16  4.4602266e-17  4.8703526e-16  5.4139086e-16  -1.9958127e-15  3.0146308e-16  -4.7979211e-16  -6.0901221e-17  1.0000000   1.1582629e-15  -8.9827166e-16  
7.7497213e-16  3.7415847e-16  -1.8870882e-16  -2.5560486e-16  4.1952146e-17  -1.7098515e-15  -1.2853656e-15  1.1641987e-16  1.1264080e-15  1.0000000   8.9950791e-16  
7.0478329e-17  -1.7443539e-16  1.1542751e-16  -5.6516916e-16  -2.0554017e-16  -5.2036672e-16  1.7892046e-16  8.3910228e-17  -8.6978213e-16  8.4383286e-16  1.0000000   
