1.0000000   1.9824476e-16  3.9520137e-16  2.8734684e-16  -8.8154657e-16  4.1342286e-17  2.6004395e-16  -1.2902516e-16  -4.0045615e-16  5.6752072e-16  6.3614861e-17  
1.5689574e-16  1.0000000   3.6820584e-16  -7.6751919e-17  -2.1717834e-16  -3.8642397e-16  -2.4111519e-16  -1.0013862e-15  4.5107310e-17  -5.3610509e-17  5.3624470e-16  
6.7458431e-16  2.6096074e-16  1.0000000   -8.1844035e-17  7.7516612e-16  5.6297844e-16  -1.1335659e-15  8.0515846e-17  1.0412960e-16  5.7615742e-17  6.1726415e-16  
1.2967336e-16  1.1140439e-16  -1.3363389e-16  1.0000000   -3.2763953e-16  -3.6058550e-16  -6.2725858e-16  -4.1449259e-16  1.9296477e-16  5.8878456e-16  -2.3152375e-16  
-5.5735734e-16  -1.7879474e-16  8.1423142e-16  -1.8605993e-16  1.0000000   -1.6562113e-16  6.4521590e-16  2.8125805e-16  -4.7654954e-16  2.8697918e-16  -5.3907525e-16  
3.0697565e-17  -3.4807027e-16  3.1323995e-16  7.6424871e-18  7.4974783e-17  1.0000000   -1.1561074e-15  3.4599689e-16  9.2085256e-16  -9.5313352e-17  5.0377623e-16  
8.0615509e-16  -2.1718545e-17  -4.9971896e-16  -1.2922599e-15  5.3906112e-16  -9.3642966e-16  1.0000000   4.3345964e-16  3.9762998e-16  7.7130298e-16  -8.7002764e-17  
-2.0295245e-16  -1.0415367e-15  4.7382992e-16  -8.2779386e-16  2.1959039e-16  5.9496605e-16  9.0813213e-16  1.0000000   -2.2052301e-16  7.5080024e-17  7.2622106e-16  
-3.6857362e-16  4.3775245e-17  6.2028629e-17  4.2003482e-16  -3.6470434e-16  8.2782269e-16  3.7213216e-16  -1.5875297e-16  1.0000000   4.8753198e-16  -2.6264628e-16  
1.0481705e-15  -6.4173656e-17  8.6057830e-17  5.9204521e-16  1.6395638e-16  -1.1397683e-16  6.9949295e-16  7.2709522e-17  3.4250416e-16  1.0000000   3.4945647e-16  
1.3666078e-16  4.0062795e-16  5.5943642e-16  -3.0394507e-16  -5.1358069e-16  4.6274088e-16  -1.8153625e-16  7.0010407e-16  -4.4595099e-16  2.8748002e-16  1.0000000   
