1.0000000   1.0035866e-16  5.4941285e-17  -3.3559165e-16  -1.0524995e-16  3.6227040e-16  1.2661737e-17  2.1521269e-16  -5.3753454e-17  -2.8149657e-16  7.6299312e-17  
5.1224977e-17  1.0000000   -3.4145292e-16  2.3204022e-16  -3.7286100e-17  2.4491282e-17  6.9043107e-17  1.6853516e-17  3.6232858e-16  2.1375216e-16  -9.1067489e-17  
-4.5488246e-16  -3.4538725e-16  1.0000000   -6.2945188e-16  -4.7419972e-17  5.2075531e-17  9.2892644e-16  1.0390082e-15  1.0843971e-15  -9.7499994e-16  -8.7884168e-16  
-2.8664431e-16  3.6433037e-16  -7.8747161e-16  1.0000000   -9.5667632e-17  -5.7582123e-16  4.8159588e-16  2.8461712e-16  -5.9332485e-16  -1.3464462e-16  9.6663253e-17  
1.5135785e-16  -6.1960703e-17  2.0123575e-18  -9.5920092e-17  1.0000000   3.2276168e-16  -3.8912297e-16  -1.8701189e-16  7.0302513e-17  9.6155174e-17  -5.5860938e-17  
4.5007660e-16  -4.6266203e-17  1.6762598e-16  -3.8736928e-16  3.9244807e-16  1.0000000   3.2643653e-16  -1.0998997e-16  4.5807592e-17  -2.4316244e-18  2.0905230e-16  
-1.3503288e-16  -2.6347159e-18  8.3918487e-16  6.8146459e-16  -4.1463310e-16  3.7447867e-16  1.0000000   -1.6900699e-16  -1.5535494e-16  9.6653586e-16  5.8734503e-16  
2.6282531e-16  1.9685777e-16  9.9836465e-16  -4.1108693e-16  -1.8766342e-16  -4.8550429e-17  -1.1659218e-16  1.0000000   3.1586525e-16  4.9356110e-16  -7.7429399e-16  
-2.0774024e-16  4.1447092e-16  1.1284566e-15  -6.0671526e-16  1.0716349e-16  -3.8196300e-17  -1.7087839e-17  3.4966623e-16  1.0000000   7.6494345e-16  -1.2306881e-16  
-3.1599149e-16  2.5939108e-16  -7.7418237e-16  -7.1113035e-16  9.6553181e-17  9.5647705e-17  1.0445318e-15  1.7450484e-16  6.9608956e-16  1.0000000   -8.4998592e-17  
1.2045079e-16  -8.2733661e-17  -9.3526168e-16  3.6090933e-17  -5.4394284e-17  2.2058954e-16  6.9295681e-16  -8.5219985e-16  -8.7279545e-17  2.7659729e-17  1.0000000   
