1.0000000   -3.1126019e-17  4.9015032e-16  1.8219693e-16  -3.3661100e-16  3.8228936e-16  -9.2212160e-17  2.5492407e-16  1.0685533e-16  2.5324750e-16  7.8188324e-17  
-7.0551906e-18  1.0000000   3.0705871e-16  -5.2046230e-17  2.9030567e-16  7.7227917e-18  -2.3789223e-16  -3.9023157e-16  -9.3489326e-17  4.3289699e-16  -1.0113083e-16  
-1.4066044e-16  2.3638206e-16  1.0000000   -4.3513940e-16  7.8326327e-16  -8.6089041e-16  3.1872393e-16  3.0815166e-16  -7.6471789e-16  8.0831369e-16  2.9484920e-16  
1.2726342e-16  7.4655243e-17  -4.7049707e-16  1.0000000   -1.1162333e-15  6.1786563e-16  5.7169512e-16  1.1367676e-15  -5.5169425e-17  -7.9907317e-17  -6.1795353e-16  
-1.0913365e-16  2.1679225e-16  8.4257925e-16  -1.1282487e-15  1.0000000   -9.3005467e-17  1.2448510e-16  2.9783893e-16  4.4369441e-16  9.6389050e-16  7.9033770e-16  
3.4826087e-16  -2.5986268e-17  -9.2485339e-16  6.6097979e-16  -7.7490719e-17  1.0000000   1.1569562e-15  -1.5266581e-15  2.1081476e-15  9.2841568e-16  5.7017956e-16  
-1.2857969e-16  -2.1874454e-16  3.4876827e-16  4.9610022e-16  8.5360071e-17  1.1646139e-15  1.0000000   -8.9489660e-17  -1.5328617e-15  -3.1265460e-17  2.5102532e-16  
3.6710390e-16  -2.7381682e-16  2.0995898e-16  1.3239953e-15  9.2788451e-17  -1.5991102e-15  -2.0003830e-16  1.0000000   2.9702397e-16  6.3958944e-16  -1.7455764e-16  
-2.4310140e-16  -1.0839121e-16  -7.5792456e-16  7.3211580e-17  5.9992400e-16  2.2370208e-15  -1.6129989e-15  2.4823343e-16  1.0000000   2.2479349e-16  -8.2522286e-16  
1.3398954e-16  7.2148448e-16  6.2542184e-16  5.0486185e-16  5.8501262e-16  9.6665719e-16  9.4922143e-17  8.6931375e-16  4.7000390e-16  1.0000000   -1.2285112e-16  
1.9915922e-17  -1.4348956e-16  3.6741155e-16  -5.9208818e-16  8.0068522e-16  5.6545539e-16  2.1299225e-16  -1.8553350e-16  -6.9017458e-16  -1.1970880e-16  1.0000000   
