1.0000000   6.9142045e-16  -2.6311640e-16  3.3025767e-16  -1.0332673e-16  -6.6163092e-16  -3.7935147e-17  1.4123975e-16  1.0532180e-16  -2.3532331e-16  -2.7245744e-16  
1.0615933e-15  1.0000000   -1.0395785e-15  3.4034372e-16  3.6274315e-16  -9.9820384e-17  -6.3784063e-16  6.7206575e-16  7.7858269e-16  -1.0327490e-17  -8.0472054e-17  
2.3631377e-16  -7.7693883e-16  1.0000000   -9.1637656e-17  9.5684628e-16  5.5617670e-16  -7.7113488e-16  -1.0858364e-15  -6.6448731e-16  4.5898773e-16  1.8800320e-16  
2.6561228e-16  2.3647519e-16  1.2063677e-16  1.0000000   1.1257399e-16  1.2927301e-15  6.1540567e-16  -5.7785795e-16  -7.6211079e-16  -7.9047963e-16  -9.7603607e-16  
4.9604426e-17  5.4967632e-16  8.8759566e-16  7.2607664e-18  1.0000000   -8.9872820e-17  -7.8074292e-16  -1.5474255e-16  -8.1581105e-17  2.2583090e-18  3.0405942e-16  
-9.2702643e-16  -1.5756816e-16  5.9976109e-16  1.1607487e-15  -1.3290031e-16  1.0000000   -5.0536725e-16  -3.1196967e-16  -2.7494087e-17  -2.7240772e-16  4.1803744e-16  
-4.5487711e-16  -9.2533018e-16  -6.6757006e-16  4.9935173e-16  -6.5408361e-16  -7.9841226e-16  1.0000000   2.3003686e-16  -1.3194199e-15  -2.6558071e-16  -8.2370037e-17  
1.5876008e-16  5.3622345e-16  -1.0380651e-15  -3.1404259e-16  -3.4218647e-16  -1.3494457e-16  3.4705912e-16  1.0000000   6.7823090e-16  -6.8035503e-16  -7.2158737e-17  
1.2962623e-16  8.0585269e-16  -6.8184679e-16  -8.1830249e-16  -9.2347185e-17  -5.4532219e-17  -1.2833047e-15  8.9816696e-16  1.0000000   1.3062337e-15  -6.5358756e-17  
-2.1286398e-16  -5.0809224e-17  2.5426742e-16  -7.1599749e-16  -1.8700739e-16  -1.1666510e-16  -9.3468154e-17  -5.8148367e-16  1.2110985e-15  1.0000000   -6.6087713e-16  
3.4538099e-18  -2.8843330e-16  2.1313890e-17  -6.2976730e-16  -2.7694589e-16  9.2991851e-16  7.7460528e-17  3.9046101e-17  -3.7427845e-17  -4.6778242e-16  1.0000000   
