1.0000000   -1.8783633e-16  4.1368696e-16  -8.1446200e-17  9.2520393e-17  -4.7731792e-17  6.9220240e-17  -4.1186601e-17  -1.3090143e-16  -1.3406861e-16  -8.8126876e-17  
-9.9679499e-17  1.0000000   -1.4883376e-15  2.9137153e-16  3.3650701e-17  -3.9505263e-16  -1.1728280e-16  3.0534825e-16  -5.2896175e-16  -3.1679131e-16  2.6917966e-16  
3.7695336e-17  -1.4495752e-15  1.0000000   -3.5204809e-16  1.3195295e-16  -5.3145902e-16  2.6682709e-16  -1.4022641e-16  -2.3393532e-16  -1.6502935e-16  -2.2237434e-16  
1.0131555e-16  -2.0060132e-16  -2.1088971e-16  1.0000000   3.3647492e-16  2.6678489e-17  1.6829409e-16  -5.4641183e-16  2.1678962e-16  -8.0225049e-16  -5.8727395e-16  
-1.6081070e-16  2.2903765e-16  3.7698050e-17  2.9826648e-16  1.0000000   9.7332642e-16  7.0785199e-16  5.3422911e-17  1.6948780e-16  3.9797685e-16  -1.1692697e-16  
5.9451959e-17  -5.3230239e-16  -4.5238904e-16  -8.4970773e-18  9.5559742e-16  1.0000000   3.7334340e-16  -6.5488374e-17  -2.6968293e-16  -1.0738107e-16  6.3809262e-16  
1.0052829e-16  -1.5346224e-16  3.7997153e-16  1.0667051e-16  7.5420822e-16  4.3465882e-16  1.0000000   -1.5325599e-16  -3.7421988e-17  1.4396364e-16  1.3861347e-16  
-8.8163023e-17  -1.6900709e-16  1.2260355e-16  -5.7819091e-16  3.3808030e-17  -8.1315214e-17  -2.2893706e-16  1.0000000   -3.2868727e-16  6.8700943e-17  3.3415619e-16  
1.5683662e-16  -5.2172594e-16  -2.7445598e-16  1.7263851e-16  1.8236458e-16  -1.8307957e-16  1.1654022e-17  -3.4198331e-16  1.0000000   -6.4459657e-16  4.3899007e-16  
-1.2243214e-16  -3.8884489e-16  -2.6107231e-16  -7.6971556e-16  5.8097827e-16  -1.3865864e-16  2.1948771e-16  1.5146694e-16  -5.9959546e-16  1.0000000   -1.2321788e-17  
1.8927236e-17  4.0278492e-16  -3.4388373e-17  -3.6071618e-16  -2.6535679e-16  6.0684180e-16  1.0592766e-16  2.0344376e-16  4.4497351e-16  -2.5345767e-17  1.0000000   
