1.0000000   -1.0353362e-16  -4.8218423e-16  -1.0450852e-16  -3.6574223e-16  -3.6852367e-16  1.4365014e-16  8.0051155e-16  -3.8464983e-17  3.1345081e-16  -9.7118998e-17  
-2.9710205e-16  1.0000000   -3.9713119e-16  3.1201798e-16  -1.1207031e-16  -8.7742927e-16  -4.3077884e-16  -6.6993165e-16  -1.7680388e-16  -5.9642171e-16  -8.8153482e-17  
1.8451431e-16  -5.3086100e-16  1.0000000   -4.2142134e-16  -3.2260581e-16  -5.5214317e-17  -5.3418462e-16  7.5285825e-16  2.4433494e-16  6.6254293e-16  7.8766441e-17  
-3.4989975e-16  4.5060779e-16  -4.8361920e-16  1.0000000   -1.0852956e-16  -3.1594469e-16  4.5443345e-16  -1.5300524e-16  4.5447272e-16  -3.5732807e-16  9.6541215e-17  
-1.8192444e-16  -1.6944516e-16  -2.2169130e-16  -8.6336302e-17  1.0000000   -5.1908479e-16  -1.2714479e-16  -8.1188717e-16  -2.1074164e-16  -1.4932273e-16  -2.1713287e-16  
-3.3858571e-16  -5.7450036e-16  -4.1078105e-16  -2.6494363e-16  -5.2081894e-16  1.0000000   4.0379534e-16  1.7349440e-15  -1.0478667e-16  2.7233656e-16  -7.3726383e-17  
4.1977570e-17  1.6114849e-17  -4.1337239e-16  3.4939556e-16  1.4108036e-16  -7.4880170e-16  1.0000000   -1.2042920e-16  1.0573865e-15  1.1979216e-15  -6.7375499e-16  
3.7251226e-16  6.1003471e-17  5.9049759e-16  -9.3335639e-17  -7.0764974e-16  1.5387077e-15  1.0118403e-15  1.0000000   8.8984113e-16  -7.9247658e-17  -5.7540642e-16  
-3.6532605e-17  2.9458347e-17  1.3664082e-16  4.5016109e-16  -6.0043173e-17  -1.4352798e-16  1.4356929e-15  8.5706633e-16  1.0000000   1.0312770e-16  -5.1790559e-16  
3.4463791e-16  -5.8935157e-16  5.5784437e-16  -4.4418474e-16  -1.7846067e-16  3.0664370e-16  1.2173064e-15  1.3782129e-17  -5.9891807e-17  1.0000000   5.6429123e-17  
-4.7079018e-17  -8.2015950e-17  2.5489127e-17  3.4855406e-17  -3.1270699e-16  -6.4070419e-17  -6.1812166e-16  -7.1968324e-16  -3.9425233e-16  1.2271496e-16  1.0000000   
