1.0000000   -6.0380575e-17  -7.7939211e-17  2.9229414e-16  2.9373786e-16  2.9551081e-16  -5.1854965e-17  3.2522371e-16  2.3106156e-16  -1.0565482e-16  -4.1521103e-16  
1.0714502e-16  1.0000000   -4.4557102e-17  -1.1281388e-16  -7.3209976e-17  2.4409582e-16  -3.4754500e-16  8.0077066e-17  7.3168827e-17  1.6356387e-16  1.2129925e-17  
6.4386021e-16  -1.0501244e-17  1.0000000   4.2969104e-16  1.4319511e-17  2.4848777e-16  6.9432692e-17  4.9460650e-16  1.0108735e-15  2.6115288e-16  5.6674869e-16  
3.1308601e-16  -7.1145232e-17  4.5427416e-16  1.0000000   -4.5749964e-16  4.7013787e-16  2.0688049e-16  2.2195130e-16  8.7243949e-16  2.4521323e-16  -6.3562623e-17  
1.8346668e-16  -4.4503774e-17  2.4129545e-17  -4.9505509e-16  1.0000000   4.2715365e-16  -4.9740571e-16  2.4944718e-16  5.5120597e-16  9.8665438e-16  -1.1671243e-15  
2.8454435e-16  2.9722454e-16  2.4894898e-16  4.7831650e-16  4.1660557e-16  1.0000000   -5.8477948e-16  -4.6919736e-17  8.5406447e-16  6.2416567e-17  8.6227954e-17  
-3.3838982e-17  -3.4351882e-17  1.4224305e-17  2.7871543e-16  -2.7833086e-17  -5.4958129e-16  1.0000000   3.4647900e-16  -2.3595469e-16  -9.5053901e-16  -3.0808113e-16  
3.2736129e-16  2.0730854e-16  5.4584471e-16  2.6192310e-16  1.7067999e-16  -1.5329629e-17  4.5180891e-16  1.0000000   -8.7123202e-17  6.2722437e-16  -1.3524744e-16  
1.7601670e-16  1.4091692e-16  1.0499492e-15  8.5737681e-16  4.3292517e-16  8.7621119e-16  -4.1009577e-17  -4.5992671e-17  1.0000000   -9.9255308e-17  5.6194537e-16  
1.0675268e-16  1.0630325e-16  5.4007160e-16  3.2757190e-16  7.9725358e-16  1.7510303e-16  -7.1290609e-16  7.9315449e-16  -6.0873922e-17  1.0000000   -2.8812165e-16  
-3.7314719e-16  -2.0702345e-19  6.3626934e-16  -2.8960056e-17  -1.2343150e-15  2.8223477e-16  -1.8733658e-16  -1.2042522e-16  5.8578596e-16  -3.7511151e-16  1.0000000   
