1.0000000   1.4885485e-17  5.9223517e-16  -4.8535043e-16  8.5227276e-17  4.6155091e-17  4.7942196e-17  -9.7609920e-17  -1.2591341e-16  -6.1962333e-17  -6.2434818e-17  
6.8047382e-18  1.0000000   -3.4774601e-16  7.6583466e-17  -2.6479874e-16  -3.4890294e-16  -4.9628255e-16  2.1032477e-16  -4.5136626e-16  6.1213987e-16  8.8973201e-17  
-6.3682954e-17  -2.9507215e-16  1.0000000   2.3336574e-16  -2.5348586e-17  -1.8873345e-16  -3.5501552e-16  -2.0020215e-16  5.7856522e-16  -1.6455381e-16  -6.3394148e-16  
-8.3349868e-16  -2.0910005e-16  -1.2981440e-16  1.0000000   -1.4544597e-16  -1.1469985e-16  2.3070981e-16  2.0648176e-16  -4.0065134e-16  4.0662176e-16  -1.6371029e-16  
2.0386365e-16  -2.7391062e-16  1.2540969e-16  -3.8569930e-16  1.0000000   -4.4528537e-16  -8.0806859e-16  -1.4722561e-16  6.5148605e-16  -6.1419497e-17  5.9166098e-16  
2.1151997e-16  -3.6418981e-16  -3.6179122e-16  8.5435982e-16  -7.8316763e-16  1.0000000   1.8228951e-16  -1.7032401e-16  -3.5063453e-16  2.3702801e-17  -4.5907830e-16  
-1.6895700e-16  -5.3651427e-16  -2.4192028e-16  3.3729593e-18  -8.0560738e-16  7.8658413e-17  1.0000000   -5.5878532e-17  -4.5978839e-16  3.4799301e-16  1.3637755e-16  
-3.3489208e-17  2.0690645e-16  -7.9941520e-17  1.5009142e-16  -2.0921339e-16  -3.0004481e-16  -6.5502175e-18  1.0000000   7.4436233e-17  3.6374727e-16  -1.8046397e-16  
-1.9151989e-16  -5.9782514e-16  5.0555251e-16  -5.6887029e-16  7.5839990e-16  -5.3456183e-16  -6.3257941e-16  7.3308538e-17  1.0000000   -5.7281197e-16  -5.2298016e-16  
-1.7467905e-16  7.8539779e-16  -2.3838075e-17  5.6284667e-16  -2.1785613e-16  3.2316267e-16  2.3742474e-16  4.7723581e-16  -6.5755941e-16  1.0000000   -2.4362785e-16  
-2.8032148e-16  1.2558899e-16  -6.0048707e-16  -7.1825006e-17  6.2575152e-16  -4.2893579e-16  3.1228199e-17  -2.4133176e-16  -3.8113264e-16  -2.8002147e-16  1.0000000   
