1.0000000   -2.6618864e-17  4.4188704e-17  -4.2348484e-16  -2.6167905e-16  -1.6448850e-16  -1.8140761e-16  5.0701374e-16  4.4256214e-17  -2.4630941e-16  4.0189408e-16  
-1.0824024e-16  1.0000000   -2.4755198e-16  -1.2177415e-15  -2.8437150e-16  -3.5186400e-16  4.4547643e-16  1.7729044e-16  -3.8133384e-17  -7.9581708e-18  -2.1380964e-17  
-4.9574619e-17  -3.5523909e-16  1.0000000   -3.0344224e-16  3.4919799e-16  -4.7575980e-16  -1.0156401e-15  -2.6702362e-16  5.1777160e-17  -9.3566724e-16  -5.6509909e-16  
-1.9308825e-16  -1.1558052e-15  -3.3181680e-16  1.0000000   -1.7293992e-17  -2.1116055e-16  -1.1642068e-16  -2.9568445e-16  -1.5811007e-16  -1.1340680e-15  -4.3641255e-18  
-3.4204013e-16  -3.9145366e-16  1.8324801e-16  -4.9929540e-18  1.0000000   -5.9228060e-16  6.0854966e-16  -1.4518549e-16  2.3561507e-16  -4.3932926e-17  5.4320901e-16  
-3.3444813e-16  -2.7875755e-16  -4.2484976e-16  -2.0552742e-16  -5.3644271e-16  1.0000000   1.3869733e-15  5.7537354e-16  -4.5786883e-16  1.0016243e-15  5.2988094e-16  
-2.4819457e-16  4.0455688e-16  -1.1102337e-15  -3.7187365e-17  6.6311607e-16  1.3283051e-15  1.0000000   -7.4656785e-17  1.6353649e-16  4.2066388e-16  -3.6873716e-16  
3.3511881e-16  1.5283344e-16  -2.3232180e-16  -9.1804290e-17  -1.3360632e-16  7.1052354e-16  -5.2811435e-17  1.0000000   -4.8030131e-16  2.2596595e-16  4.6359872e-16  
1.8253952e-16  -6.7834190e-17  4.0207483e-17  -1.6331054e-16  2.2004188e-16  -4.8203972e-16  6.6478428e-17  -4.0615036e-16  1.0000000   -4.8903407e-16  8.7056162e-16  
-1.9365943e-16  -4.5008757e-17  -9.1925646e-16  -1.0789797e-15  3.0304549e-17  1.1134535e-15  4.7338983e-16  2.8841769e-16  -4.3332505e-16  1.0000000   5.2030269e-17  
9.6446004e-17  -2.9736468e-17  -5.1505702e-16  1.3384460e-16  4.8281047e-16  4.7219122e-16  -3.5566913e-16  4.4080615e-16  7.9985893e-16  -1.0566609e-16  1.0000000   
