1.0000000   -1.0849150e-16  -3.1638962e-17  -1.7375506e-16  3.2947110e-17  1.2121479e-16  -1.0606173e-16  -5.7989725e-17  2.7013202e-17  -3.2858530e-17  -2.9784431e-17  
-8.8798655e-17  1.0000000   1.8053944e-16  9.4905566e-17  9.7725954e-16  3.2916311e-16  -3.5948304e-16  -6.9497510e-16  -2.2369925e-16  -1.0146040e-16  -7.2834199e-17  
-1.3976035e-16  4.8805410e-17  1.0000000   2.6157303e-16  7.1047428e-16  -1.0669689e-15  -2.2102110e-16  -5.1774976e-16  -1.4608198e-15  -1.3197380e-16  1.0888765e-15  
2.0317616e-16  1.7723905e-16  1.8792231e-16  1.0000000   2.6923687e-16  1.0985579e-15  -4.8402849e-16  -1.3497675e-15  4.8198547e-17  2.3371750e-16  -5.8452981e-16  
2.3147107e-17  1.1156039e-15  5.9710500e-16  4.3160463e-16  1.0000000   3.7835980e-16  1.0918819e-15  -1.7346128e-16  -9.6675332e-16  -2.0270827e-16  5.5307694e-16  
-4.6679998e-17  -1.8279470e-16  -7.4209349e-16  1.1106000e-15  4.4718133e-16  1.0000000   -4.4620131e-17  4.0531657e-16  -2.9313294e-16  3.6395347e-16  2.7025306e-16  
3.6026517e-17  -4.9089941e-16  2.1135989e-16  -5.5208268e-16  8.8853785e-16  9.7987810e-16  1.0000000   3.9697090e-16  1.5481109e-15  -1.0893232e-16  -7.9040837e-16  
-2.7545208e-17  -6.3452741e-16  -5.7953627e-16  -1.3453952e-15  -4.9341032e-17  3.5644826e-16  2.4149315e-16  1.0000000   -5.0998950e-17  -6.1369829e-16  -4.2418055e-16  
6.1679604e-17  -2.2438297e-16  -1.5651685e-15  5.2473252e-17  -9.7966795e-16  -4.0488769e-16  1.1597540e-15  -1.6419725e-16  1.0000000   -8.9237633e-16  -1.1992021e-15  
-4.3140140e-17  -5.5844833e-17  -2.0819101e-16  2.1417828e-16  -1.6736196e-16  4.1077853e-16  -3.0458250e-16  -5.2854086e-16  -9.2395200e-16  1.0000000   3.0581321e-16  
-8.3764200e-17  -9.6046283e-17  1.1617912e-15  -6.6117571e-16  6.8695897e-16  2.3971922e-16  -1.2257549e-15  -3.5923938e-16  -1.1650576e-15  3.4723012e-16  1.0000000   
