1.0000000   3.0580273e-16  2.7065771e-16  -4.1339028e-16  7.9701954e-17  1.7292548e-16  -8.0253255e-16  -7.3623728e-16  -2.0454190e-16  -5.0071631e-17  -1.6313121e-16  
2.7685705e-16  1.0000000   -7.4015860e-17  -7.3858902e-16  7.6197751e-16  1.4055204e-16  -2.2269560e-18  -7.4162373e-16  -6.1582381e-16  -3.2364733e-16  -1.0030049e-16  
7.5163677e-16  -9.3660451e-17  1.0000000   1.6997064e-16  -6.0957591e-16  3.6678631e-17  -7.6697068e-16  -3.7647882e-16  -9.2375868e-17  1.7318242e-16  -5.7513242e-16  
-4.2377946e-16  -7.0995849e-16  5.1472351e-16  1.0000000   2.2759660e-16  -4.8117674e-16  3.4680027e-18  -1.6744954e-16  3.4243626e-16  -8.2849882e-16  2.9242602e-16  
-3.6286212e-17  7.0793458e-16  -5.2316429e-16  1.4964728e-16  1.0000000   2.1008813e-17  -1.8656366e-16  -1.1724041e-15  -1.5551930e-16  6.6280258e-16  -1.1215623e-15  
3.1755741e-16  1.6807971e-16  -7.3810583e-17  -4.4914892e-16  3.3223054e-17  1.0000000   -1.3525470e-17  3.6594336e-16  -2.7170820e-16  -1.7271644e-16  7.7552812e-16  
-6.3501844e-16  -2.2122600e-16  -6.2352602e-16  5.3735354e-16  -9.3157624e-17  -1.2697300e-16  1.0000000   -5.9886292e-16  7.5497138e-16  -9.8462279e-17  -4.1757728e-16  
-9.9542767e-16  -6.3241608e-16  -3.5025732e-16  -2.5666403e-16  -1.1812879e-15  3.9466816e-16  -5.9381537e-16  1.0000000   1.5779258e-16  -3.9733378e-16  3.1165973e-16  
-1.0392229e-16  -6.8860204e-16  -8.2337639e-17  3.2105250e-16  -1.4556892e-16  -2.5138151e-16  7.5123685e-16  1.0528155e-16  1.0000000   -1.2937244e-16  -3.1542470e-16  
-1.3671176e-18  -3.4852633e-16  1.4888600e-16  -8.3333379e-16  7.5243071e-16  -4.5644514e-17  -1.6843000e-16  -2.8579275e-16  -2.0270201e-16  1.0000000   -5.1503542e-16  
-2.2551591e-16  -6.3836989e-17  -5.6732411e-16  3.1619023e-16  -1.0325493e-15  8.4527620e-16  -3.9993538e-16  2.9905393e-16  -4.7023939e-16  -5.0237016e-16  1.0000000   
