1.0000000   -3.7952344e-16  1.6967912e-16  2.2945247e-16  -3.2261929e-16  2.3125407e-16  -3.7394314e-16  1.7240730e-16  2.2865316e-17  3.5420546e-16  -1.5998251e-17  
-3.2852378e-16  1.0000000   -3.0001626e-16  2.5478258e-16  -1.7254340e-16  -9.4915128e-16  6.5660640e-18  1.1894232e-16  2.5931724e-16  5.0138332e-16  6.7119755e-18  
4.8103541e-16  -4.4211776e-16  1.0000000   1.8831564e-16  -2.4673314e-16  9.5731276e-16  3.5469881e-16  -1.4080803e-16  3.1617985e-16  -6.3424961e-17  2.5431924e-17  
-4.7629517e-17  3.3896975e-16  3.6443438e-16  1.0000000   1.4624981e-15  4.1251495e-16  2.1806854e-16  -1.7451010e-16  -1.0648162e-15  -1.8354368e-16  1.3430609e-17  
-3.3034875e-16  -1.2126512e-16  -2.4542191e-16  1.3801219e-15  1.0000000   -1.3819806e-16  8.6881250e-16  -1.6107010e-16  3.9929164e-16  -6.3725653e-17  -1.1898192e-17  
1.8436797e-17  -1.1742393e-15  1.0704177e-15  3.3725616e-16  -1.6689552e-16  1.0000000   -5.1160060e-17  5.8914017e-17  2.7360643e-16  2.3602567e-16  -7.4585006e-18  
-4.6601120e-16  2.5638610e-16  3.4878321e-16  2.4382684e-16  8.7275890e-16  -4.0188241e-17  1.0000000   -4.2622273e-16  8.5281830e-17  8.5385101e-17  1.8441955e-17  
1.3064874e-16  1.5419051e-16  -1.4454884e-16  -1.3524930e-16  -1.4479446e-16  1.2834716e-16  -4.6626837e-16  1.0000000   -7.2890225e-16  -3.5656289e-16  3.2851397e-17  
-4.4398846e-17  2.3879035e-16  3.6805194e-16  -1.0364619e-15  3.6361938e-16  3.1374188e-16  2.1401665e-16  -7.9520379e-16  1.0000000   -1.2727448e-15  2.7257417e-17  
8.1939214e-17  5.1578716e-16  -4.1349089e-17  -1.5440137e-16  -1.1361424e-16  2.8743691e-16  9.1758335e-17  -2.6577426e-16  -1.2342555e-15  1.0000000   3.1456759e-17  
4.9521998e-17  5.5462621e-18  -4.4569765e-18  -1.4911274e-17  -2.4041306e-17  1.1489013e-17  -2.9920383e-17  1.7862439e-17  1.6436938e-17  -3.6300987e-19  1.0000000   
