1.0000000   -1.0527214e-16  8.0609545e-17  8.3838687e-17  -1.4019492e-16  3.5539280e-17  4.0987261e-16  -1.1011826e-16  -5.5478050e-17  2.2106145e-16  3.1956965e-19  
-8.5745889e-17  1.0000000   2.9080243e-16  -9.4266411e-16  7.8490660e-16  -2.3147854e-16  6.7107116e-16  -1.9310073e-16  1.8915237e-16  -2.9679538e-16  -5.0542308e-16  
1.3036248e-16  1.3833968e-16  1.0000000   2.2445987e-16  2.5617467e-16  3.3584870e-17  5.8834348e-16  -1.2472148e-15  6.4442488e-16  8.8182752e-16  -3.0357661e-17  
1.3767526e-16  -3.2890547e-16  2.4574687e-16  1.0000000   2.0256379e-16  -4.9541816e-16  -7.0423919e-16  1.2381915e-16  -5.4693244e-16  -3.8338711e-16  1.0327967e-16  
-7.7891030e-17  6.2018333e-16  2.0095376e-16  2.0560471e-16  1.0000000   -7.0194487e-17  -8.7843724e-16  -4.8579445e-16  6.2311208e-16  -2.2863530e-16  1.2935633e-16  
6.2914465e-17  -1.2153834e-16  6.5748418e-17  2.7967436e-16  -1.6738391e-16  1.0000000   -4.1893446e-16  6.2164392e-17  6.7106438e-16  8.3574211e-16  2.3729628e-16  
4.1076593e-16  5.8646350e-16  4.8420740e-16  -1.0709487e-15  -6.9725929e-16  -5.8013692e-19  1.0000000   7.7768217e-17  -1.2578443e-15  -5.3251603e-16  3.7853818e-16  
-1.4691957e-16  -2.4443439e-16  -1.1074032e-15  5.4998113e-17  -4.4222577e-16  -3.2032564e-16  2.3787016e-16  1.0000000   -8.5220011e-16  -4.5291874e-16  5.0299019e-16  
8.9379715e-17  1.4779932e-16  5.6459619e-16  -5.8128594e-16  5.5520156e-16  7.2863086e-16  -1.2894802e-15  -9.0207982e-16  1.0000000   8.5641664e-16  5.3683254e-17  
1.3292625e-16  -3.2027192e-16  8.7329499e-16  -2.5467011e-16  -2.3833090e-16  8.3239251e-16  -5.6486597e-16  -4.2961671e-16  8.4469422e-16  1.0000000   -6.0184994e-16  
-1.9980656e-17  -4.6072600e-16  -5.9452396e-17  1.2260765e-16  7.9738835e-17  1.5970806e-16  3.1362557e-16  5.3097891e-16  7.3708807e-17  -5.2577029e-16  1.0000000   
