1.0000000   -1.5401668e-16  1.9304402e-17  -7.5701649e-17  1.3994436e-16  -1.3172523e-16  1.2762700e-16  -1.6200770e-16  1.0852805e-16  4.1886626e-17  -1.0028970e-16  
-8.4257230e-17  1.0000000   -6.3974097e-16  -2.3239756e-16  8.6275900e-16  4.7087043e-16  -2.2259644e-16  2.9142423e-16  1.1032839e-17  3.4269590e-16  4.5503491e-16  
2.2594964e-16  -6.7407457e-16  1.0000000   -2.0427422e-16  -4.3713116e-16  1.3331939e-15  1.0885291e-15  1.3617908e-18  -8.7723115e-16  -1.5321886e-16  6.6858343e-16  
-1.0853075e-16  -3.9641356e-16  -4.6128426e-16  1.0000000   1.0798280e-15  5.5242617e-16  -1.2525499e-15  -1.6122424e-16  7.6859845e-16  -1.1242014e-15  3.1015146e-16  
-9.6419629e-17  8.6723989e-16  -3.5045094e-16  1.0391346e-15  1.0000000   -7.3679594e-16  -5.0727506e-16  -5.4809287e-16  -5.8990700e-16  6.0045852e-16  -1.4945841e-15  
1.4133033e-16  4.9183856e-16  1.1968144e-15  -1.4445122e-16  -5.1539141e-16  1.0000000   -1.0984707e-16  -7.5257187e-17  6.4655192e-16  5.7336747e-16  1.4666375e-17  
-4.1413809e-17  -2.7529938e-16  1.2784340e-15  -1.3563945e-15  -5.1932735e-16  -9.0176729e-17  1.0000000   2.0990137e-16  -2.0263946e-17  2.5792795e-16  4.6298821e-17  
-5.7480817e-17  2.6388225e-16  -4.8238235e-17  -8.6302014e-17  -6.1452225e-16  6.7079219e-19  1.9651959e-16  1.0000000   5.7246121e-16  2.6027144e-16  -5.1942686e-16  
6.0035547e-17  -3.0637192e-17  -9.1468833e-16  6.4013510e-16  -5.4901088e-16  6.7575223e-16  -1.4716794e-17  5.5008969e-16  1.0000000   -1.2271634e-16  4.1019603e-16  
-6.1768835e-17  3.9481946e-16  4.0096018e-17  -8.6675677e-16  5.3157847e-16  3.7010815e-16  2.3360220e-16  3.4022461e-16  -1.0022121e-16  1.0000000   -6.4311231e-16  
-5.8499589e-17  4.5952967e-16  7.6165203e-16  3.2438217e-16  -1.5168014e-15  -2.4521604e-18  2.1306224e-16  -3.7350765e-16  4.8241914e-16  -6.5034639e-16  1.0000000   
