1.0000000   -9.0505300e-17  -9.6526269e-16  1.6789405e-16  4.6930234e-17  7.5620272e-16  -2.5105792e-16  -3.3601881e-16  -1.8387338e-16  -3.8478120e-16  5.0449823e-16  
-3.5089646e-17  1.0000000   -6.3522144e-18  -2.6953127e-17  -3.2014641e-16  8.7898213e-17  1.8157295e-16  -1.9606033e-16  -5.2056069e-16  -4.3393751e-16  -8.1488402e-16  
2.4628689e-16  1.0835439e-16  1.0000000   -5.8157871e-16  1.6970853e-16  -5.5473438e-16  4.6532515e-16  -2.0471236e-16  -2.4814375e-16  -3.0198198e-16  -3.9268193e-16  
4.3635159e-16  -4.0735449e-16  -3.3065485e-16  1.0000000   -9.9963100e-17  -2.1132063e-17  1.5892921e-17  6.0196241e-16  -5.6896963e-17  -9.0681212e-17  6.9514075e-16  
-6.7683513e-17  -2.9089683e-16  1.1344652e-16  9.5400184e-17  1.0000000   -7.4919856e-17  1.6089843e-16  3.4746152e-16  3.2753318e-16  -2.3541715e-17  7.6834471e-17  
4.3350603e-16  1.8929495e-16  -5.6406653e-16  -8.0771059e-16  -1.4249214e-16  1.0000000   1.9791124e-16  -2.2969545e-16  -6.0010255e-17  1.1920718e-16  4.3681396e-17  
-1.3643364e-16  2.2288509e-16  5.1054915e-16  1.6978328e-17  2.2553260e-16  1.5161658e-16  1.0000000   -1.0398038e-15  -4.8250069e-16  5.8849691e-16  -2.4889905e-16  
-3.7940107e-16  -1.6355769e-16  -2.3430387e-16  5.7094569e-16  3.5982987e-16  -3.3778959e-16  -1.0438669e-15  1.0000000   2.4880867e-16  -3.2043319e-16  5.3732890e-16  
-3.2920046e-16  -5.0208747e-16  -2.7780781e-16  -8.4913323e-17  3.5568537e-16  -1.2492173e-16  -5.4169439e-16  2.9788399e-16  1.0000000   2.9919869e-16  1.5922864e-16  
-3.5559998e-16  -5.1822505e-16  -3.4338934e-16  -1.5924462e-16  7.8123486e-17  9.7993698e-17  4.5213523e-16  -3.7826590e-16  3.2896295e-16  1.0000000   -5.3683254e-17  
5.1894931e-16  -6.2358904e-16  -4.3888758e-16  1.0858298e-16  1.5237315e-16  -4.2896014e-16  -2.6352148e-16  6.0299471e-16  4.7202605e-17  -2.0588491e-16  1.0000000   
