1.0000000   4.6655924e-18  7.3586695e-17  1.2008016e-16  -9.1418303e-17  -6.1995320e-17  2.7528723e-16  9.1219649e-17  9.0911117e-18  2.6552520e-16  -1.1628532e-17  
-7.6035751e-18  1.0000000   3.0934106e-17  5.9424672e-17  3.2149845e-16  1.7058397e-16  1.1789256e-16  3.9314852e-16  -1.6517049e-16  4.5281736e-16  2.8208228e-16  
-7.6526060e-17  5.3166592e-17  1.0000000   -3.6781498e-16  9.5803530e-16  -3.7321376e-16  -1.4774469e-16  -4.1777915e-16  -4.4416719e-17  1.2042143e-15  -3.2795358e-16  
1.1500016e-16  1.0537260e-16  -3.7486128e-16  1.0000000   1.5724318e-16  -3.1481856e-17  1.1895344e-15  -2.4344554e-16  2.1445792e-16  1.7285871e-16  -3.0767803e-16  
-7.0429970e-18  2.0341412e-16  8.7196513e-16  1.6950096e-16  1.0000000   3.8095570e-16  2.8430410e-16  -1.0804446e-15  -4.7458789e-16  3.7201306e-16  -1.6961076e-16  
8.5526458e-17  2.0672325e-16  -2.8558392e-16  -7.2681368e-17  3.7394628e-16  1.0000000   -8.7925294e-16  2.6764688e-16  -3.5823745e-16  7.6946647e-16  -1.7898389e-16  
2.6005661e-16  -1.0922011e-16  -3.1751306e-16  5.9811913e-16  4.4609936e-16  -8.4325353e-16  1.0000000   2.8854023e-17  -6.3091347e-16  -9.6272563e-16  1.3081746e-16  
-7.6185804e-19  5.9525870e-16  -3.3684226e-16  3.0498669e-16  -1.2620582e-15  2.8732005e-16  -1.2443044e-16  1.0000000   -9.5176576e-17  1.4934980e-16  -6.1261658e-19  
4.3095113e-16  -9.8547748e-17  -4.0674512e-17  3.1933497e-16  -2.8938076e-16  -3.4446947e-16  -4.2848915e-16  -2.8399614e-16  1.0000000   -5.6263875e-16  -4.8154035e-16  
2.0804137e-16  7.9040368e-16  1.0171865e-15  7.6901605e-16  3.0725461e-16  6.8073596e-16  5.6575597e-16  -1.2618020e-15  -6.7296148e-16  1.0000000   -1.3673669e-16  
-2.2982016e-17  2.3957546e-16  -2.3819308e-16  -2.9646197e-16  -1.3773695e-16  -1.7628495e-16  7.9475910e-18  1.4697250e-16  -4.7250378e-16  -1.6266910e-16  1.0000000   
