1.0000000   -3.5643618e-17  -2.0381336e-16  -5.3322820e-16  7.7924554e-17  -4.8272484e-16  4.0372788e-16  4.5524035e-16  1.2946589e-16  6.5536998e-17  7.8226960e-17  
-3.8328741e-17  1.0000000   7.8385087e-17  -2.8726597e-16  -3.1021395e-16  -8.2683504e-18  -1.1270077e-16  4.3357139e-16  -3.8426830e-17  -1.7248895e-16  -3.2283288e-16  
8.3458801e-17  7.5529267e-17  1.0000000   1.1438771e-16  -5.4342127e-17  -3.1736757e-16  5.2947217e-16  2.3250517e-16  -1.4373563e-16  1.1451888e-16  -2.2762559e-16  
-6.5599352e-16  -2.9377637e-16  -1.5329338e-17  1.0000000   1.2006268e-15  -2.1831427e-16  9.4605066e-16  -9.3904842e-17  -3.5855317e-16  -5.6030088e-16  -2.8670527e-16  
-1.5905992e-17  -2.4361464e-16  7.7771543e-17  1.1354420e-15  1.0000000   9.2479982e-16  6.0532694e-17  -7.6550331e-16  -6.8849305e-16  -4.4803762e-16  4.2882040e-16  
-4.6578277e-16  -1.6516320e-16  -4.7825369e-16  -1.6160503e-16  3.4330295e-16  1.0000000   1.4105236e-16  9.1044828e-16  -1.9672215e-16  -3.0127567e-16  2.5098718e-16  
3.5694199e-16  -9.6025935e-17  4.8298626e-16  8.1914187e-16  5.7371289e-16  1.1860140e-16  1.0000000   -3.5538037e-16  -2.1501580e-16  -1.6155009e-16  -5.2340489e-16  
4.2726256e-16  2.4489121e-16  3.2870558e-17  -9.4259580e-17  -1.5078847e-15  8.6466121e-16  -3.8203804e-16  1.0000000   5.7087678e-16  -5.2568082e-17  4.0178838e-16  
1.1978207e-16  -1.0259440e-16  -1.4866647e-16  -3.5358036e-16  -6.6723454e-16  -3.0572856e-16  -7.9686953e-17  5.0970157e-16  1.0000000   -2.9615131e-16  -1.3846786e-16  
6.3902997e-17  -2.0874289e-16  2.3780874e-16  -5.4489807e-16  3.7237762e-17  -6.8920747e-16  1.1044749e-16  -4.9307694e-16  -3.9413291e-16  1.0000000   7.4917438e-16  
9.2558619e-17  -3.1868456e-16  -2.5142345e-16  -2.6346723e-16  4.5401904e-16  4.0006488e-16  -5.4757848e-16  4.7427831e-16  -3.1544693e-16  7.3456688e-16  1.0000000   
