1.0000000   -2.4184655e-16  -2.6882219e-16  -4.7391356e-17  -1.9332134e-16  1.7382467e-16  -1.7207985e-16  -5.2466039e-16  -1.0954078e-16  1.2903176e-16  5.6233670e-17  
-2.1438275e-16  1.0000000   -5.8147000e-17  -1.0125730e-16  -3.3777726e-16  -3.1251234e-16  -4.5474608e-16  4.0399996e-16  3.4324350e-16  -1.4798263e-16  -9.3913038e-17  
-2.5961807e-16  1.9673282e-17  1.0000000   -1.5268168e-16  7.1259787e-16  -1.1298053e-15  -2.2498004e-17  -3.3099624e-16  1.6888654e-16  1.6386629e-16  -5.7363295e-16  
-4.7387451e-17  -1.8966521e-16  -1.4232247e-16  1.0000000   4.8201425e-16  4.6278404e-17  -6.5485389e-16  4.5881516e-16  1.6691840e-16  -1.5997902e-16  -6.1932508e-16  
-1.7283065e-17  -1.3286238e-16  7.1725509e-16  5.0500053e-16  1.0000000   -2.2116793e-16  2.9932094e-16  4.3296787e-16  2.3627388e-17  -1.3712745e-16  5.8067158e-16  
1.1893778e-16  -2.8485642e-16  -1.0916492e-15  -1.8195937e-17  -2.5368314e-16  1.0000000   -3.0328597e-16  -2.4129721e-16  5.0292045e-17  -4.3507626e-16  -1.1127324e-16  
-2.2768868e-16  -3.6704098e-16  -1.4648164e-16  -7.9278927e-16  5.8691583e-16  -1.9505325e-16  1.0000000   1.1291781e-15  3.3410455e-17  -1.0156771e-16  -3.2473221e-16  
-6.4074156e-16  4.2080251e-16  -3.0881869e-16  4.1985608e-16  4.8366235e-16  -3.2454108e-16  1.1958100e-15  1.0000000   -1.2906282e-16  6.8420839e-16  -7.9624019e-16  
-1.0383522e-16  2.6512404e-16  1.5597689e-16  2.4234314e-16  -6.1299245e-18  4.7896778e-17  4.5852345e-17  -2.2895788e-16  1.0000000   9.0273278e-16  1.7230175e-16  
2.2267930e-16  -1.6564578e-16  2.3092964e-16  -2.9949337e-16  -1.1550089e-16  -3.3740402e-16  -3.4357794e-17  6.8448726e-16  9.2949127e-16  1.0000000   -2.6672288e-15  
2.7459612e-16  -2.5251508e-16  -3.1518159e-16  -6.2836123e-16  8.9842117e-16  -2.7342647e-17  2.2464314e-16  -7.1911954e-16  1.9315739e-17  -2.6177884e-15  1.0000000   
