1.0000000   2.8804364e-16  -9.4920031e-16  -4.0253888e-16  2.8680249e-16  2.9826800e-16  4.2185013e-16  2.2288859e-16  -5.8571499e-16  -2.6699687e-16  -4.4182363e-16  
4.0380802e-16  1.0000000   6.4830446e-19  7.2106976e-16  -2.6701094e-16  3.0570281e-16  -3.1624478e-16  5.1433531e-16  5.5930674e-16  -5.2411469e-16  2.6425480e-16  
-7.5694527e-16  8.7688424e-18  1.0000000   3.1100758e-16  3.0559627e-16  2.6907072e-16  8.9131032e-16  -5.3486504e-16  -7.9586455e-16  -1.0137883e-16  -4.2490476e-16  
-3.9728666e-16  5.7915635e-16  2.1024162e-16  1.0000000   -8.0816672e-16  5.8747168e-16  1.1163799e-16  -3.1376177e-16  7.6725253e-16  -7.9115949e-16  2.1720678e-16  
2.6275319e-16  -2.0021892e-16  2.6347022e-16  -7.9799995e-16  1.0000000   -6.3618395e-16  -8.6155761e-16  6.6108634e-16  2.4376176e-17  3.2207131e-16  1.3915989e-16  
2.6577337e-16  3.1459481e-16  2.9912423e-16  6.4414806e-16  -7.5652310e-16  1.0000000   2.1750982e-16  5.5858883e-16  5.7976791e-16  -7.7696087e-16  -7.7141832e-17  
3.1611080e-16  -3.8420998e-16  7.6717671e-16  -6.1763765e-16  -1.1034509e-15  3.1528440e-16  1.0000000   -4.7029893e-16  3.8796003e-16  -7.6213854e-16  -4.9324290e-16  
9.1016661e-17  6.0918199e-16  -5.1785805e-16  -1.9738831e-17  5.6301750e-16  5.1869079e-16  -5.8850434e-16  1.0000000   -5.2272728e-16  -1.6157309e-16  -1.0408874e-15  
-3.3412564e-16  5.3114108e-16  -6.6780559e-16  1.0576000e-15  1.1779214e-16  5.5537087e-16  -4.4983531e-16  -9.7747146e-17  1.0000000   1.5600558e-16  5.5251027e-16  
-2.3436690e-16  -6.9491015e-16  -1.7088097e-16  -9.3506576e-16  2.9323153e-16  -8.7127399e-16  -1.0281633e-16  -5.8449949e-16  -1.3832974e-18  1.0000000   5.6987784e-16  
-9.3485273e-17  1.9668613e-16  -4.9384816e-16  1.9415414e-16  1.0222205e-16  9.6834924e-17  -4.8300198e-16  -1.0044244e-15  5.7386736e-16  7.0323809e-16  1.0000000   
