1.0000000   -3.9078111e-17  9.5051929e-17  -4.4231747e-17  2.2153924e-16  1.7802609e-17  -1.3990711e-16  1.3986519e-16  -9.0435928e-17  1.1120469e-16  1.3075734e-16  
2.4103190e-17  1.0000000   -4.4949743e-16  -4.1218338e-16  -2.7420548e-17  4.5927099e-16  -4.5181213e-16  -2.9514421e-17  -2.8158500e-16  4.4824784e-16  3.6677988e-16  
3.9059220e-19  -6.2620348e-16  1.0000000   2.1121664e-16  -1.2312054e-15  -8.0868485e-17  7.8291428e-16  -3.9830944e-16  -1.8163957e-16  9.4340779e-16  -1.3086608e-15  
-1.2679763e-16  -3.1806211e-17  2.8747802e-17  1.0000000   2.0110865e-16  -1.0506807e-15  1.6218247e-15  3.9359180e-16  -3.2185770e-16  5.4827285e-16  8.2842363e-17  
1.1190143e-16  -1.0618367e-17  -1.2851978e-15  2.8862989e-16  1.0000000   3.8191784e-17  -1.9056428e-16  5.7263660e-16  8.4201644e-17  2.2375860e-16  4.4284317e-16  
1.0797515e-16  2.8743228e-16  -3.3302347e-16  -4.7791071e-16  1.5154608e-16  1.0000000   -4.9956256e-16  -1.1060975e-15  1.4050140e-16  5.0719467e-16  1.0472749e-15  
-2.6896046e-17  -4.7462230e-16  8.8728797e-16  1.6333854e-15  -2.7060525e-16  -4.6581052e-16  1.0000000   3.8780359e-16  -2.2609078e-16  1.2442516e-16  -6.0552734e-16  
1.4883094e-16  4.9252347e-17  -3.9954301e-16  3.6248160e-16  6.2042672e-16  -1.1337756e-15  2.9704969e-16  1.0000000   9.3212972e-17  1.7907748e-16  -4.5948912e-16  
-3.3712800e-16  -5.1565592e-16  -1.2768527e-16  -9.1006128e-16  1.1434840e-16  1.3912503e-16  -3.3112825e-16  1.6811404e-16  1.0000000   -1.3771237e-15  -4.5755026e-16  
-8.9120190e-17  7.8662377e-16  8.2091361e-16  1.3649769e-15  3.9867705e-16  4.5297699e-16  1.0289449e-16  2.8404197e-16  -1.3346821e-15  1.0000000   2.2640767e-16  
1.4687981e-16  4.2616112e-16  -1.4325699e-15  1.9749844e-16  4.8549472e-16  1.1755420e-15  -6.8367163e-16  -4.2092540e-16  -5.2837407e-16  9.2894103e-17  1.0000000   
