1.0000000   -1.8680979e-16  6.3398462e-16  -2.1444196e-16  1.3392866e-16  -1.2985671e-16  2.2054295e-16  -9.2939400e-17  1.5194531e-16  -3.5187870e-17  -1.3017572e-16  
-4.3849931e-16  1.0000000   1.0305781e-16  -1.5404208e-16  6.2128824e-16  -4.1208391e-16  6.5611247e-16  -2.3898075e-16  -3.3351991e-16  4.7652927e-16  9.2583044e-16  
1.5195921e-16  3.1586201e-17  1.0000000   -7.1146136e-16  -2.4902634e-16  8.2487066e-17  -9.2407496e-16  1.5641755e-16  4.2746272e-16  -8.0122091e-17  7.3430260e-16  
-3.4298616e-16  -7.5564130e-16  -6.5187410e-16  1.0000000   1.0915737e-15  2.1029994e-16  7.4879227e-16  3.4025444e-16  5.2770321e-16  4.7033111e-16  1.6487666e-16  
8.5244926e-17  8.0406311e-17  -2.0196132e-16  9.8226049e-16  1.0000000   4.1146434e-16  4.4274102e-16  -5.8215025e-16  -1.3097741e-15  -7.1490606e-16  4.3500457e-16  
-2.1879450e-16  -7.8428020e-16  1.4973367e-17  2.4992266e-16  3.4253008e-16  1.0000000   3.8660132e-16  1.0396712e-15  -5.8934807e-16  -1.7375981e-17  -4.5505744e-16  
3.2363074e-18  6.6275384e-16  -9.6135532e-16  9.7587187e-16  5.1891538e-16  5.1696826e-16  1.0000000   4.0043648e-16  4.5410984e-16  -2.4835164e-16  -6.2842221e-17  
1.0738774e-16  -6.5042810e-17  8.7996199e-17  2.8708186e-16  -7.2790636e-16  1.0893934e-15  3.9656938e-16  1.0000000   2.9825201e-17  -1.3658572e-16  8.4590999e-16  
-1.1257312e-16  -2.0799737e-16  4.7771060e-16  5.3274540e-16  -1.4791010e-15  -5.5379614e-16  4.7642636e-16  -1.7046637e-17  1.0000000   1.3979167e-15  -1.7456841e-16  
-5.0121794e-17  4.9313309e-16  -1.2538097e-16  4.7434830e-16  -7.4502064e-16  -8.4630172e-19  -1.3978766e-16  -1.3887504e-16  1.3616258e-15  1.0000000   -2.9550989e-16  
-1.9350294e-16  7.8850016e-16  6.6906645e-16  1.7152078e-16  4.4714594e-16  -4.9886090e-16  7.4576169e-17  8.2084714e-16  -2.8255960e-17  -3.2004251e-16  1.0000000   
