1.0000000   -5.5636719e-17  -6.7349402e-16  -3.0097430e-16  4.9403955e-17  1.7386968e-16  1.7091619e-16  3.9550009e-16  -3.3923084e-17  -3.2936224e-16  8.8006061e-18  
-4.9231477e-17  1.0000000   -4.0786705e-17  -2.1562302e-16  -1.9489525e-17  1.1510224e-16  -5.5212834e-17  5.1145984e-16  4.6604668e-16  -7.1085898e-18  4.8243599e-17  
-3.9462094e-17  5.0440805e-17  1.0000000   2.7187647e-16  3.4621500e-17  -5.3294971e-16  -4.0016286e-16  8.1299647e-19  -4.6190795e-17  -4.1303238e-16  -6.0567997e-18  
-3.0079768e-16  -2.0769709e-16  2.6745393e-16  1.0000000   2.3342089e-17  -6.7413896e-16  9.4909835e-17  7.8548121e-16  -3.8475688e-16  7.1010256e-16  3.6205374e-17  
2.2459587e-16  -3.7680095e-16  2.8100163e-17  3.3783532e-17  1.0000000   -9.7479823e-17  -6.2683299e-16  -4.4339151e-16  -2.0762911e-17  6.8321127e-17  9.2064020e-18  
1.7601290e-16  3.0237574e-16  -6.7144099e-16  -5.8937852e-16  1.4515728e-17  1.0000000   -2.5763335e-17  -5.8837924e-16  -3.7299423e-16  -1.8024196e-16  -1.3979285e-18  
1.0998888e-16  -4.9394111e-17  -2.9917141e-16  3.8392531e-16  -6.6133907e-16  1.8306154e-17  1.0000000   2.2718422e-16  -2.5764961e-16  5.5539117e-16  1.0884593e-17  
3.0531644e-16  5.2625186e-16  -1.6084430e-17  8.5114379e-16  -3.8301588e-16  -4.4846354e-16  1.6710670e-16  1.0000000   5.2586729e-16  -2.4842567e-16  -7.4152259e-18  
1.1066351e-16  4.6717677e-16  -5.0871086e-17  -3.3488700e-16  1.5539838e-16  -2.7500794e-16  -2.1672103e-16  4.6395417e-16  1.0000000   -6.1609540e-16  -1.4467015e-17  
-2.5176783e-16  2.5393464e-17  -3.3834046e-16  8.0107504e-16  3.1336091e-16  -1.0002426e-16  4.7563438e-16  -2.7012880e-16  -6.1278809e-16  1.0000000   -2.0838146e-17  
3.5291069e-18  4.3967067e-17  -1.0764810e-17  3.5092157e-17  8.6177014e-18  2.6663841e-18  2.4953498e-17  -3.3718732e-17  2.2379333e-17  -3.5154590e-17  1.0000000   
