1.0000000   -4.5260455e-17  -1.8462356e-16  2.1589138e-16  -2.1037014e-16  1.7815719e-16  -1.6418889e-16  -8.0461552e-19  1.7852271e-16  3.2046797e-16  -4.1104540e-16  
-7.6505011e-17  1.0000000   9.3399376e-17  2.8674432e-16  -3.1349534e-16  2.3100671e-16  3.1178469e-16  -9.8484372e-17  3.5807912e-16  1.4463659e-16  1.0498308e-16  
1.4941576e-17  1.1901925e-16  1.0000000   -4.1633408e-16  -2.6450929e-16  7.6677350e-16  5.4522870e-16  2.1526312e-16  -7.2591100e-16  2.9297087e-16  9.8179146e-17  
2.2696989e-16  2.9490423e-16  -3.6647587e-16  1.0000000   -2.3082837e-16  2.1843422e-16  8.0493403e-16  2.0074214e-15  -6.7856712e-16  -3.8156859e-16  1.1929070e-16  
-1.4222511e-16  -2.5118291e-16  -2.6055402e-16  -1.9282642e-16  1.0000000   -3.4546615e-16  -6.7377860e-16  -3.7781643e-16  -1.1623773e-15  2.3288098e-16  -1.3588825e-15  
2.2010192e-16  2.0764038e-16  5.7998825e-16  1.0918012e-16  2.9620556e-17  1.0000000   -6.6755321e-16  1.3027275e-16  2.4255930e-16  -1.9997144e-15  -1.5399073e-16  
-6.7714155e-17  1.8933552e-16  3.3709835e-17  9.4226584e-16  6.5998828e-16  -5.7944648e-16  1.0000000   2.4038679e-16  1.2579190e-16  -1.5423796e-15  -1.2930805e-16  
9.9586873e-17  -5.1725876e-17  1.5959037e-16  1.8482553e-15  -1.6130239e-16  2.5304934e-16  4.3575206e-17  1.0000000   -5.6585439e-16  3.8899742e-16  4.0592417e-16  
1.2389813e-16  3.0031759e-16  -8.1442772e-16  -6.2735730e-16  -6.6465422e-16  2.2838566e-16  3.4868374e-16  -5.7792972e-16  1.0000000   -1.2960208e-15  -2.7442173e-16  
1.6222538e-16  1.8073324e-16  5.0118490e-16  -4.4809468e-16  -5.3747189e-18  -1.8598810e-15  -7.9229924e-16  4.7347233e-16  -1.0973306e-15  1.0000000   3.3370303e-16  
-3.4795198e-16  1.2052675e-16  1.6844762e-16  6.6853670e-17  -1.5465087e-15  -1.0739717e-16  -1.1422451e-17  4.0621259e-16  -1.9847337e-16  3.2255226e-16  1.0000000   
