1.0000000   4.8337253e-17  -2.4908196e-16  4.6386464e-16  3.6410952e-17  -8.4667724e-17  3.4867921e-16  -1.3559849e-16  6.4660933e-16  1.5718867e-16  -3.1849997e-17  
6.6502467e-17  1.0000000   1.1135171e-16  3.2648118e-16  -2.8240188e-16  4.2560544e-16  -1.9861115e-16  2.6576445e-16  -2.3200164e-17  -4.8272621e-16  -1.4121165e-16  
7.3385028e-16  1.6474169e-16  1.0000000   2.6771047e-16  8.3660918e-17  -4.4463870e-16  -3.1453983e-16  -1.0052443e-15  3.2184751e-17  4.1129264e-17  1.8674554e-17  
3.4074557e-16  3.2738300e-16  2.9386543e-16  1.0000000   9.4127292e-16  9.6628502e-16  -6.0257650e-16  8.0260627e-16  -9.8597450e-16  1.1195051e-16  1.0113433e-16  
3.0128663e-16  -4.0922170e-17  1.4382656e-17  8.3546880e-16  1.0000000   -2.9100857e-16  -9.8993576e-17  -4.7444613e-17  -6.7636233e-16  -4.4681014e-16  1.6432990e-16  
-4.2149212e-17  5.2428688e-16  -5.2363197e-16  9.1365978e-16  1.1188413e-16  1.0000000   3.6142937e-16  -6.5663657e-16  2.3970371e-16  -6.5137252e-17  2.4307595e-17  
4.5310951e-16  -2.7883098e-16  5.0183463e-17  -7.0952467e-16  -8.0957428e-16  5.0976285e-16  1.0000000   -5.0773537e-16  -2.8317319e-16  4.8917389e-16  -3.8167268e-17  
-5.2245372e-17  1.6213542e-16  -8.5766788e-16  8.3120821e-16  -3.5506696e-16  -8.7723334e-16  -2.5585335e-16  1.0000000   -3.3113762e-16  -2.0786156e-18  -4.6377416e-17  
3.4930527e-16  -5.0931904e-17  9.4601828e-17  -1.0983924e-15  -9.4284665e-16  2.8826481e-16  -1.0753908e-16  -3.5331530e-16  1.0000000   1.3196641e-16  -1.5860459e-16  
1.1474658e-16  -1.1896386e-16  9.5565284e-17  1.2021707e-16  -2.4770958e-16  4.8803900e-16  -4.5378496e-16  -4.7920046e-16  -1.8181104e-16  1.0000000   -1.3473566e-17  
-8.8362484e-17  -1.3629771e-16  -1.6973023e-17  9.9969437e-17  1.5948028e-16  -1.0426181e-17  -8.5756243e-17  4.6546032e-17  -2.0123060e-16  5.3243461e-18  1.0000000   
