1.0000000   -4.3190621e-16  -6.5678089e-16  1.1696777e-16  1.9929961e-16  1.2117561e-16  6.9929482e-17  1.9639174e-16  1.6486195e-16  5.0608345e-16  -5.2388702e-17  
-4.8685906e-16  1.0000000   -2.5021736e-16  1.5415853e-17  2.5901002e-16  -1.5592165e-16  4.0991086e-16  -9.9645350e-16  2.2172745e-16  4.6613347e-16  9.8818959e-17  
-3.7411964e-16  -3.5559862e-16  1.0000000   -9.7302367e-16  9.2334116e-16  1.1483504e-16  -2.9585709e-16  2.0522110e-16  -8.2683595e-16  -4.9195835e-16  1.7408073e-16  
1.7950174e-16  -2.0708992e-16  -3.0713636e-16  1.0000000   -4.8859615e-16  3.8765787e-16  -7.8190831e-16  5.4788236e-16  -1.4228891e-16  1.4617042e-16  2.9894293e-16  
8.1913403e-17  4.5139984e-16  8.5099056e-16  -4.2931408e-16  1.0000000   4.1951914e-17  -9.4745833e-16  -1.2067685e-16  -3.7448330e-16  5.7672800e-16  -2.2517354e-16  
4.2871887e-17  -1.3809974e-16  1.1412519e-17  3.4604473e-16  1.3231680e-16  1.0000000   -3.2148333e-16  1.2597852e-16  5.3966051e-17  5.4673731e-16  -1.1664872e-15  
2.2238208e-16  5.8164991e-16  -3.4718600e-16  2.1617296e-16  -1.1436868e-15  -3.7638175e-16  1.0000000   6.0420662e-16  -2.1229325e-16  -7.2213211e-16  -1.8750226e-16  
2.4946588e-16  -1.0582120e-15  2.1641189e-16  6.0711144e-17  -4.6777059e-17  6.9221790e-17  4.6237552e-16  1.0000000   4.4900974e-17  2.5463998e-16  6.9229268e-16  
1.4706512e-16  2.2308608e-16  -9.5493270e-16  -1.0778894e-16  -4.4021762e-16  1.2417894e-16  -9.4343981e-17  -2.4027715e-17  1.0000000   -9.2310880e-17  -2.7112483e-16  
1.1972321e-16  5.7637398e-16  -5.6468327e-16  -3.3539433e-17  6.4418400e-16  6.0453304e-16  -7.3586051e-16  2.1336804e-16  -1.1808317e-16  1.0000000   4.0952518e-16  
2.1510603e-16  8.9310807e-18  2.3213306e-16  3.6378693e-16  -3.0938387e-16  -1.1884668e-15  -2.2096541e-16  7.3032934e-16  -2.9801014e-16  4.5953231e-16  1.0000000   
