1.0000000   -6.7581146e-17  4.0347365e-16  7.9127442e-17  -2.2216393e-16  1.2375335e-16  1.6928913e-16  4.2526454e-16  -1.3301738e-16  1.0528639e-16  9.6427795e-16  
-1.3127054e-17  1.0000000   5.2653494e-16  -3.3618124e-16  1.0647951e-19  -4.3878718e-16  2.2690790e-17  -4.7263157e-17  -1.7634824e-16  1.5382422e-17  -2.8378441e-16  
-1.4541547e-16  4.8031599e-16  1.0000000   -6.1435274e-17  -5.7094894e-16  2.8058391e-16  -8.2849402e-16  2.6902657e-16  -1.1188299e-17  -7.2877199e-17  -5.0600689e-16  
3.7308089e-16  -2.9414716e-16  -2.7584924e-17  1.0000000   -8.6361556e-17  -9.2245640e-16  9.4177532e-16  8.8238289e-17  5.8923697e-16  -3.0824703e-16  -6.3188846e-16  
-2.9643018e-16  -1.3837297e-17  -5.8610446e-16  -7.9629082e-17  1.0000000   -5.0372873e-16  -3.9859777e-16  -4.3015886e-17  -2.0417157e-16  -3.8126555e-16  1.0298041e-15  
2.0442996e-16  -3.1624121e-16  7.2902583e-17  -1.3336693e-15  -5.0967504e-16  1.0000000   4.4479959e-16  -2.8968205e-17  2.8042972e-17  7.6421572e-16  -1.0683145e-15  
2.0751931e-16  -2.0771984e-18  -6.6711422e-16  1.1263939e-15  -4.2939089e-16  4.1699460e-16  1.0000000   3.7103361e-16  -1.0150467e-15  -1.3056594e-16  2.8869604e-17  
4.5451947e-16  -3.8231774e-17  1.7619757e-16  -5.6673217e-17  -1.3467685e-16  1.0500818e-16  3.4831890e-16  1.0000000   5.7919182e-16  -9.8320248e-16  -3.9327054e-16  
-2.1433431e-16  -1.6824671e-16  -2.0364962e-17  5.0612163e-16  -1.0277473e-16  -2.5104606e-17  -1.0255305e-15  5.6293869e-16  1.0000000   8.6094987e-16  3.8301305e-16  
2.9699537e-16  4.7309897e-17  -4.1470435e-17  -3.1992195e-16  -4.7068264e-16  7.4083066e-16  -1.3491026e-16  -8.1635297e-16  8.4424900e-16  1.0000000   -2.2962597e-16  
9.3408655e-16  -8.8917403e-17  -8.9776090e-16  -1.3107362e-15  9.3157787e-16  -6.9283118e-16  -3.5020346e-17  -5.2060882e-16  3.5250970e-16  -2.4243311e-16  1.0000000   
