1.0000000   1.5290414e-18  -2.5444481e-16  1.6283254e-16  -5.1203445e-17  8.2291402e-17  1.3758052e-16  3.0503438e-17  1.1829875e-16  8.4982404e-17  -2.1137505e-16  
7.7695332e-17  1.0000000   6.9962085e-16  -7.7742954e-16  7.8444714e-16  -6.6649017e-16  2.9135857e-16  2.2162404e-16  -3.8050226e-16  5.1231273e-16  -1.0674288e-15  
1.4063767e-16  6.9039665e-16  1.0000000   3.1056872e-16  7.1818928e-16  -2.2704759e-16  -2.9383783e-16  7.9240084e-16  -3.5932494e-17  -2.5824304e-16  4.1883280e-16  
-2.8118997e-18  -1.0418355e-15  1.3768447e-16  1.0000000   -1.1243302e-15  -1.2639308e-16  2.6719998e-16  -4.2892548e-16  2.5100037e-16  -3.8172103e-16  -2.4325431e-16  
8.0136872e-17  8.1427998e-16  7.4591638e-16  -1.1325512e-15  1.0000000   3.8724917e-17  -1.7283332e-16  4.7021446e-16  -2.8874779e-16  -4.7804867e-16  3.9151218e-16  
8.5900787e-17  -5.6157058e-16  -9.9907111e-17  -1.9974816e-16  1.2901982e-16  1.0000000   1.1061065e-16  -1.0656255e-16  -1.4961408e-16  -4.8161966e-16  2.3748940e-16  
2.3409384e-16  4.9493565e-16  -2.9222327e-16  6.8882307e-16  7.5021443e-18  7.5913554e-17  1.0000000   -3.0218700e-16  -4.3543237e-17  1.6787937e-16  1.4504592e-17  
3.8843801e-17  2.2042050e-16  8.0450671e-16  -3.2955590e-16  3.7999841e-16  -1.0760527e-16  5.8192716e-16  1.0000000   -9.1744267e-16  1.4877555e-15  6.7426872e-16  
9.2134461e-17  -3.6347256e-16  -1.1146993e-16  2.9295020e-16  -1.8566764e-16  -1.6432950e-16  3.0823656e-16  -8.7284728e-16  1.0000000   5.6645295e-18  -6.2949795e-17  
-2.5603308e-16  5.6017471e-16  -2.0558913e-16  -5.2720575e-16  -3.3580383e-16  -4.8059266e-16  3.6002746e-17  1.4755049e-15  -1.6240701e-16  1.0000000   4.1713006e-16  
1.4263077e-16  -1.0237812e-15  5.6133339e-16  -3.2513444e-16  3.9346713e-16  3.1698810e-16  1.4833580e-16  6.5098717e-16  6.2954877e-17  3.2014531e-16  1.0000000   
