1.0000000   -2.4433729e-17  -2.2857703e-16  1.0222860e-16  4.3737004e-16  -2.0897587e-16  -2.2000082e-16  -7.7536228e-16  2.0450181e-16  8.2897657e-17  -5.4029884e-16  
-4.7403388e-17  1.0000000   7.4048959e-16  1.0250511e-16  4.6351874e-17  2.1250231e-16  -5.0505861e-16  -5.6536366e-16  -7.0931244e-16  -2.4212100e-16  -9.3905034e-18  
-4.3417617e-17  5.0140916e-16  1.0000000   -1.5257991e-16  -3.6003124e-16  -5.8399236e-16  -4.0332782e-16  -4.8599280e-16  6.0893199e-17  -6.1502832e-16  1.1653140e-16  
2.0096761e-16  9.0485172e-17  -1.3646586e-16  1.0000000   -1.4145833e-16  -9.6260530e-17  6.4453164e-16  3.5369096e-16  -6.5033543e-16  -5.8100712e-16  1.8442272e-16  
3.8508078e-16  -3.1419932e-16  -2.9711814e-16  -1.0995426e-16  1.0000000   8.7410851e-16  -4.1957436e-16  1.5797396e-17  -4.8144282e-16  -3.9950781e-16  -1.0662959e-15  
2.0278232e-16  1.9539377e-16  -6.1322219e-16  -9.7814881e-17  7.3918325e-16  1.0000000   -3.8793848e-17  4.6458945e-17  -8.2722327e-16  -3.2168939e-16  -3.9011479e-16  
-3.7695285e-16  -3.1935562e-16  -2.4935460e-16  7.7061565e-16  -7.1770811e-16  -5.7954794e-17  1.0000000   -4.3938937e-16  3.3681779e-16  -5.8398923e-17  2.8704867e-16  
-4.8335536e-16  -4.0186243e-16  -3.2539303e-16  2.6761451e-16  -2.6001883e-16  2.8967478e-17  -5.3105920e-16  1.0000000   -8.7414732e-16  -1.2449398e-16  -2.1461951e-16  
9.1266872e-17  -7.0348424e-16  9.2871022e-17  -6.3927183e-16  -4.7977284e-16  -6.1891747e-16  3.2716903e-16  -8.1184831e-16  1.0000000   9.9605582e-17  -7.1044380e-16  
2.5413001e-16  -2.0365597e-16  -6.0172269e-16  -6.2042382e-16  -3.6124881e-16  -3.3618083e-16  -2.8940495e-17  -1.5477192e-16  1.1443288e-16  1.0000000   3.8879278e-16  
-1.7799124e-16  -3.1825842e-17  -2.1243586e-18  -4.0458886e-17  -9.9916853e-16  -4.2179393e-16  3.0266562e-16  -2.6611234e-16  -7.2742512e-16  3.6923056e-16  1.0000000   
