1.0000000   8.6502969e-18  -6.3338343e-16  7.2081159e-17  4.1908416e-16  4.5440578e-17  8.1595740e-17  -6.1003793e-18  2.3223377e-16  9.8575915e-17  3.7111425e-17  
-4.4123703e-18  1.0000000   -3.3292562e-17  -2.4740038e-16  6.9815208e-17  -1.0957286e-16  6.5690859e-18  -2.5136720e-17  -2.9598535e-16  9.7316775e-17  4.4943998e-16  
5.1362059e-16  5.2886672e-17  1.0000000   -1.6105642e-16  2.7927389e-17  2.3507565e-16  -6.2916728e-16  -8.7921763e-16  -2.2743948e-16  -1.4752963e-17  1.3095235e-16  
-1.3099955e-16  -2.6673214e-16  -1.4879148e-16  1.0000000   1.4915662e-16  -2.7210408e-16  5.0439645e-16  -4.5003841e-16  -2.9679229e-16  1.9365045e-16  -7.2677290e-16  
-8.3019492e-17  2.9637057e-17  1.2446954e-16  1.1421093e-16  1.0000000   -1.9235024e-16  -6.6188372e-16  -1.4261508e-16  1.2108785e-16  1.2540065e-16  -4.9816099e-17  
4.0602520e-17  -1.8214459e-16  1.9334000e-16  -1.8832978e-16  -1.4833013e-16  1.0000000   4.1759535e-16  9.4531355e-17  -1.1933893e-15  -3.6727891e-16  -1.1817297e-16  
-1.6435398e-16  7.8205977e-16  -3.7240101e-16  5.0446190e-16  -1.4078641e-17  3.7305577e-16  1.0000000   -2.9115253e-16  -1.9073187e-16  -5.5842721e-16  -5.0260209e-16  
3.4853452e-17  -2.3500805e-17  -8.8735038e-16  -4.1716452e-16  -1.5961690e-16  9.1581608e-17  -2.3507414e-16  1.0000000   -1.4144021e-17  -2.7891802e-16  -1.8929492e-16  
-9.5219151e-18  -2.3004143e-16  -2.9932525e-16  -3.2755276e-16  1.7507287e-16  -1.2012034e-15  8.2923911e-17  7.2676671e-17  1.0000000   -4.7457413e-17  -2.5503484e-16  
6.6929773e-17  1.0563003e-16  -8.2721464e-17  1.8368439e-16  9.0870240e-17  -2.6475710e-16  -7.7186743e-16  -3.2840111e-16  -1.4859337e-16  1.0000000   -3.6187577e-16  
3.6591363e-16  3.6239884e-16  4.4519311e-16  -6.4321819e-16  1.8025949e-16  -2.1633768e-16  1.1752576e-15  -1.4394139e-16  -5.1949378e-17  -3.5928194e-16  1.0000000   
