1.0000000   -1.2206669e-18  -2.0716204e-16  1.9599366e-17  -1.6504168e-17  -3.3996620e-16  -1.1414831e-16  1.1301967e-16  -2.4375126e-16  4.1315426e-16  -1.5336678e-16  
-3.1788445e-17  1.0000000   -1.6519201e-17  -5.2326253e-16  4.0154974e-16  2.3571522e-16  -8.0789518e-17  -3.9573999e-17  -5.7422583e-16  -3.7011692e-16  -6.9499743e-16  
-2.4779068e-16  -2.6337357e-17  1.0000000   -8.1379664e-19  1.0411427e-15  -2.1654079e-16  1.0217354e-17  4.2820381e-16  3.6985416e-17  9.6279666e-17  -3.1000309e-16  
-1.3034265e-16  -5.0749462e-16  4.9724380e-19  1.0000000   -5.5275255e-16  3.8576226e-16  -3.4245418e-17  -9.6772173e-16  -3.3253216e-16  8.2978348e-17  -5.0936417e-16  
-1.1568539e-16  7.0937850e-16  2.6348659e-16  -5.5284521e-16  1.0000000   9.3584277e-17  1.0030300e-16  1.2881797e-16  -5.0885257e-16  -6.6232049e-16  2.6847893e-16  
-2.5474389e-16  2.2935727e-16  -1.8090377e-16  3.8303414e-16  1.0743441e-16  1.0000000   -2.8512477e-17  4.3252335e-16  6.1492302e-16  8.2750101e-16  1.3737805e-15  
1.2682284e-16  -9.8721183e-17  4.2572637e-17  -7.5339059e-17  1.0961354e-16  -2.6146370e-17  1.0000000   8.8676972e-17  -1.3838523e-16  -1.8334830e-16  -1.9964567e-18  
5.1828939e-17  -2.4194839e-16  3.9115610e-16  -9.6671419e-16  1.5411103e-16  4.1047659e-16  1.2580092e-16  1.0000000   -1.1126946e-16  -1.0220579e-16  4.6218816e-16  
-2.4141375e-16  -5.5475155e-16  3.3232678e-17  -4.3417557e-16  -5.0826178e-16  5.9359708e-16  -1.6820285e-16  -1.1702891e-16  1.0000000   5.5780879e-17  1.5101685e-16  
2.1948008e-16  -3.7408912e-16  1.2634038e-16  1.5186724e-16  -6.5347515e-16  6.9976122e-16  -8.9700996e-17  -1.5669756e-16  1.1708288e-16  1.0000000   -8.2306615e-17  
-2.9573415e-16  -6.9633879e-16  -3.1406544e-16  -6.2068711e-16  2.7064215e-16  1.2689498e-15  4.4121946e-17  4.5300908e-16  2.1039665e-16  -2.4113503e-16  1.0000000   
