1.0000000   1.1249848e-16  -3.9731120e-16  -1.0985388e-16  5.7573920e-16  -8.4096085e-17  1.2885333e-16  -4.5090499e-16  3.2103700e-16  -2.5738288e-16  3.5595666e-18  
7.8623562e-17  1.0000000   2.0620266e-17  3.7072657e-16  4.0253507e-16  1.4182175e-16  1.2280146e-16  -1.8712074e-17  3.1793566e-17  4.3633271e-17  2.0251464e-16  
-3.0645451e-16  -7.4032403e-17  1.0000000   -7.1882834e-16  1.1615355e-16  -3.4230607e-16  -2.2826630e-16  1.1840621e-16  -1.9860743e-16  1.9224645e-16  9.6919204e-17  
-4.5108067e-16  3.7243016e-16  -6.0163912e-16  1.0000000   2.0185862e-16  -8.4040755e-16  -1.8898638e-16  9.0509837e-16  -1.0408805e-15  -3.8718956e-16  4.8790898e-16  
6.6644565e-16  2.9387231e-16  2.6826251e-16  1.9854443e-16  1.0000000   -3.8717685e-16  1.0550356e-15  6.1585972e-16  3.9070497e-16  8.8870821e-16  1.0208564e-15  
1.5861566e-16  1.4598466e-16  -4.5738919e-16  -8.4368353e-16  -4.7185333e-16  1.0000000   4.9520842e-17  6.4200590e-16  5.1758689e-16  8.8500286e-16  8.5690088e-18  
4.0535039e-18  1.2910197e-16  -2.3089851e-16  8.4826771e-17  1.0906799e-15  -9.0649731e-18  1.0000000   -4.7576096e-16  3.8232336e-16  -9.7089520e-16  6.1210074e-16  
-9.3458950e-17  2.7480709e-16  4.5184470e-17  9.1614773e-16  5.1857508e-16  6.6070255e-16  -4.1337725e-16  1.0000000   2.1532022e-16  -3.3601621e-16  -9.7312735e-16  
2.1104657e-16  3.5798938e-16  -2.8608547e-16  -1.1715913e-15  8.9772284e-17  5.6727792e-16  4.6640478e-16  3.4061942e-16  1.0000000   -8.9765084e-17  -6.0460704e-16  
-2.8825288e-16  1.0702305e-16  -4.0569837e-17  -6.2187475e-16  4.9584712e-16  1.0700646e-15  -1.0598864e-15  -6.1298252e-18  2.4413702e-16  1.0000000   -4.5065753e-16  
-5.3479940e-18  2.9762277e-16  -4.9902099e-16  5.9100242e-17  -1.8794348e-16  1.9017245e-16  7.1533372e-16  -1.2529650e-16  4.6344052e-16  -2.7752738e-16  1.0000000   
