1.0000000   1.3004090e-16  1.4336809e-16  -1.6968265e-16  3.1859294e-16  2.2062837e-16  4.2403878e-17  3.2623836e-16  1.5949293e-16  -2.1299159e-16  -1.0163146e-16  
1.1440458e-16  1.0000000   -1.4599918e-18  2.9005174e-16  -1.7097669e-17  -7.3254863e-17  -5.8929802e-16  -3.8021813e-16  -2.7985633e-16  1.7318413e-16  1.6545818e-16  
3.3157451e-16  1.7513195e-16  1.0000000   1.0028006e-15  -6.9933577e-16  -2.3874352e-18  4.8129334e-17  7.9079249e-17  -1.0769082e-15  -1.3676202e-16  4.5291910e-16  
-2.4402837e-16  2.3267324e-16  9.8691241e-16  1.0000000   2.1260990e-16  -3.0410757e-16  -5.9196107e-16  3.6308881e-16  4.0921477e-16  1.9268490e-16  -5.9672709e-16  
2.0068661e-16  5.9495475e-17  -7.8409349e-16  1.8689861e-16  1.0000000   -3.3848941e-16  4.8850370e-16  -6.8890747e-17  1.6852438e-16  2.0917478e-16  9.8503664e-16  
1.7623671e-16  -7.8695987e-17  3.0078669e-18  -1.6028481e-16  -2.6415928e-16  1.0000000   -7.0510423e-16  -2.7817701e-16  1.0414246e-15  5.6966975e-16  -3.1686147e-16  
2.7872492e-16  -6.7955647e-16  1.4504988e-16  -6.1227825e-16  2.4225070e-16  -7.0800052e-16  1.0000000   -4.6697403e-16  3.3216582e-16  -3.3522223e-16  -3.3380923e-16  
3.2904627e-16  -3.2627086e-16  -2.8452302e-16  3.6217073e-16  -4.9268048e-16  -2.7214614e-16  -5.5137127e-16  1.0000000   2.4079529e-16  -8.3407284e-16  4.2197699e-16  
2.1395935e-16  -3.0462243e-16  -1.2826417e-15  5.4951183e-16  -1.2724965e-16  1.0396020e-15  3.8922828e-16  2.5336183e-16  1.0000000   -3.0509180e-16  -8.0138126e-16  
-3.1124215e-16  1.7376724e-16  2.3081949e-16  1.4322207e-16  7.1232251e-16  5.4513320e-16  -3.7917736e-16  -8.8032024e-16  -2.9004392e-16  1.0000000   6.9809279e-18  
-1.7874089e-16  2.2136841e-16  -6.5127601e-16  -4.4999388e-16  -1.4137170e-15  -3.0025285e-16  -4.2179467e-16  5.6736850e-16  -8.1716487e-16  -3.1294585e-17  1.0000000   
