1.0000000   2.9944449e-17  -1.9612994e-16  -4.7736284e-16  -1.4105165e-16  -5.0758334e-16  -2.2682496e-16  1.8806886e-17  -2.2793368e-16  3.8843674e-16  -5.1340216e-16  
-2.8045173e-17  1.0000000   -5.7475701e-16  -1.4445583e-16  -3.8113564e-16  3.3830482e-16  6.6313929e-16  9.6261494e-16  -3.6838562e-16  -7.7970125e-16  -2.5838837e-16  
4.9320350e-16  -5.1997198e-16  1.0000000   1.1602919e-15  -2.7742480e-16  -2.8212870e-16  -4.7194236e-16  -4.0125561e-16  -4.6924901e-16  3.6457125e-16  1.0731089e-15  
-2.4032697e-16  -1.7645185e-16  1.0501212e-15  1.0000000   2.8008932e-16  -1.3293061e-16  3.7566501e-16  4.2302792e-16  -4.2431537e-16  -6.6098546e-16  -3.6641248e-16  
-1.3341530e-16  -5.0828452e-16  -2.6341324e-17  4.4631367e-16  1.0000000   3.3612057e-16  1.5758141e-16  -3.5800499e-16  3.1556972e-16  -4.4038470e-17  -5.2894921e-16  
-4.3314267e-16  -7.2187072e-17  -8.4601654e-17  -2.3376128e-16  5.1802777e-16  1.0000000   1.5904465e-15  -6.7017342e-16  -1.8959680e-16  3.3028352e-17  3.9603534e-16  
-4.3828458e-16  9.8736071e-16  -2.8300128e-17  1.0807658e-15  -3.9598748e-16  7.9765212e-16  1.0000000   -4.4797130e-16  2.7349369e-16  -2.5264236e-16  -1.5806629e-16  
2.2579658e-16  6.1794125e-16  -5.4067837e-16  -4.0158827e-16  2.9012435e-16  3.8995502e-16  -3.2313739e-16  1.0000000   -4.8898868e-16  6.5134045e-16  -4.0318429e-16  
-1.6867967e-16  -1.1122383e-16  -2.9342796e-16  3.5955940e-17  -6.5546017e-17  -6.9459934e-16  2.1126353e-16  -3.8999292e-16  1.0000000   6.0145271e-16  -5.9453243e-17  
2.4731423e-16  -8.9898006e-16  3.8757670e-16  -5.7746051e-16  -3.5698840e-19  3.2944572e-17  -3.0830703e-16  6.9969779e-16  4.1283589e-16  1.0000000   6.2883107e-16  
-5.6652128e-16  -2.6931878e-16  1.0652218e-15  -4.4776279e-16  -4.2533844e-16  4.2745433e-16  -1.6288105e-16  -3.7517461e-16  3.0833693e-17  5.5101230e-16  1.0000000   
