1.0000000   5.9531799e-16  -8.8700444e-16  -3.6568810e-17  -9.2839013e-17  -5.0954585e-16  3.0735727e-16  -1.0479967e-16  -5.5970802e-17  -6.5658068e-17  2.4501019e-16  
5.7888460e-16  1.0000000   1.9195728e-16  -4.4310983e-17  -4.4463951e-16  1.4884285e-16  -2.4410481e-16  5.1133904e-16  2.4897574e-17  -1.1558430e-16  7.4425897e-16  
-5.6549501e-16  2.2847148e-16  1.0000000   3.0470586e-16  1.8031141e-16  -9.1139833e-16  -2.1092955e-16  5.2550050e-16  5.6967787e-16  2.6688905e-17  -5.3117436e-17  
-2.2150879e-16  1.8554118e-18  2.9866194e-16  1.0000000   1.8080753e-16  -4.1707374e-16  1.0059905e-16  3.1016227e-16  1.8809831e-16  1.7183429e-16  1.9944748e-16  
-1.9678552e-16  -3.9731569e-16  1.3351460e-16  1.3938326e-16  1.0000000   -5.1329302e-16  -6.3199068e-16  1.0249801e-15  -5.2171745e-16  9.9448252e-18  9.0676571e-16  
-2.6393999e-16  1.4718747e-16  -1.0861289e-15  -4.3862976e-16  -5.5178070e-16  1.0000000   -5.8091087e-16  -1.3953912e-16  -3.8999763e-16  -2.7746942e-16  -1.2375710e-15  
3.4928813e-16  -3.7014629e-16  3.8568831e-17  1.0568749e-16  -5.2585224e-16  -7.2152525e-16  1.0000000   -3.6067454e-16  5.0442154e-16  -3.1628588e-16  -2.2395890e-16  
-2.6085869e-16  3.8238625e-16  3.3706474e-16  3.1504451e-16  9.9879583e-16  -4.6826102e-16  -3.0250466e-16  1.0000000   -7.4493376e-16  -4.4559989e-16  -7.7359519e-16  
3.5960822e-17  -1.3952709e-17  4.1141542e-16  1.9469659e-16  -2.8092835e-16  -3.2110702e-16  5.6485391e-16  -7.2749084e-16  1.0000000   -7.7220916e-17  6.3185863e-16  
-3.2499405e-17  -1.2230961e-16  1.4334788e-16  1.3266181e-16  3.6844798e-17  -2.7232585e-16  -3.5935815e-16  -5.2787265e-16  8.4525931e-17  1.0000000   2.6519807e-16  
1.9251384e-16  7.2060023e-16  -4.4054184e-17  3.3213164e-16  8.5616227e-16  -1.2798363e-15  -2.3795210e-16  -6.9786536e-16  6.4426935e-16  1.6945106e-16  1.0000000   
