1.0000000   -7.0403776e-16  -3.9400875e-16  -1.0475317e-16  5.2003421e-16  -5.1201343e-16  -1.3310172e-15  3.9604435e-16  -1.7784294e-16  2.3030638e-16  2.5038545e-17  
-7.7484166e-16  1.0000000   -8.2621694e-17  3.6807530e-16  -7.0657683e-17  -1.7109728e-16  -4.2988784e-16  -2.3786534e-16  -2.9076020e-16  -3.8561669e-16  3.8309866e-16  
1.6863671e-16  -5.2464777e-17  1.0000000   -1.4969449e-16  -6.1714342e-17  -3.4902791e-16  1.3840497e-17  -5.9958624e-16  -6.4456686e-16  4.2448141e-16  2.7440988e-16  
-2.2457804e-16  3.1216966e-16  -2.0312966e-16  1.0000000   4.7656850e-16  1.2716374e-15  -1.3235462e-15  1.4897306e-16  6.1387624e-16  -7.7505023e-16  -3.8931540e-16  
3.5924664e-16  -1.6507958e-16  -6.7024567e-17  3.9834803e-16  1.0000000   2.9829722e-16  -4.2582490e-17  5.4621757e-16  3.1648015e-16  -3.2431467e-16  3.6461677e-16  
-4.6448795e-16  1.1841602e-16  -4.0364593e-16  1.2633409e-15  2.7064547e-16  1.0000000   1.6687231e-16  3.7799036e-16  1.4481915e-16  -2.6751280e-16  -4.2168349e-16  
-9.8675466e-16  -7.8717713e-17  2.7717288e-16  -1.2823556e-15  -2.6607413e-17  5.5818505e-17  1.0000000   1.3830927e-16  8.2737474e-16  -1.8017018e-16  -8.0991978e-16  
2.8645184e-16  -2.5637366e-16  -4.7272958e-16  4.2678777e-17  6.7792654e-16  2.9539631e-16  -2.7858257e-16  1.0000000   -2.0135177e-17  1.3405319e-15  6.1117154e-16  
-1.0956560e-16  -2.0112019e-16  -7.3643979e-16  6.8018031e-16  1.8094138e-16  1.8036334e-16  1.1928394e-15  4.5423252e-17  1.0000000   -7.5964740e-17  9.0690060e-16  
1.5577031e-16  -1.1827052e-16  1.1411783e-16  -6.3235170e-16  -6.3180707e-16  -8.2069704e-17  6.1642622e-16  1.3329391e-15  -1.2953108e-16  1.0000000   6.7408152e-17  
6.8949011e-17  4.4186810e-16  2.7229229e-16  -3.5229794e-16  3.6184358e-16  -5.2785357e-16  -7.1653397e-16  7.4206566e-16  8.0572315e-16  -2.8766509e-17  1.0000000   
