1.0000000   3.9613414e-16  1.1850160e-18  -2.0160829e-16  2.1413545e-16  1.0923749e-16  -1.3894403e-16  -4.3481301e-16  -1.7263915e-16  6.8042709e-16  -1.8096676e-17  
3.0489280e-16  1.0000000   2.0453516e-16  1.4060948e-15  5.4138693e-16  3.1735991e-16  -3.0865589e-16  8.4375388e-16  2.2711971e-16  1.2876388e-16  5.0043303e-16  
-2.1094066e-16  1.9548673e-16  1.0000000   -3.2841862e-16  8.7287788e-16  4.2153651e-16  -1.2171917e-15  -1.2282998e-15  -7.0173087e-16  -3.1044808e-16  2.2615362e-16  
1.5363602e-17  1.1122139e-15  1.1718483e-16  1.0000000   -1.0122499e-16  -6.9507804e-16  7.9976114e-16  -2.6199317e-16  2.6334892e-16  -5.5264561e-16  -7.5399612e-16  
3.4305009e-16  3.9416049e-16  8.8147374e-16  -1.7533917e-16  1.0000000   -1.0344538e-15  -7.7141273e-16  -7.2420837e-16  -6.2389572e-16  1.9338098e-17  5.9593213e-16  
2.2649864e-16  4.1210037e-16  3.7113754e-16  -5.1835058e-16  -1.0113163e-15  1.0000000   -8.5490017e-16  3.1654110e-16  -2.3356024e-16  6.0218862e-16  1.1971434e-15  
-2.3511387e-16  -4.2316253e-16  -1.5873705e-15  -6.4978836e-17  -6.5827636e-16  -7.1103203e-16  1.0000000   8.3928882e-16  -5.9540978e-16  3.1848940e-17  -5.9215650e-16  
-2.7510523e-16  7.5895618e-16  -1.2482388e-15  -8.7104716e-16  -7.1877709e-16  3.5018703e-16  9.0047900e-16  1.0000000   8.8518949e-16  9.4822357e-16  9.0511675e-16  
-3.0595110e-16  2.5720359e-16  -7.3502102e-16  3.1006624e-16  -5.5410508e-16  -2.5977312e-16  -5.2678672e-16  8.3543095e-16  1.0000000   -3.1861858e-16  -1.1378702e-16  
5.0181800e-16  2.4211334e-16  -5.6048855e-16  -5.7426234e-16  4.7939691e-17  6.4759950e-16  -5.5931342e-17  8.6031847e-16  -3.6991798e-16  1.0000000   3.9808177e-16  
-1.6365820e-16  5.5288769e-16  2.6924708e-16  -7.5580623e-16  5.7348694e-16  1.1610103e-15  -6.7509119e-16  9.1880523e-16  -3.4542004e-18  3.3386735e-16  1.0000000   
