1.0000000   7.4966464e-17  1.0595602e-16  5.1665122e-17  -1.8149172e-16  3.2440633e-16  -8.3448589e-17  -4.7172610e-16  -1.0442561e-16  3.8417155e-16  -5.7861747e-18  
1.1961611e-16  1.0000000   2.7629846e-16  2.5007535e-16  1.3583432e-16  -7.2441671e-16  -5.8810602e-16  -3.3115064e-16  -5.9167861e-16  -1.1562092e-15  -8.5304722e-17  
4.1306191e-16  2.0859220e-16  1.0000000   1.5700609e-15  3.8748403e-16  -2.9373397e-16  1.5841194e-16  5.2518265e-16  -3.5691497e-16  -4.3262419e-16  -2.1432033e-16  
-1.1243847e-16  2.7349505e-16  1.5268045e-15  1.0000000   -9.3478653e-16  7.2162791e-17  -3.6442728e-16  1.5142678e-16  -2.7889024e-16  1.2343323e-15  3.3226439e-18  
-2.6635718e-16  -1.2102925e-16  4.8408789e-16  -9.1405641e-16  1.0000000   -7.1296111e-16  -4.1924189e-17  -8.4016655e-16  5.3762352e-16  3.3034243e-16  -3.0454116e-16  
3.8127064e-16  -4.2920816e-16  5.8486819e-16  5.2333494e-17  1.8407615e-15  1.0000000   -1.1738174e-17  2.2977868e-16  -5.2970581e-16  5.2751404e-16  1.7709898e-16  
8.7766392e-17  -4.9113177e-16  1.4228414e-16  -2.9270736e-16  -1.3962839e-16  1.0911563e-16  1.0000000   3.5286950e-16  -4.1734515e-17  -1.3318054e-16  7.5425995e-17  
-4.7282825e-16  -2.9124115e-16  5.1357741e-16  6.2737455e-17  -6.2796794e-16  2.8537731e-16  2.9214618e-16  1.0000000   -4.9206647e-16  1.2303789e-16  -9.6579762e-17  
-1.6307592e-16  -3.9046817e-16  -6.2818738e-16  -3.8616944e-16  7.3099529e-17  -3.5706316e-16  -1.7636049e-16  -4.5661232e-16  1.0000000   -5.2788882e-16  5.4386402e-17  
2.6809616e-16  -7.0548967e-16  -3.1940572e-16  1.1911752e-15  5.1897568e-16  8.2622225e-16  -1.6597550e-16  1.8726487e-16  -6.1794347e-16  1.0000000   -5.0997766e-17  
-5.3252829e-18  -9.9457644e-17  -2.0885324e-16  -6.9737228e-18  -3.0921373e-16  1.7526399e-16  8.0080755e-17  -6.8076544e-17  6.3503625e-17  -5.6755830e-17  1.0000000   
