1.0000000   -7.2611047e-16  5.4370652e-16  6.7943567e-16  -2.7341910e-16  1.4158480e-16  2.1018306e-16  5.7034981e-16  -3.4396998e-16  1.2828109e-16  6.0633768e-17  
-7.1979583e-16  1.0000000   9.4905540e-16  -6.5887903e-16  -6.8681084e-17  -3.3774620e-16  -5.3577849e-16  -1.4828301e-16  -2.9909662e-16  -4.6528843e-16  -2.1367017e-16  
1.5337088e-16  8.3871352e-16  1.0000000   1.2884640e-16  1.4453533e-16  6.8719283e-17  1.1674611e-16  2.0935011e-17  1.6745528e-17  -1.3124794e-15  -3.8458560e-16  
7.5228617e-16  -3.2659168e-16  -4.4271544e-16  1.0000000   -2.2621762e-16  -3.6197565e-16  4.1016580e-16  -2.7755561e-16  3.9860721e-16  -2.1965044e-16  -3.0725697e-16  
3.4826030e-17  2.3284328e-16  1.5254098e-16  -2.6161775e-16  1.0000000   8.8383956e-16  -6.0924276e-16  -1.5041937e-16  3.3489046e-16  4.1755019e-17  1.2986032e-16  
2.4528312e-17  -4.2430412e-16  3.1574646e-16  -3.5556991e-16  8.8928959e-16  1.0000000   -3.2076349e-16  5.9368364e-16  1.8442561e-16  4.5422093e-16  -2.2460180e-16  
-3.6651199e-16  -2.2135919e-16  -3.8318046e-17  2.2523922e-18  -6.4669744e-16  -4.3499228e-16  1.0000000   2.1034961e-16  -3.5630438e-16  -1.2313532e-15  -2.0569149e-16  
4.3541802e-16  -1.6390263e-16  9.1783783e-17  -2.2410390e-16  -2.0846166e-16  6.4790129e-16  1.2229418e-16  1.0000000   3.5294226e-16  -5.5461636e-16  6.1220847e-16  
-2.3998789e-16  -2.4426864e-16  -3.2617502e-18  4.2439275e-16  3.1471799e-16  1.2202516e-16  -4.0938644e-16  3.9531849e-16  1.0000000   5.0419433e-16  -2.4737597e-18  
5.9236289e-17  -5.7324963e-16  -1.2874920e-15  -2.4670440e-17  2.0707904e-17  4.1735471e-16  -1.1350572e-15  -6.4372485e-16  5.0377669e-16  1.0000000   5.3847579e-16  
1.2850549e-18  -8.8349163e-17  -3.4302242e-16  -6.2875849e-16  1.8992427e-16  -1.5023061e-16  -2.3410301e-16  5.9614943e-16  1.7331141e-17  6.3301101e-16  1.0000000   
