1.0000000   -1.4051960e-17  -1.0545698e-16  -4.1106540e-16  1.8402440e-17  1.4305275e-16  -2.0286279e-16  1.9212807e-16  3.4550774e-16  -3.9186172e-16  -1.0245262e-16  
7.0854565e-18  1.0000000   5.9413765e-17  2.6808069e-16  -7.0115346e-17  -1.1386192e-16  -3.5811222e-18  -2.8108286e-17  -3.2095210e-17  3.8225686e-17  1.5063389e-17  
-2.0753917e-17  3.4426742e-17  1.0000000   -8.2146556e-16  -1.8180616e-16  6.1485293e-16  1.1675544e-16  2.6219117e-16  -1.3796488e-16  1.0492442e-16  1.5031869e-16  
-4.4357806e-16  -2.3672119e-16  -8.1427586e-16  1.0000000   -2.9182799e-16  -6.4929940e-16  -1.4795278e-16  3.9575162e-16  1.7269554e-16  -9.0156665e-18  1.6260491e-16  
2.5720825e-16  -5.4966183e-17  -1.8120912e-16  -2.5428991e-16  1.0000000   3.3999985e-16  5.8569872e-17  7.6594682e-16  4.6378453e-16  -5.3379290e-16  1.0701452e-16  
9.4192590e-17  2.0561495e-16  4.4811655e-16  -2.7972293e-16  3.3818147e-16  1.0000000   -3.4122542e-16  -6.2690429e-16  -1.5766451e-16  4.2409539e-16  1.1253594e-16  
-5.7115454e-16  -1.2415585e-17  -6.8398365e-17  -1.4218752e-16  7.3548164e-17  -3.1286424e-16  1.0000000   1.6417931e-16  -1.4819834e-16  4.1830964e-16  -1.2706113e-16  
1.7552111e-16  -1.1310354e-16  2.0186724e-16  2.9361403e-16  8.0743837e-16  -5.8768805e-16  1.8250843e-16  1.0000000   -4.5313809e-16  7.6925831e-17  9.7286968e-17  
2.6371715e-16  2.1757316e-17  -1.5679645e-16  1.8190333e-16  4.6562085e-16  -3.0860242e-16  5.4743061e-17  -4.4500309e-16  1.0000000   2.1838298e-16  -2.4159700e-16  
-4.4327743e-16  3.8145844e-16  1.4420066e-16  1.5620742e-16  -5.9169715e-16  -3.4387308e-16  3.6770357e-16  2.6435267e-16  3.7675836e-16  1.0000000   -2.4456128e-16  
-1.4920218e-16  9.7584747e-18  1.5704515e-16  2.6414384e-16  1.0463111e-16  7.4669849e-17  -1.0355764e-16  2.8741259e-17  -2.2374102e-16  -2.0108181e-16  1.0000000   
