1.0000000   -3.4912883e-17  -1.7264179e-16  9.8488990e-18  -5.4184727e-17  -1.4056605e-16  -5.2135999e-17  -9.1603815e-17  1.3832622e-17  2.4058190e-17  -9.5440761e-17  
-1.3407302e-16  1.0000000   2.0098600e-16  1.0989026e-16  2.0826288e-16  7.4310560e-16  -4.7078627e-16  -4.0776330e-16  -4.4208217e-16  -2.1433916e-16  7.2562009e-16  
1.7770310e-16  1.8863831e-16  1.0000000   -3.3544886e-16  -8.1483934e-16  -8.5110403e-16  2.0212006e-17  -5.3140182e-16  -1.2921482e-15  1.0478156e-16  2.0522439e-15  
1.1184623e-16  -1.5530010e-16  -3.2093294e-16  1.0000000   -3.3712537e-16  2.5450905e-16  6.6679561e-16  -3.6890175e-16  -3.3237440e-16  1.4941586e-16  6.0314844e-16  
1.2915062e-16  9.8834981e-18  -7.9395244e-16  -3.0712006e-16  1.0000000   3.5417219e-16  -1.7241528e-17  2.2563163e-16  1.6120676e-16  -9.5988187e-16  -5.6688188e-16  
1.4353242e-16  5.3569254e-16  -9.1866494e-16  2.5246244e-16  4.5049214e-16  1.0000000   -6.4354968e-16  2.6497761e-16  2.7038583e-16  4.9417703e-16  -4.0496137e-16  
5.0682585e-17  -3.7953612e-16  -2.4006571e-16  8.5458873e-16  1.8578920e-16  -3.6091791e-16  1.0000000   1.6101205e-16  1.2211960e-17  -4.4500111e-16  5.5051128e-16  
2.1452609e-16  -3.2351778e-16  -5.3789874e-16  -3.9390727e-16  3.8803837e-16  2.2017855e-16  2.2914808e-16  1.0000000   3.7640105e-16  -3.4503286e-16  -4.9902438e-16  
-1.2535494e-17  -5.1524389e-16  -1.2558839e-15  -4.4867701e-16  2.3257621e-16  2.1870328e-16  -2.9435875e-16  3.5041327e-16  1.0000000   1.7339614e-17  5.6040377e-16  
6.3079007e-17  -2.5486347e-16  4.1353062e-17  2.7267218e-17  -1.0692344e-15  6.0082824e-16  -7.6366378e-16  -2.2663510e-16  3.5941064e-17  1.0000000   3.3576344e-16  
3.2371958e-17  5.7996854e-16  2.0356235e-15  4.0354810e-16  -5.9536760e-16  -6.3263366e-16  3.9926846e-16  -5.7920875e-16  4.6277645e-16  4.3471552e-16  1.0000000   
