1.0000000   -9.0443842e-17  7.3850412e-18  -1.9106828e-16  -3.4534139e-16  1.8813556e-16  -2.4682211e-16  -4.5668016e-16  5.6246118e-17  1.6060408e-16  1.1264202e-17  
-7.3430552e-17  1.0000000   -2.2583380e-17  -2.1157345e-16  -1.5364483e-16  -3.3062730e-16  -5.1814573e-17  9.8007626e-17  2.4346367e-16  -3.4684271e-16  -7.7492497e-16  
-2.8486316e-17  -1.7583671e-17  1.0000000   -3.7808708e-16  -2.1837548e-16  -7.4153214e-16  -8.1507128e-16  -2.9287855e-16  -1.2976975e-16  1.9622864e-16  4.5457203e-16  
-1.5016658e-16  -8.7644990e-17  -2.3275063e-16  1.0000000   4.2862919e-16  -3.4730458e-16  -1.4578976e-17  2.7292647e-16  8.2261154e-17  2.0820843e-16  6.2583245e-16  
-3.4953765e-16  -1.6830912e-16  -2.1099130e-16  4.1972712e-16  1.0000000   3.8727401e-16  7.3210418e-16  -6.3594301e-16  -3.8232766e-16  -3.2970483e-16  -2.4643030e-16  
4.5690475e-17  3.3143908e-16  -6.6658923e-16  3.9993539e-17  3.5897479e-16  1.0000000   2.3228163e-16  -3.2992106e-16  8.1221940e-16  1.0810688e-17  5.0798009e-17  
-6.3253761e-16  -1.0123605e-16  -7.6034317e-16  -2.4102078e-17  5.0385430e-16  1.1664409e-16  1.0000000   -3.4016464e-16  -5.4940853e-16  1.6107555e-16  -5.3270957e-16  
-2.3267211e-16  -1.3575763e-16  -2.6124350e-16  2.7609302e-16  -5.8270465e-16  -7.5702754e-16  -3.3394504e-16  1.0000000   -2.2317549e-16  5.7152027e-16  -4.1534068e-16  
3.1793515e-16  4.5335989e-16  -1.2160176e-16  3.9992178e-17  -2.6002516e-16  1.2493375e-15  -6.4593697e-16  -2.3305748e-16  1.0000000   1.0106347e-15  1.3547787e-16  
-1.1364331e-17  1.6069277e-16  6.9809312e-17  6.5949456e-17  -4.1497846e-16  1.3160082e-15  1.7003624e-16  4.9248028e-16  1.0224228e-15  1.0000000   3.5467673e-16  
3.9216145e-18  -8.0140839e-16  4.5236555e-16  6.1868281e-16  -2.4720263e-16  1.2456498e-17  -5.4534831e-16  -4.9966303e-16  1.8496717e-16  3.3603946e-16  1.0000000   
