1.0000000   9.4313178e-17  4.1468094e-16  -5.1759934e-17  1.9209116e-16  9.5174293e-17  1.6269605e-17  9.8813011e-17  -8.8373726e-17  -1.5512360e-16  5.2800944e-17  
6.9240185e-17  1.0000000   1.9398847e-16  -5.3714524e-16  1.9852043e-17  1.0181808e-15  7.3005402e-17  1.3846564e-16  5.1934014e-17  1.0828807e-17  -3.3696040e-16  
-3.6151624e-16  3.4149057e-16  1.0000000   1.0874983e-16  -3.6201979e-17  3.4883711e-17  3.9688720e-17  -5.0458874e-16  -1.7532721e-16  5.6078013e-16  1.2417096e-15  
-1.6409935e-16  -2.0150246e-16  1.7130177e-16  1.0000000   -4.9810819e-16  -9.3770142e-16  -1.1859321e-16  6.0952875e-16  9.6654769e-16  -9.6485423e-16  2.1837088e-16  
-1.5624482e-17  -4.0701578e-17  4.0894613e-17  -2.1027405e-16  1.0000000   1.3870328e-15  -4.4756754e-16  1.9311569e-16  -2.4795002e-16  5.1936872e-16  -8.8421936e-16  
-1.3030724e-17  8.2434983e-16  8.7607905e-17  -1.0453012e-16  1.3903503e-15  1.0000000   -2.8974696e-16  6.1928347e-16  -2.4281631e-17  3.6236576e-16  -3.4218821e-16  
-1.0066614e-16  -9.5463049e-19  -9.3375644e-17  -2.5670313e-16  -5.1406159e-16  -2.0300855e-16  1.0000000   5.0680959e-16  1.4396785e-16  -3.9599173e-16  -9.5851287e-17  
1.5750682e-16  1.1014301e-16  -4.9010884e-16  5.5522218e-16  2.3371291e-16  6.1919366e-16  4.9330137e-16  1.0000000   7.0646084e-16  4.2512414e-16  -3.4226314e-16  
7.4615145e-17  4.1217839e-17  -3.1309494e-17  8.7345527e-16  -1.8689243e-16  -2.4251339e-17  1.8732766e-16  8.6606112e-16  1.0000000   1.8080580e-17  4.9613007e-16  
2.7852132e-16  5.5985728e-17  6.3202584e-16  -9.7597223e-16  5.6557159e-16  2.9581467e-16  -4.2119661e-16  4.5571816e-16  1.1249826e-16  1.0000000   -4.6992033e-16  
-5.6373345e-17  -2.0411271e-17  1.3963524e-15  8.3678861e-17  -1.0325015e-15  -8.2608603e-16  -1.1353754e-16  -2.7160471e-16  5.4183935e-16  -5.1217711e-16  1.0000000   
