1.0000000   -7.2299256e-17  -1.2267627e-16  -2.9604422e-16  -7.0724630e-17  1.2241257e-16  -7.7830529e-17  1.6115598e-16  -9.7814324e-17  -1.0340364e-16  9.9992994e-17  
-1.5398045e-17  1.0000000   -7.2738210e-18  2.6183486e-17  5.3994647e-16  2.8180040e-16  -8.9168500e-16  -1.1161035e-15  -1.2715140e-16  3.1645154e-16  5.4593195e-16  
-9.2450025e-17  -1.1489631e-16  1.0000000   -3.4550798e-16  -2.0193332e-16  -3.6544751e-16  -3.3623211e-16  -1.4388214e-16  -4.6720379e-16  -5.4604430e-16  2.1613740e-17  
-3.9832480e-16  9.5435219e-18  -3.1562064e-16  1.0000000   -3.0325333e-17  5.9145612e-16  -5.8744579e-18  -3.5439877e-16  -5.5031005e-16  -8.1461610e-17  4.0641064e-17  
4.9187616e-17  3.1418122e-16  -2.2179685e-16  -1.2017986e-17  1.0000000   -3.9431881e-16  -6.3144231e-16  8.3255224e-16  -6.2903718e-16  4.2332894e-16  -3.0921177e-16  
2.3948430e-17  5.5647281e-16  -3.9628587e-16  5.9976123e-16  -8.6386973e-16  1.0000000   8.7191861e-16  -2.5149323e-15  -4.3388892e-16  9.6495020e-16  -5.3663018e-17  
-2.8083475e-16  -7.1818354e-16  -2.5630986e-16  -1.1873958e-16  2.0682118e-17  7.4434536e-16  1.0000000   -2.5303468e-16  -1.1398854e-15  1.6148794e-16  4.5071331e-16  
-8.3074150e-17  -8.9992477e-16  -8.2900676e-17  -2.0850250e-16  1.4235705e-15  -2.7804931e-15  -1.6538088e-16  1.0000000   3.0507144e-16  -7.8050153e-16  -9.3186160e-16  
1.4629495e-16  -6.3187197e-17  -5.2568730e-16  -4.9136835e-16  -6.2667337e-16  -3.7858609e-16  -1.1933553e-15  2.2451026e-16  1.0000000   -5.2248131e-16  2.2210474e-16  
-1.0269928e-16  2.5878979e-16  -5.0244691e-16  -9.9907063e-17  3.2538061e-16  1.0727577e-15  1.2800935e-16  -7.9849937e-16  -4.6624645e-16  1.0000000   5.6853402e-16  
1.3216160e-16  5.5135856e-16  3.0273381e-17  3.5956125e-17  -2.6637262e-16  -4.0013492e-17  5.1565758e-16  -8.9829411e-16  2.1416212e-16  6.0636632e-16  1.0000000   
