1.0000000   1.3422687e-16  9.7519199e-17  -1.5363512e-17  -7.5613670e-16  3.5451322e-16  2.7598555e-16  5.6607078e-17  7.7136215e-17  4.6641579e-16  4.9447403e-16  
1.3086509e-16  1.0000000   -3.1147984e-16  3.9426538e-16  -1.9833872e-16  4.5200416e-17  -2.5743154e-16  -3.6290674e-16  -2.8814055e-16  4.5821926e-16  -1.2817659e-16  
-1.4338357e-16  -4.2097410e-16  1.0000000   -9.6893286e-17  8.0591424e-16  1.1646405e-16  1.3793561e-16  4.5298951e-17  7.3164264e-16  -3.5566531e-16  5.4742130e-16  
-1.2964947e-16  4.1165630e-16  -9.6441386e-17  1.0000000   -1.3874160e-16  2.0577389e-16  2.0173844e-16  2.0785637e-16  -1.9234877e-16  -2.2756241e-16  2.3636306e-16  
-6.4758316e-16  -9.6374419e-16  5.2397602e-16  -1.3353044e-16  1.0000000   -2.1498906e-16  -7.1225456e-16  3.5192062e-16  -1.6160188e-16  -4.8510166e-16  4.0779300e-16  
2.5815311e-16  1.5885717e-16  -8.6811087e-17  2.2149056e-16  -2.1449433e-16  1.0000000   -7.8333117e-17  2.4643923e-16  -4.9635015e-17  1.4553290e-17  -3.3877803e-16  
3.7390911e-16  -1.5592556e-16  1.2100067e-16  1.6795242e-16  -2.9962209e-16  -1.2682901e-16  1.0000000   -5.7865450e-16  1.0248070e-16  -7.5726162e-17  4.7136706e-16  
3.9703586e-17  -2.4511794e-16  -1.1217028e-16  2.5233894e-16  7.7394128e-16  1.1124426e-16  -7.1317347e-16  1.0000000   1.0912853e-15  1.1230511e-16  8.7873824e-16  
-1.1046030e-16  -2.8065982e-16  7.3343791e-16  -1.9950418e-16  -1.9533252e-16  -3.2032537e-17  4.7612601e-17  1.2347042e-15  1.0000000   2.0039069e-16  -2.4601430e-16  
4.3954111e-16  4.8009355e-16  -3.8266436e-16  -2.0916876e-16  -4.3579765e-16  1.1112068e-17  -1.4042983e-16  1.3303885e-16  1.5129164e-16  1.0000000   -7.4083873e-16  
-7.2375949e-17  -1.2833006e-16  5.2735340e-16  1.3337798e-17  2.9929740e-16  -3.1205456e-16  2.8643436e-16  8.0841163e-16  -1.9353210e-16  -7.2759495e-16  1.0000000   
