1.0000000   -1.2960950e-16  1.1842258e-16  9.8831417e-18  -1.5240881e-17  -4.4689033e-16  1.1161465e-16  -2.8405702e-17  -2.6146151e-17  -3.2443059e-16  -5.4577986e-16  
-1.3689622e-16  1.0000000   3.9060055e-16  4.7281765e-16  -1.9759004e-16  7.7764617e-17  -1.6946972e-16  7.5962122e-16  -5.4459763e-16  -6.6289801e-17  1.0546725e-17  
-1.5047829e-16  4.3334372e-16  1.0000000   6.2479781e-16  2.9464603e-16  -1.8154618e-16  -8.0655351e-16  -1.4662985e-16  -1.4669972e-16  -3.5855456e-16  4.0972065e-16  
-7.9995682e-17  1.7409987e-16  5.0552058e-16  1.0000000   9.2167980e-16  -8.5495035e-16  1.8977734e-16  -1.1730335e-16  1.9327993e-16  -4.9981412e-16  -3.8978128e-16  
7.7724417e-17  -3.8835690e-17  2.8464665e-16  6.0894273e-16  1.0000000   -4.7502281e-17  -7.3868839e-16  -4.1381382e-16  -3.5385672e-16  3.7436949e-16  4.8711255e-16  
-2.4566444e-16  1.2398149e-17  -2.3845042e-16  -8.7182227e-16  1.5269597e-17  1.0000000   -1.0727166e-18  -4.7080964e-17  2.2003693e-16  -2.8513186e-16  6.3010141e-16  
-8.9241726e-17  -1.9263157e-16  -7.0827210e-16  3.0843337e-16  -6.9811397e-16  9.8215643e-17  1.0000000   -1.1243534e-16  3.5480400e-17  9.4498279e-16  3.3271831e-17  
-5.5031508e-17  7.8124823e-16  -9.1036139e-17  -5.8561954e-17  -4.4381137e-16  -1.8914614e-16  -1.2689478e-16  1.0000000   -2.0492261e-17  3.7441218e-16  4.3348083e-16  
2.1011122e-16  -4.6830324e-16  -2.1164629e-16  3.2644064e-16  -4.6557943e-16  1.7614659e-16  2.4155640e-16  -4.2127950e-17  1.0000000   -4.6880615e-16  9.1690470e-17  
-3.0158957e-16  7.7053395e-17  -4.0026652e-16  -2.9848042e-16  1.3792139e-16  -3.5536465e-16  9.1865020e-16  2.6998195e-16  -5.8717621e-16  1.0000000   -5.0723308e-16  
-6.3571665e-16  4.4781446e-16  1.9974035e-16  4.4264892e-16  -3.0613041e-17  6.3340644e-16  -3.1565847e-17  3.9244321e-16  1.1029640e-16  -5.1510339e-16  1.0000000   
