1.0000000   -3.4352796e-17  -1.3163150e-17  -2.9677653e-16  -1.6348478e-16  3.5859363e-16  6.6667569e-17  7.9951496e-17  -5.8715829e-17  -1.1670609e-16  5.3350125e-17  
7.5442632e-17  1.0000000   -2.8504611e-16  -2.4794504e-16  5.0435300e-16  -1.8966240e-16  -5.8063851e-17  -1.5188093e-16  -3.1793287e-16  -1.3188547e-16  1.2794932e-16  
-1.8468593e-16  -3.0804462e-16  1.0000000   -1.6174245e-16  6.1999452e-16  1.2184439e-15  -8.5821539e-16  1.5314358e-16  -6.7595284e-16  2.5748755e-16  5.2476797e-16  
-3.2392272e-16  5.6128367e-17  1.9494549e-16  1.0000000   8.4302383e-16  7.5611644e-17  -1.0046114e-15  1.6312927e-17  1.5381758e-17  -2.5217562e-16  1.7191905e-16  
-1.6315232e-17  5.2507014e-16  6.7773310e-16  8.8985979e-16  1.0000000   4.6930734e-17  -1.2311207e-15  -1.9909739e-16  6.1049026e-16  -3.0782056e-16  3.3201405e-16  
3.1341642e-16  -2.3889845e-16  1.0856632e-15  1.5153062e-16  2.5545852e-18  1.0000000   1.5131393e-16  -1.5170216e-17  -4.0096106e-16  -9.0251066e-16  3.3453905e-16  
7.4501203e-17  -1.3033241e-16  -1.0645293e-15  -7.5914667e-16  -1.2799345e-15  1.2935900e-16  1.0000000   6.1576990e-16  -2.4802995e-16  6.0749376e-16  -4.5905468e-16  
3.8589720e-17  -1.1570219e-16  1.8514933e-16  -3.3351838e-17  -2.3666753e-16  1.8329679e-17  5.9304905e-16  1.0000000   5.7650466e-18  7.7828771e-16  -7.6952115e-16  
1.7192021e-17  -3.0761852e-16  -7.4344468e-16  -2.1929532e-18  6.4378395e-16  -4.8204441e-16  -3.8702820e-16  1.6233867e-16  1.0000000   1.8380309e-16  -4.0360866e-16  
-2.6361822e-16  -1.1766567e-16  2.9761547e-16  -2.6857672e-16  -2.4494841e-16  -9.8007740e-16  7.2971177e-16  8.1256204e-16  2.1130675e-16  1.0000000   5.2146240e-17  
4.7519892e-17  1.2503320e-16  4.3931099e-16  1.0851367e-16  4.3774578e-16  2.8203656e-16  -4.2462018e-16  -8.6137052e-16  -3.0345082e-16  5.6738833e-18  1.0000000   
