1.0000000   1.8255339e-16  -1.5993985e-16  -2.8492983e-16  -3.0365372e-18  1.8299997e-17  3.1573990e-16  -1.2805058e-16  -2.1216886e-16  -6.9670436e-17  6.7329108e-17  
4.8549532e-17  1.0000000   -1.3032249e-15  -7.1617255e-16  -3.4048408e-16  -1.0248887e-16  3.2860778e-16  -8.4638119e-17  3.9445550e-16  6.8058073e-17  5.2952015e-16  
5.2243212e-16  -1.1030860e-15  1.0000000   -2.5414591e-16  -8.4688599e-16  1.1828466e-15  -3.5206658e-16  7.8802790e-17  3.8914027e-16  1.6851944e-16  6.6910309e-17  
-2.7111880e-16  -6.9162129e-16  -3.8333816e-16  1.0000000   -4.0359524e-17  1.2623545e-17  4.8845873e-17  1.4630945e-16  6.6535645e-16  -4.6347904e-16  -3.7716025e-17  
4.7134348e-17  -3.4796170e-16  -8.2369855e-16  -9.0138371e-17  1.0000000   3.4072734e-16  -5.8014663e-16  1.4307451e-16  2.6319992e-16  -3.9758697e-16  -2.5690848e-16  
-8.1150532e-17  -5.6219852e-17  1.1705662e-15  1.9055971e-16  5.4585567e-16  1.0000000   6.4681091e-16  3.2005696e-16  7.7176633e-16  -1.8585709e-16  -1.2143573e-16  
3.3901906e-16  2.5368765e-16  -4.2373839e-16  -3.1611366e-16  -5.2226216e-16  6.0375861e-16  1.0000000   2.9529347e-16  3.5084023e-16  5.8119253e-16  -1.0176895e-15  
-3.5817719e-17  -2.6636165e-16  2.7471091e-17  1.9825266e-16  1.9397542e-16  3.0976131e-16  2.8017214e-16  1.0000000   7.9725502e-16  4.9798520e-16  -4.3470493e-16  
-3.3732992e-16  2.6149214e-16  8.7759534e-16  2.0833039e-16  2.5741092e-16  8.0574023e-16  -2.6410206e-16  7.0845970e-16  1.0000000   1.0062625e-15  -8.9272071e-16  
-3.3170383e-16  2.3761161e-16  2.0617159e-16  -4.7970478e-16  -2.4121236e-16  -1.5621712e-16  3.7957787e-16  4.5794784e-16  9.4867642e-16  1.0000000   -3.3909863e-16  
5.1887018e-17  4.8336087e-16  -1.1240805e-16  -1.2956176e-17  -2.3817889e-16  -1.8783125e-16  -1.0642694e-15  -4.3973250e-16  -8.1386289e-16  -5.5649980e-16  1.0000000   
