1.0000000   2.0205432e-16  -4.7757831e-16  5.8531208e-16  -8.4551902e-17  -4.6586648e-16  -1.7808872e-16  -1.3423819e-16  1.0764063e-16  7.1170279e-17  -2.4791543e-16  
3.0430444e-16  1.0000000   -1.9508513e-16  1.3727410e-16  -2.9268598e-17  5.3889119e-16  -2.5935546e-16  3.0480596e-16  -3.8858591e-16  -6.3825427e-16  5.4928087e-16  
7.7455397e-17  -2.4266862e-16  1.0000000   -1.0020560e-15  -7.7931511e-16  4.5757665e-16  -1.7476802e-16  -6.5348855e-17  2.8367603e-16  -2.8921993e-16  -1.1414522e-16  
3.4487290e-16  3.4638119e-16  -9.4993527e-16  1.0000000   5.8285659e-16  9.1856158e-16  -8.8107009e-16  -8.9575607e-17  -3.1538164e-16  4.6430389e-16  -4.9464945e-16  
3.3386186e-17  -4.0928423e-18  -7.8140567e-16  5.3967324e-16  1.0000000   6.8485792e-16  2.1702829e-16  -5.8646604e-16  -1.7401937e-16  -7.5117320e-16  1.1557942e-15  
-4.5545739e-16  3.2089539e-16  7.0437073e-16  1.4572208e-15  1.0035145e-15  1.0000000   -1.0689392e-15  2.2636601e-16  -1.1908115e-16  -5.5880316e-16  -2.6106536e-16  
-1.0663179e-16  -1.9125334e-16  -2.4823273e-16  -1.0409707e-15  2.1325071e-16  -1.0195294e-15  1.0000000   3.4395652e-16  1.0912744e-15  -2.3920605e-16  2.0358606e-16  
-1.1937674e-16  2.0556895e-16  -2.6735966e-19  -9.6033221e-17  -3.9039427e-16  1.1614830e-16  3.3699182e-16  1.0000000   4.4826912e-16  2.8335550e-16  -5.2288868e-16  
-5.7246866e-17  -4.4383147e-16  3.2804011e-16  -2.1742784e-16  -1.7499842e-16  -9.4847425e-17  9.3630981e-16  5.4665803e-16  1.0000000   1.6412818e-16  -7.9333106e-18  
-2.2107784e-16  -6.8211454e-16  -4.4380242e-16  5.6582715e-16  -6.6130432e-16  -4.7534588e-16  3.0342017e-17  3.1859749e-16  1.4640631e-16  1.0000000   -3.2833708e-16  
-2.0462198e-16  4.9206880e-16  9.1428630e-17  -1.5934723e-16  1.2706163e-15  -2.2674778e-16  2.0808889e-16  -5.9726834e-16  -4.6087063e-18  -2.8149277e-16  1.0000000   
