1.0000000   -2.2523369e-16  4.1457489e-16  -8.6709870e-17  -1.0227308e-16  9.2511785e-17  2.9218169e-16  4.3812033e-16  -1.7897969e-16  1.9392167e-16  3.9445244e-16  
-2.5510694e-16  1.0000000   -1.4631043e-15  2.7706140e-16  -2.9219119e-16  -2.4571297e-16  -5.6787047e-16  2.0539560e-16  -8.2530775e-16  -9.9625157e-16  -4.1102609e-16  
1.4651078e-16  -1.6495260e-15  1.0000000   6.5760523e-16  5.0925219e-16  -2.0361798e-16  2.9881662e-16  3.1530920e-16  1.3059925e-15  1.3381259e-16  -3.5814927e-16  
-1.1828800e-16  1.9511235e-16  6.2567062e-16  1.0000000   -9.6382953e-16  -8.2776141e-16  1.0603605e-15  1.4435513e-17  1.3758834e-15  5.3653859e-16  -6.5070659e-16  
-7.5418588e-17  -3.4655235e-16  5.4323050e-16  -8.3964679e-16  1.0000000   1.7081691e-15  -1.6635612e-15  2.2324380e-16  -1.1848069e-16  -4.4912968e-16  -1.3503399e-17  
2.9398115e-17  -3.0892678e-16  -2.9900816e-17  -8.6434227e-16  1.6773831e-15  1.0000000   -1.8237670e-15  -9.3064251e-17  -5.1939712e-16  -3.6312667e-16  3.1209098e-16  
4.1288359e-16  -7.0923321e-16  3.9337576e-16  9.3784893e-16  -1.6639990e-15  -1.4808276e-15  1.0000000   -1.0263111e-16  2.5297419e-15  -1.5801798e-16  9.0210703e-17  
2.4956459e-16  3.2897023e-16  5.3498598e-16  -4.4114187e-18  2.6803937e-16  2.5671096e-16  -1.9602348e-16  1.0000000   1.2192967e-15  1.0405629e-15  1.3550918e-15  
-2.6417124e-16  -7.5114664e-16  1.4414883e-15  1.3507181e-15  -6.4600168e-17  -3.8232305e-16  2.3848560e-15  8.7857307e-16  1.0000000   4.9836311e-16  4.4539052e-16  
-2.2493358e-17  -8.5609481e-16  3.0640295e-16  5.9484247e-16  -3.6452895e-16  -5.9619999e-17  -3.7687311e-16  1.1824172e-15  5.5569255e-16  1.0000000   7.6593081e-16  
1.3518889e-16  -1.1759243e-16  3.5046475e-16  -5.7778849e-16  2.1477367e-17  1.1131809e-15  -5.3519258e-16  1.3138650e-15  2.5362369e-16  8.1567155e-16  1.0000000   
