1.0000000   5.5927584e-16  1.6634859e-16  -6.4613758e-16  2.2421141e-17  -2.1073268e-16  -5.7682240e-18  -5.2309277e-16  -2.2658428e-16  -5.2356945e-17  -6.8820686e-17  
3.0994088e-16  1.0000000   3.4936958e-16  9.2704691e-17  1.2657756e-17  -1.0955960e-16  -1.7151041e-16  -2.6473188e-16  -1.7670489e-17  1.2279840e-16  7.0557811e-16  
5.1203232e-16  4.2465140e-16  1.0000000   7.2730068e-16  -7.0861258e-16  -1.3803092e-16  -4.5636996e-16  1.0482924e-15  -6.1509164e-16  1.9503576e-16  3.1011570e-17  
-6.6664934e-16  -1.6040318e-16  7.9122357e-16  1.0000000   -8.2651601e-16  -3.1402772e-17  2.3517362e-16  4.6931894e-17  8.6527104e-16  -4.6980452e-16  -3.8720417e-17  
-1.7688823e-18  2.5213282e-16  -5.1902903e-16  -7.4911295e-16  1.0000000   8.6071585e-17  -5.9977348e-17  -6.9218034e-16  7.3696680e-16  -6.6949446e-16  -4.5752739e-16  
-2.8277945e-16  -1.5352632e-17  -1.0514809e-16  1.1121149e-16  1.9387734e-16  1.0000000   2.0748727e-16  -4.7359713e-16  -2.9762754e-16  -2.8474109e-16  -4.0167891e-16  
-2.8472263e-16  -8.9721267e-17  -5.7834985e-16  -3.9936345e-16  6.4182859e-16  3.8238555e-16  1.0000000   -6.9639584e-16  4.9567660e-16  8.5547465e-17  -6.5515704e-16  
-6.0773445e-16  -2.5973108e-16  9.0610202e-16  1.1496145e-17  -9.0015997e-16  -4.6749327e-16  -6.1574442e-16  1.0000000   -8.2049128e-16  -8.6877080e-18  1.1524349e-16  
-2.9812822e-16  -8.0152904e-17  -4.9684364e-16  7.8816594e-16  6.7708022e-16  -4.0446047e-16  6.0727258e-16  -8.1857774e-16  1.0000000   -5.4813414e-17  -5.7230332e-16  
2.4653401e-17  9.6568673e-17  1.6015972e-16  -3.7519501e-16  -5.5449786e-16  -4.2812270e-16  1.0404093e-16  7.8474777e-17  4.6883855e-17  1.0000000   -3.6723705e-16  
1.5938074e-16  5.2780664e-16  -5.6036312e-17  -6.8615810e-17  -3.0133875e-16  -4.8369689e-16  -7.2684216e-16  5.6857510e-17  -3.7242053e-16  -3.0453296e-16  1.0000000   
