1.0000000   -2.4316641e-16  1.0204502e-16  2.8362785e-16  5.7216443e-18  1.6331634e-16  1.6125487e-16  -2.4322775e-16  1.9954867e-16  -9.9455170e-17  1.4553005e-17  
-8.6108773e-17  1.0000000   -2.6046791e-16  -1.0394187e-15  -9.8776411e-16  -2.0784430e-16  -3.0089078e-16  -2.3785086e-16  2.7977552e-16  6.3734177e-16  2.2865309e-16  
-2.8082236e-16  -2.7530749e-16  1.0000000   -1.2902085e-17  2.3671709e-16  -4.1445852e-18  8.9986777e-16  7.5901082e-16  -4.2276766e-16  9.3577008e-16  2.7247356e-16  
1.4797140e-16  -8.3441025e-16  1.1663509e-16  1.0000000   -4.2127593e-16  1.4275560e-16  -9.2898141e-16  -9.1092337e-16  -1.3499498e-15  2.9774995e-16  4.8229887e-16  
9.4022779e-17  -9.3311089e-16  2.4474641e-16  -5.5550976e-16  1.0000000   3.6253007e-16  -3.7555438e-17  -1.9185049e-16  -3.3139180e-16  -1.2549622e-16  6.2040928e-17  
-1.6155817e-16  7.7504074e-17  2.4075869e-16  1.3445299e-16  2.5413367e-16  1.0000000   -2.2868751e-16  2.7029130e-16  1.7001364e-16  -2.4259578e-16  -5.8601339e-16  
2.7211840e-17  -3.0167264e-16  8.2621426e-16  -9.4276660e-16  -1.0050497e-16  -8.9213222e-17  1.0000000   -4.2409951e-16  -7.7019138e-17  2.3072373e-17  -1.8283206e-18  
-6.6863127e-17  3.4069553e-17  6.9973953e-16  -7.5185572e-16  -3.4004309e-16  4.5244755e-16  -6.0769710e-16  1.0000000   -7.9219725e-16  -8.7962185e-16  2.6112671e-16  
7.2330455e-17  3.7535184e-16  -3.9611018e-16  -1.2279832e-15  -4.3616519e-16  3.4778120e-16  1.0489695e-16  -7.5363923e-16  1.0000000   -1.2027942e-15  -3.4191332e-16  
-3.9009110e-17  7.8232180e-16  8.7502974e-16  2.5077893e-16  6.2492225e-17  -3.9807965e-16  2.9114076e-16  -9.2238960e-16  -1.2780001e-15  1.0000000   4.2581193e-16  
-4.1639981e-17  2.1189767e-16  3.4088333e-16  3.6137475e-16  5.8540353e-17  -6.7231504e-16  -1.8592818e-16  3.2214018e-16  -3.1474304e-16  2.4429277e-16  1.0000000   
