1.0000000   -2.2585736e-16  5.2096655e-16  -6.1778988e-16  -1.7298426e-16  6.1126385e-17  3.7598522e-16  -3.9416230e-16  6.4193250e-16  3.7296580e-16  6.5919440e-16  
-7.8075027e-17  1.0000000   1.1852399e-16  -5.1536568e-16  5.9058957e-17  -1.0643144e-15  -2.5678496e-16  7.6275544e-16  2.3724261e-16  -1.1022198e-15  -3.7227009e-16  
3.2046721e-16  1.6937435e-16  1.0000000   -1.3594763e-16  1.0071369e-15  -7.8972802e-17  -6.0838977e-17  8.0048614e-16  6.2533172e-16  2.1715054e-16  4.1388147e-17  
-4.2694882e-16  -3.2662388e-16  1.8807123e-18  1.0000000   -1.9596675e-16  -1.2829082e-16  -1.2663649e-16  -7.3621780e-16  2.6443809e-16  -9.3090332e-17  5.3917789e-16  
-2.6113803e-16  -1.5744506e-17  8.9256512e-16  -2.5210961e-16  1.0000000   2.4990337e-17  4.1546715e-17  1.0986198e-16  -3.0146994e-16  -1.3108497e-18  -2.8686041e-16  
-1.2755596e-16  -1.0230143e-15  8.6015106e-17  -6.2324920e-16  2.7517011e-16  1.0000000   4.6300911e-16  3.4170295e-16  8.3090925e-17  -2.2628642e-16  2.5795689e-16  
3.8569456e-16  -1.8371520e-16  -1.5262526e-16  7.2878498e-17  5.5129914e-17  5.0539558e-16  1.0000000   -2.0680456e-16  1.1627710e-16  9.4543046e-16  8.2127468e-17  
-1.9710434e-16  9.9871754e-16  5.8708459e-16  -3.7628095e-16  1.4683755e-16  3.4462989e-16  -1.8708926e-16  1.0000000   1.1144877e-15  -3.0397956e-16  -5.2944641e-16  
7.3662992e-16  2.1006934e-16  6.1779963e-16  3.5938744e-16  -1.5002378e-16  7.3538093e-18  1.4828802e-16  1.3126449e-15  1.0000000   1.7349850e-16  -6.0574714e-16  
3.9357480e-16  -8.9777944e-16  2.1600551e-16  -5.3233783e-17  -3.6025833e-17  -1.4369977e-16  9.5768099e-16  -1.9325867e-16  3.5479562e-16  1.0000000   3.5647890e-16  
7.3150366e-16  -3.7873890e-16  2.8354004e-17  5.5175628e-16  -2.9062378e-16  2.5342321e-16  5.1810888e-17  -5.8920882e-16  -5.8130177e-16  2.0918664e-16  1.0000000   
