1.0000000   6.7961601e-17  -3.8435739e-17  -7.2213971e-17  1.0429722e-16  -4.2416789e-17  -1.3929832e-16  -1.2238324e-18  1.0474573e-16  1.7354898e-16  -1.6296065e-16  
-1.8428606e-17  1.0000000   1.8385541e-16  -8.5816998e-17  -9.3030754e-16  2.0034759e-16  3.5853416e-16  2.2435835e-16  -3.0837606e-16  -1.0531967e-15  -1.1951137e-15  
-8.1619969e-17  4.4100193e-16  1.0000000   -7.8031362e-17  -4.3243973e-16  -6.3931120e-16  3.4613408e-16  -6.9799405e-16  9.4520656e-16  1.8308201e-16  -3.2047407e-16  
6.1217500e-17  1.3957743e-16  2.9695089e-16  1.0000000   1.3634573e-15  4.3787737e-16  7.4804497e-17  -1.0763671e-15  2.2926601e-16  -6.8338150e-16  -3.6748863e-16  
-1.5777682e-16  -1.2798420e-15  -8.4883737e-16  1.2465835e-15  1.0000000   5.9798301e-16  -1.6099423e-16  -1.2123017e-16  2.3069776e-16  4.5078923e-16  1.4890839e-17  
8.8076755e-18  2.3337628e-16  -5.2820012e-16  2.7317383e-16  5.0484660e-16  1.0000000   -3.4036609e-16  2.5803805e-17  -2.1997487e-16  1.0510664e-15  1.7920327e-16  
-2.4236954e-17  4.4959258e-16  6.2086734e-17  8.2809541e-17  -1.3002559e-16  -3.8163926e-16  1.0000000   -8.4697248e-16  -1.8099649e-16  4.0461394e-17  -1.0642833e-15  
-1.0283599e-16  2.5999320e-16  -6.0807706e-16  -1.0861239e-15  -1.8539258e-16  1.1390444e-16  -6.2580369e-16  1.0000000   3.8275757e-16  5.8999815e-16  -8.5166241e-16  
-5.1916067e-18  -1.8788406e-16  1.0534750e-15  2.2623009e-16  1.7137581e-16  -1.8529421e-16  -2.5463708e-16  4.1394338e-16  1.0000000   -4.5181098e-17  1.0286233e-15  
1.1308176e-16  -1.2004765e-15  4.3279208e-17  -7.6710488e-16  3.3133603e-16  1.0527239e-15  -1.3582679e-16  5.8959468e-16  1.8455605e-17  1.0000000   4.7540486e-16  
4.6148883e-17  -9.9186461e-16  -2.2471784e-16  -2.9542307e-16  7.8304808e-17  2.8845683e-16  -9.6863977e-16  -8.2328892e-16  1.1486241e-15  2.8644240e-16  1.0000000   
