1.0000000   -7.6276620e-17  -1.0913889e-16  5.0385837e-17  -2.5114286e-17  1.0684747e-16  -1.2874172e-16  8.5755267e-17  1.4042630e-16  4.8731342e-16  -1.2992069e-16  
-3.2042171e-17  1.0000000   -2.4514198e-16  -4.9123699e-16  -1.5044079e-17  4.4722456e-16  -3.8679564e-16  3.1449199e-16  -6.7585615e-16  2.3174320e-17  -1.9668344e-16  
-1.4381210e-16  -2.5447428e-16  1.0000000   2.6033264e-16  2.2200552e-16  5.7918773e-16  -7.6860123e-16  -2.3531432e-16  -2.8595269e-16  5.8412603e-16  -7.8284108e-16  
4.3754511e-17  -5.3231970e-16  1.7233279e-16  1.0000000   -3.5680673e-16  -3.9652305e-16  -6.9249819e-16  1.3716275e-16  -7.4388181e-16  2.7109523e-16  -5.3947928e-16  
-7.5506717e-17  -7.5421767e-17  2.1660607e-16  -3.3674018e-16  1.0000000   -1.5422178e-16  -6.4628314e-16  7.6239232e-17  6.1451579e-16  -1.7237106e-16  9.9005827e-16  
-1.5391610e-17  2.1231814e-16  7.2326101e-16  -1.2390295e-16  -8.4961694e-17  1.0000000   -3.1741600e-16  -5.0410480e-16  1.1689434e-16  4.6414817e-16  7.4717835e-17  
-1.7376006e-16  -5.0893530e-16  -7.3253647e-16  -6.1083260e-16  -7.8363736e-16  -4.4931754e-16  1.0000000   7.7136063e-16  2.6145463e-16  8.2756293e-16  -2.2213016e-16  
-1.4482056e-16  6.6861380e-16  -3.2753402e-16  -9.9230325e-17  6.1854343e-17  -4.7281258e-16  8.5230222e-16  1.0000000   1.7070835e-16  -4.1282968e-16  2.2446034e-16  
2.7251611e-16  -3.0218905e-16  -3.3784279e-16  -9.3314239e-16  6.1127498e-16  1.2806875e-16  1.7936498e-16  3.5879860e-16  1.0000000   -9.9339878e-17  3.9847140e-16  
3.6016146e-16  -8.8043470e-18  7.0675528e-16  5.6078486e-16  -2.1521642e-16  4.1045554e-16  8.3698755e-16  -2.8735782e-16  2.4475705e-17  1.0000000   2.0482188e-16  
-6.7740398e-17  -1.8205528e-16  -8.1027749e-16  -5.2137424e-16  9.4614343e-16  4.8753099e-18  -2.1931631e-16  1.7819371e-16  2.7953104e-16  3.0865796e-16  1.0000000   
