1.0000000   2.2590206e-16  -2.6002213e-16  2.8891642e-16  -3.0181413e-16  -6.6673290e-17  7.4580738e-17  -1.8573777e-16  8.0773967e-17  -7.1151940e-17  4.5057335e-17  
1.1137052e-16  1.0000000   9.1242592e-16  -6.6130169e-16  -1.6728535e-17  2.1092737e-16  2.3452569e-16  -3.3902479e-16  3.3877126e-16  -4.2202204e-17  2.0711189e-16  
-1.6978363e-16  1.0818893e-15  1.0000000   1.6567372e-17  9.1719355e-16  -1.9798463e-16  -1.4077067e-17  1.3508644e-15  -4.9440645e-16  1.2589007e-15  -3.1214731e-16  
4.4568559e-16  -5.0673993e-16  9.8879653e-17  1.0000000   2.5546121e-16  3.0725995e-16  6.5667778e-17  -8.3621601e-17  -1.7574416e-16  1.8072666e-17  -5.7933665e-17  
-2.2102310e-16  -2.9528330e-18  7.3749962e-16  2.5925902e-16  1.0000000   -4.9560953e-17  -3.8098404e-16  -5.5949204e-16  -4.2833209e-16  -5.0565194e-16  -5.7974662e-16  
-8.6037063e-17  1.4699630e-16  -2.7519866e-16  2.9215014e-16  -8.3692574e-17  1.0000000   -5.1329845e-16  8.4466980e-16  -5.3952593e-16  8.5157704e-16  4.8372887e-17  
1.4372651e-16  -4.0882384e-17  1.8265935e-17  3.1180056e-16  -5.4602364e-16  -4.7619837e-16  1.0000000   -6.3965374e-17  -3.8416226e-16  1.8730899e-16  7.4375083e-16  
-1.2953382e-16  1.3203332e-17  1.6403724e-15  -2.5918449e-16  -3.8366859e-16  9.2481436e-16  -4.7872081e-16  1.0000000   -2.7470178e-16  -3.2480121e-16  7.0817291e-16  
1.1006643e-16  2.8833049e-16  -5.0822308e-16  -1.6579658e-16  -5.2491743e-16  -5.5287791e-16  -2.1538118e-16  -4.4466892e-16  1.0000000   9.5929018e-16  4.3080604e-16  
-4.0035700e-17  -1.0691916e-16  1.0748879e-15  2.1372284e-16  -6.2208358e-16  8.3547348e-16  4.3623859e-16  -3.8817447e-16  1.0438070e-15  1.0000000   1.2073184e-17  
7.0340779e-17  2.0217406e-16  -2.8687529e-16  -7.0247407e-17  -5.5852506e-16  5.9706082e-17  6.2209149e-16  7.2239290e-16  3.6541086e-16  -2.1771711e-17  1.0000000   
