1.0000000   -1.8979094e-17  2.2597682e-16  6.8645738e-17  -1.8685810e-17  -4.3705459e-16  5.6660179e-16  -2.2596216e-16  -2.7297016e-16  -1.8515881e-16  4.6247102e-16  
-4.8582829e-17  1.0000000   -2.7615706e-16  7.8196037e-16  1.7486714e-16  -1.2200170e-17  -3.5477758e-16  1.0958138e-16  3.6298609e-16  -3.8636320e-17  -3.9465569e-16  
2.1990355e-16  -3.7867825e-16  1.0000000   -4.1661381e-16  -9.3189479e-18  5.2917072e-16  1.6120435e-16  3.2866329e-16  5.5663449e-17  2.2378145e-16  -7.5520882e-16  
4.6227353e-17  -4.7360203e-17  -4.1219120e-16  1.0000000   5.0393845e-16  -1.9577394e-16  6.1554478e-16  7.1709870e-16  2.9039484e-17  3.4861655e-16  -8.3280089e-16  
-9.1389438e-17  -1.8656977e-16  -7.4139945e-17  -4.4039948e-16  1.0000000   1.2332294e-16  -1.9668661e-16  -2.3489003e-16  4.8361129e-17  4.2615155e-16  4.3145910e-16  
-3.8945180e-16  4.1739179e-17  4.6154273e-16  -9.3560497e-17  -2.9360981e-17  1.0000000   -1.7455943e-15  1.0319992e-15  3.2495577e-16  8.4198248e-16  -5.4044429e-16  
5.8592418e-16  -4.2256334e-16  -7.2931542e-17  5.0233855e-16  3.0540011e-17  -1.6584722e-15  1.0000000   -3.9896775e-16  -4.5959850e-16  -3.1664134e-16  8.3384041e-17  
-8.5280871e-17  1.1206199e-16  3.0122000e-16  7.9237863e-16  -4.6185625e-16  1.1798687e-15  -3.8896859e-16  1.0000000   4.3776494e-16  -7.6716714e-17  -8.8974882e-17  
-3.7573123e-16  3.0498444e-16  -1.2097937e-16  4.4908392e-16  -2.2658358e-16  3.5691622e-16  -4.7055401e-16  4.7257160e-16  1.0000000   -1.7991002e-16  -1.0165593e-15  
-4.6913267e-16  -6.1813597e-17  2.1845436e-16  4.2765711e-16  4.5288187e-16  8.2494768e-16  -3.8998092e-16  -3.0199348e-17  -1.8218176e-16  1.0000000   5.6568079e-16  
4.9232607e-16  -3.3529571e-16  -5.7470705e-16  -8.1625304e-16  4.0257274e-16  -5.8397416e-16  1.5218980e-16  8.5066248e-17  -1.0959977e-15  6.1934541e-16  1.0000000   
