1.0000000   3.4907533e-16  3.6178424e-16  -3.3869197e-16  -6.1780049e-16  1.7374851e-16  -1.4169224e-16  -2.1182115e-16  -3.8744893e-16  -4.6449226e-17  5.0288521e-16  
3.0158431e-16  1.0000000   -8.5893024e-16  3.6386946e-17  -2.2236007e-16  3.2029335e-17  3.2681317e-16  -1.3342554e-16  -6.1898238e-16  -2.1559180e-16  6.6017735e-16  
1.1775469e-16  -5.7520655e-16  1.0000000   -6.6803663e-16  -7.5700506e-16  3.3210215e-16  -8.1633100e-18  9.1096172e-16  5.0658535e-16  9.1112968e-16  4.8728831e-16  
-6.3931719e-17  2.1035726e-16  -9.0324888e-16  1.0000000   3.0858341e-16  -1.8610291e-16  -3.4756762e-18  -4.2796693e-17  3.6294603e-16  1.2992479e-15  -1.0370371e-16  
-7.4693069e-16  -1.8235167e-16  -7.0543857e-16  3.0246011e-16  1.0000000   -6.6064587e-16  1.2756588e-17  -1.3032820e-16  -3.5603373e-16  9.3162957e-17  -8.7872045e-16  
1.0506801e-16  -5.8533775e-18  3.3266380e-16  -2.1910038e-16  -4.8907637e-16  1.0000000   5.6577552e-17  4.1501625e-16  1.3911879e-16  -2.7958536e-16  6.4056857e-16  
9.5433640e-17  3.4457839e-16  -1.0008139e-16  5.5040133e-18  7.8686480e-17  6.1381636e-17  1.0000000   6.0998225e-17  2.7120298e-16  -4.9339732e-17  5.3515129e-17  
-1.8037397e-16  5.1466394e-17  7.8052821e-16  4.1764979e-17  -1.6638586e-16  3.9128082e-16  -4.0565987e-18  1.0000000   -7.5039003e-16  4.2613081e-16  1.0124805e-15  
-3.6824852e-16  -7.3371901e-16  5.4026866e-16  3.2575085e-16  -5.0007623e-16  4.8928527e-17  1.5701670e-16  -6.2592040e-16  1.0000000   -1.2048520e-16  -3.1119143e-16  
-2.0037556e-16  -2.7166959e-17  8.2567007e-16  1.4576817e-15  2.0941593e-16  -3.3568811e-16  -2.2790043e-16  3.2272882e-17  -1.7265750e-16  1.0000000   6.7453384e-16  
1.5554325e-16  1.0462129e-15  2.4056646e-16  1.2979403e-16  -8.2103073e-16  5.5417554e-16  5.1112230e-17  -1.7864094e-16  -1.0883865e-16  8.1981439e-16  1.0000000   
