1.0000000   5.2806026e-17  -5.3395419e-16  -5.6956219e-16  1.0030039e-16  -3.7571118e-16  2.2649338e-16  -6.0732092e-17  3.0807863e-16  -4.3167845e-16  -1.3634462e-16  
9.9896312e-17  1.0000000   2.6903779e-16  -3.7533708e-16  3.3236979e-16  2.1343038e-16  1.6812854e-16  -4.0012146e-16  1.9171713e-16  -4.5750045e-17  1.5062146e-16  
3.4633369e-16  1.8038483e-16  1.0000000   4.5555504e-16  -6.5642967e-17  3.7344375e-16  1.0534638e-16  -3.4875162e-16  -3.7285913e-16  -5.4006407e-16  -5.8448384e-16  
-7.4811639e-16  -3.8142339e-16  4.8091285e-16  1.0000000   4.3647412e-16  -1.2055762e-15  -2.5680577e-16  4.5380570e-16  7.6446343e-16  -3.8735996e-16  1.3232519e-16  
1.6360291e-17  1.8215207e-16  -6.4516243e-17  4.1330191e-16  1.0000000   -6.8811626e-16  4.0997414e-16  -5.1598567e-16  2.0105488e-16  -2.9911738e-16  -2.5795017e-16  
-4.3482020e-16  1.6829094e-16  4.8276166e-16  -1.2698285e-15  -5.1164729e-16  1.0000000   8.1123927e-16  7.2570575e-16  -7.8479166e-16  8.2558162e-16  5.2395486e-16  
3.1177228e-16  1.8411546e-16  1.2794689e-16  -3.9519581e-16  1.7666592e-16  8.4147179e-16  1.0000000   6.8970578e-16  -7.1460261e-16  -9.5254146e-17  -2.1171615e-16  
-1.8211057e-17  -5.8156265e-16  -9.8809194e-17  4.3824858e-16  2.8959532e-16  7.4345302e-16  6.1674840e-16  1.0000000   -2.4516862e-16  -9.4133277e-16  -9.0529707e-16  
6.3816783e-17  9.9620328e-17  -1.9706798e-16  7.1174668e-16  4.8328003e-16  -5.3898066e-16  -7.4825357e-16  1.2940678e-16  1.0000000   -1.0680415e-15  -2.4744373e-16  
-3.7894191e-16  -1.3625841e-16  -6.3708606e-16  -4.0266138e-16  -1.0705402e-15  1.1571670e-15  -3.3265425e-16  1.4167192e-16  -4.0104123e-16  1.0000000   -4.3858117e-16  
-9.3643125e-17  1.8136839e-16  -5.1192493e-16  1.0599736e-16  -1.8620497e-16  5.1847926e-16  -2.1120256e-16  -1.0718159e-15  -3.0966000e-16  -3.7003693e-16  1.0000000   
