1.0000000   4.5514129e-17  -1.4597109e-16  6.4864507e-17  -2.1886159e-17  1.1493731e-16  -2.5838608e-16  -1.7965091e-16  3.8312449e-17  -4.6624530e-16  -2.9726055e-16  
1.0403761e-16  1.0000000   3.8724277e-16  3.5298335e-16  5.3540498e-16  2.6099211e-16  4.8675401e-17  -3.2991493e-16  2.8592053e-16  4.1897232e-17  1.2516140e-16  
8.2139649e-17  3.1954388e-16  1.0000000   7.7237770e-17  -1.2998709e-17  7.5811076e-16  -7.4009578e-16  8.5991898e-17  -1.0519794e-18  1.7187001e-16  -1.2356927e-16  
6.5638149e-17  2.5796984e-16  3.7214153e-16  1.0000000   5.3316981e-17  6.4336411e-17  4.1723010e-16  -1.8569321e-16  3.1571153e-16  -9.6178952e-16  -4.6508423e-16  
-9.2084281e-17  5.4410561e-16  -7.9891567e-17  2.7948580e-17  1.0000000   -7.9588000e-16  -8.0222378e-16  -1.9540913e-16  1.3388406e-17  8.3358150e-16  -1.1253030e-16  
1.3498729e-16  1.8513600e-16  7.3676519e-16  -8.9934963e-16  -7.1591595e-16  1.0000000   -5.2845890e-16  -7.9534043e-17  -3.9897867e-16  7.8188687e-16  4.6375083e-16  
-1.0296032e-16  4.5031841e-17  -8.9138858e-16  5.0897878e-16  -7.3177737e-16  -5.8544081e-16  1.0000000   -1.0873555e-16  -1.3813509e-17  -1.4456194e-16  -1.7103212e-16  
-9.0617846e-17  -4.5016086e-16  9.2185897e-17  -2.2299758e-16  -1.5374448e-16  -1.9386331e-17  -5.6347242e-17  1.0000000   -3.6068828e-16  9.1413704e-17  -4.0088937e-16  
1.6415783e-16  2.6242147e-16  -6.8554099e-17  2.5164616e-16  -5.8390590e-17  -3.6335180e-16  8.6967794e-17  -2.2842836e-16  1.0000000   9.0703671e-17  1.6467739e-16  
-2.7760321e-16  3.0031799e-17  1.9793706e-16  -8.8552457e-16  6.8679335e-16  7.0376917e-16  4.1678321e-17  5.0977743e-17  1.2536783e-16  1.0000000   -3.0156575e-16  
-4.3173169e-16  2.7457844e-17  -2.3544596e-16  -1.5100984e-16  -9.5125823e-17  -1.9605599e-16  -1.6214991e-16  -3.7927262e-16  1.0101630e-16  -2.1549365e-16  1.0000000   
