1.0000000   -2.1308852e-18  -1.8888031e-16  3.0264464e-17  -1.7547560e-16  -6.1185931e-16  7.7585901e-18  4.5418464e-16  -2.3270427e-16  1.8736965e-16  -1.2337023e-17  
-3.3195119e-17  1.0000000   -9.4810770e-17  3.1944953e-16  -3.4726895e-17  -2.0227162e-16  6.5200315e-16  -7.3354614e-17  -1.0747878e-16  -7.7015097e-17  3.4506758e-17  
-3.7371248e-16  -1.0223871e-16  1.0000000   4.9224732e-17  -5.8003243e-16  -1.2594995e-15  -4.1445499e-16  7.2283866e-16  7.7564203e-16  -5.5822609e-16  -9.7839386e-18  
1.9758214e-16  3.7072701e-16  6.7695572e-17  1.0000000   -8.3468569e-17  -5.9069424e-16  4.8549809e-16  -3.8287460e-17  -1.4927406e-16  -2.0344775e-16  -4.3408295e-17  
-2.7161338e-16  3.3286227e-18  -6.0543137e-16  -1.0049042e-16  1.0000000   -3.0216446e-16  -8.6990989e-16  3.7148503e-16  -5.6676534e-16  3.3618462e-16  3.8305895e-17  
-6.3840950e-16  -5.4794267e-17  -1.1423031e-15  -4.9490438e-16  -2.1671783e-16  1.0000000   1.5728154e-16  1.3173967e-15  -1.2978535e-15  -1.9044301e-15  2.2012043e-17  
-5.4358779e-16  6.6710985e-16  -4.4431177e-16  4.6273591e-16  -9.0978566e-16  2.5296697e-16  1.0000000   1.2535261e-15  -4.8241356e-16  1.7753829e-16  3.2578168e-17  
1.8977642e-16  1.9312378e-16  6.7851784e-16  -2.7057821e-16  3.9760895e-16  1.9721997e-15  1.1048268e-15  1.0000000   1.8776330e-16  -3.7501038e-16  -5.6854357e-19  
-2.1207799e-16  -1.8587965e-16  8.3133935e-16  -8.6389043e-17  -4.8386104e-16  -1.4689357e-15  -5.6511175e-16  1.5384697e-16  1.0000000   -3.1250127e-16  -2.7600960e-17  
2.4475692e-16  7.8915142e-16  -7.1414592e-16  -8.5671409e-16  3.2760544e-16  -4.2549189e-16  2.5140147e-16  -3.2781200e-16  -3.7387118e-16  1.0000000   -4.0010776e-17  
-2.5076853e-17  4.2387088e-17  -1.6905575e-17  -4.2668037e-17  4.0182144e-17  2.1705452e-17  4.5356887e-17  1.1237582e-17  -3.1899621e-17  -4.4589941e-17  1.0000000   
