1.0000000   -1.0494062e-16  2.6189566e-16  -2.6449738e-16  -6.6969822e-17  -1.7985259e-16  -4.1446623e-16  -5.7548235e-17  1.3679066e-16  -1.6666168e-16  -6.3917943e-16  
-7.0423349e-17  1.0000000   6.4196972e-18  2.7518764e-16  -1.2762747e-16  -1.2142743e-16  1.3849893e-16  -3.2753144e-16  -1.3187493e-16  -2.6350385e-16  -4.5566201e-16  
-3.4501408e-16  2.1882750e-17  1.0000000   -2.0626966e-16  1.6160787e-16  6.3960871e-16  6.6598475e-17  -2.5244874e-18  1.0105837e-15  -2.2676149e-16  -3.4048448e-16  
-4.8283192e-17  1.4627924e-16  -7.4637814e-17  1.0000000   -2.5689506e-16  -5.3894729e-16  1.2509033e-16  1.5477250e-16  5.1630118e-16  -2.1822461e-16  -1.4659699e-16  
-1.2459921e-16  -5.8865773e-17  4.7752368e-16  3.7267682e-16  1.0000000   1.3862603e-16  -1.0681285e-16  -1.5254871e-16  -1.1287788e-16  4.9606629e-17  -2.1485883e-16  
-1.6377882e-16  -8.3155707e-17  6.8625129e-16  -2.7631413e-17  1.4558710e-16  1.0000000   -4.9865088e-16  -9.0802654e-17  5.6994302e-16  -4.3439406e-16  -1.7795547e-16  
-3.6392801e-16  1.6019959e-16  7.4367414e-17  2.1978897e-16  -7.3598552e-18  -7.1828052e-16  1.0000000   2.7092978e-16  2.8971370e-16  -1.2671190e-15  -2.3787038e-16  
-5.8448374e-17  -3.2280410e-16  -1.5945412e-18  1.6703578e-16  -6.6980760e-17  -2.5267337e-17  3.1526860e-16  1.0000000   4.5537054e-17  -7.0711047e-16  -1.1655809e-16  
1.5275967e-16  -1.3982133e-16  9.8006242e-16  6.0220027e-16  -3.2228389e-17  6.0988392e-16  3.6076891e-16  1.8160151e-16  1.0000000   1.2544305e-16  -3.3574692e-16  
-1.7887306e-16  -2.7426926e-16  -1.5751348e-16  -3.6661354e-16  5.1909583e-17  -2.3234561e-16  -1.3202022e-15  -7.1387005e-16  1.2673555e-16  1.0000000   -9.1916754e-16  
-6.2714319e-16  -3.7994224e-16  -1.8066821e-16  3.5722080e-16  1.5939429e-16  2.8725164e-17  -2.6284061e-16  -9.4951970e-17  -4.3796347e-16  -9.6519023e-16  1.0000000   
