1.0000000   2.0674700e-17  1.0152967e-16  -2.8760338e-16  2.1352279e-16  -1.2335942e-16  2.9845329e-16  1.9438229e-16  -2.3500301e-16  2.3211164e-16  1.5105744e-16  
3.7864965e-17  1.0000000   1.2229536e-16  7.5186454e-17  4.9279740e-17  2.6441270e-16  -2.2345523e-16  -3.6073940e-16  4.5144099e-16  7.8303075e-16  -2.3837138e-16  
7.4394889e-17  8.5397243e-17  1.0000000   5.2777343e-16  1.6383101e-16  -1.3646845e-15  -1.9268506e-16  -6.6901254e-16  2.1447072e-16  1.2526779e-16  1.6492287e-17  
-2.7761319e-16  5.1913774e-16  5.6357196e-16  1.0000000   1.1776624e-16  9.3361692e-18  -6.0920405e-16  -7.1695678e-17  5.7086443e-17  4.7282701e-16  -5.8630774e-16  
-2.2100155e-16  4.2753573e-17  1.5837688e-16  1.1841692e-16  1.0000000   -5.0717808e-16  2.5027246e-18  -1.9262960e-16  2.2981942e-16  -1.0085053e-16  -7.1668373e-18  
-2.5418504e-16  -9.2605130e-18  -1.4169643e-15  -3.4325989e-16  -5.3643622e-16  1.0000000   5.8061673e-16  -7.0908666e-16  -1.6820208e-16  1.0204286e-16  2.7522240e-16  
3.3466186e-16  -1.5048889e-16  -1.1423026e-16  -5.3402373e-16  -1.5232587e-16  5.4180485e-16  1.0000000   -8.3836045e-16  -1.7986558e-16  1.6874128e-16  -2.5308534e-16  
1.8658886e-16  -4.0014865e-16  -6.7177783e-16  -1.2912491e-16  -2.3883829e-16  -7.8389544e-16  -8.4217538e-16  1.0000000   -1.8203195e-16  -9.8435899e-17  3.9865823e-16  
-6.4013692e-18  4.4219581e-16  2.0223685e-16  5.8465957e-17  2.5753071e-17  -1.6173782e-16  -1.5166752e-16  -1.8726022e-16  1.0000000   3.2412081e-16  -9.5335369e-18  
1.1971068e-16  6.3173408e-16  7.2877187e-17  1.4148404e-15  -1.0080391e-16  -2.4408955e-17  1.9108080e-16  -1.1636192e-16  3.2413552e-16  1.0000000   -7.7605313e-16  
1.6318635e-16  -2.4771955e-16  -5.5676601e-17  -7.0073003e-16  -7.5422060e-18  -1.8588411e-16  -1.3262584e-16  4.4716914e-16  -1.0541908e-17  6.9495070e-17  1.0000000   
