1.0000000   -1.2499621e-16  -3.9819607e-16  -1.3320278e-15  2.8941374e-16  -8.4677062e-16  3.4383888e-16  6.5722516e-16  -1.6882724e-16  2.1351829e-16  -1.2209637e-15  
2.5217550e-17  1.0000000   -7.7095227e-17  -4.0257818e-16  6.9072870e-17  3.1049146e-16  -9.8786765e-17  -2.8461062e-16  -2.9066560e-16  3.8169309e-16  2.7027417e-16  
-7.9562751e-16  7.3308227e-17  1.0000000   6.5686984e-16  -3.0793298e-16  -7.1944133e-17  -1.3541136e-16  1.2054355e-16  -5.0702863e-16  3.0790378e-16  -1.5705981e-16  
-1.2968222e-15  -5.5164202e-16  6.9395210e-16  1.0000000   -6.4364621e-16  6.8631504e-16  3.1294042e-16  8.8120226e-17  -6.5901810e-18  -1.4881387e-16  -4.0723057e-16  
2.2016884e-16  6.3246352e-17  -1.6613457e-16  -5.1917030e-16  1.0000000   -3.5238993e-16  -2.8468346e-16  2.9508722e-17  7.6055851e-16  -2.1800997e-16  2.9116758e-17  
-8.0983039e-16  3.3157821e-16  -3.0476775e-17  5.5519796e-16  -2.4135240e-16  1.0000000   -5.4346116e-16  -3.5034318e-16  -3.5902635e-16  -7.9965250e-17  -3.4656268e-16  
3.2723386e-16  -1.5565915e-16  -8.9734631e-17  4.1806181e-16  -5.0921681e-16  -5.6641422e-16  1.0000000   -2.1586153e-16  -5.8361369e-16  4.3544954e-16  -2.9186299e-16  
4.4447890e-16  -2.0423453e-16  1.6298403e-16  -2.7372023e-16  -7.0914498e-17  -3.6916089e-16  -2.2203328e-16  1.0000000   -2.1596958e-17  -1.7265819e-16  7.6716113e-16  
-3.5961215e-16  -3.3280256e-16  -5.5920151e-16  -4.1227378e-16  6.1385203e-16  -5.2948466e-17  -7.2890473e-16  2.0460954e-16  1.0000000   -4.6355450e-16  -4.4058165e-16  
3.2029062e-16  3.8754558e-16  4.4438895e-16  4.8448824e-16  4.1193449e-17  -1.4234030e-16  5.5620417e-16  -6.7159789e-16  -4.6817216e-16  1.0000000   -3.7926790e-16  
-1.2845674e-15  8.5448419e-18  2.7739228e-16  1.0438478e-15  5.0217280e-16  -6.4537812e-16  -2.5433985e-16  -2.0463300e-16  -3.8862041e-16  -3.6853620e-16  1.0000000   
