1.0000000   -1.6921327e-16  4.4992934e-16  3.2552303e-16  1.8601584e-17  5.3505099e-17  -9.6814749e-17  -1.8968706e-16  -2.2843416e-16  3.2684001e-17  -5.1547778e-17  
-2.1272580e-16  1.0000000   2.9925580e-16  1.5749079e-17  4.6870495e-16  -5.9305167e-16  8.1484173e-16  1.0315897e-16  2.8582966e-16  9.6845750e-16  1.1114872e-15  
9.0373736e-17  3.4319156e-16  1.0000000   1.0528500e-16  -3.1387873e-16  -1.3941261e-16  2.2737913e-16  4.5946741e-17  7.7825062e-16  -5.6949201e-16  -4.2541933e-16  
3.6483871e-16  -1.7741194e-16  2.7230982e-16  1.0000000   -3.1713870e-16  1.4057821e-16  -2.0246040e-16  6.1919542e-16  1.6088870e-16  3.6895834e-16  2.1346586e-16  
5.4239041e-17  3.3909735e-16  -3.1678840e-16  -3.8021870e-16  1.0000000   2.8158274e-17  -3.3297593e-16  -8.2243988e-18  -2.6084484e-16  -3.6459871e-16  -3.5297557e-16  
2.2195906e-17  -6.6529299e-16  2.1740881e-17  2.9722783e-17  -1.5296753e-18  1.0000000   -2.5794581e-16  -3.9826315e-18  -1.6347901e-16  4.9009498e-17  -1.9297528e-16  
-2.3823436e-16  4.2670090e-16  3.7364121e-16  -4.3736962e-16  -3.3142893e-16  -3.1195394e-16  1.0000000   9.6923738e-16  2.4597362e-16  -1.1131752e-16  6.1918278e-16  
-3.6217929e-16  1.1310311e-16  1.1621562e-16  7.5525762e-16  -1.7505338e-16  -1.6322113e-17  9.2728901e-16  1.0000000   -1.5663195e-16  -1.8919181e-16  -2.3160676e-16  
-1.5891031e-16  4.7598651e-16  5.4545825e-16  3.0910917e-16  -1.5735710e-16  -1.3707216e-16  4.9409643e-16  -1.2671395e-16  1.0000000   1.2449982e-16  -1.2085593e-16  
2.6492560e-16  8.2112153e-16  -5.2635647e-16  4.0951051e-16  -3.3932260e-16  -2.3526814e-16  -2.9495061e-16  -9.5563869e-17  1.0021688e-16  1.0000000   -9.6735398e-18  
-9.1105487e-17  5.0722401e-16  9.7551938e-17  -2.0942043e-16  -3.7340939e-16  -2.6172217e-16  -4.0806045e-16  -1.0590156e-16  -8.8921942e-17  -4.4067948e-17  1.0000000   
