1.0000000   -3.3098395e-16  -2.0006397e-17  1.1413498e-17  -3.2613179e-16  -1.0392661e-16  -2.2860233e-16  -4.0089730e-16  1.2014691e-16  -1.5642259e-16  -3.0576651e-16  
-7.0036076e-17  1.0000000   6.3002019e-17  1.4860973e-16  1.0908708e-16  9.5221866e-16  3.6753056e-16  9.5913902e-17  -4.5977684e-16  -3.6833679e-16  -6.9357768e-16  
-2.6121298e-16  1.7876706e-16  1.0000000   4.7709662e-16  1.2296565e-16  4.5496967e-16  -5.7758855e-16  -5.0217271e-16  -1.0285435e-15  1.5250793e-16  6.7779576e-17  
-5.7484333e-17  2.9904944e-16  3.7641981e-16  1.0000000   5.4917996e-16  2.3382004e-16  -3.8611827e-16  1.7931992e-16  2.3783998e-16  5.3285567e-16  8.1014382e-16  
-3.9816949e-16  1.4456069e-16  7.7481359e-17  6.9097547e-16  1.0000000   9.3009988e-16  -3.5569968e-16  -6.3752696e-17  -7.6845779e-17  5.2116203e-16  -4.4146680e-16  
-2.6512626e-16  1.2820204e-15  2.7111079e-16  1.6604186e-16  8.4440879e-16  1.0000000   -7.0818801e-17  7.9079764e-17  4.4808774e-17  -3.6195230e-16  8.6907274e-17  
-3.1749488e-16  1.5423719e-16  -5.0946285e-16  -5.1919351e-16  -3.9054970e-16  -5.6397989e-16  1.0000000   -4.8110795e-16  -6.2607329e-16  2.6596509e-16  8.6626531e-16  
-3.1861819e-16  6.5903159e-16  -6.4849444e-16  -1.0764472e-17  -2.0583486e-16  -5.0357714e-16  -2.5864496e-16  1.0000000   -3.2680013e-16  -3.1218037e-16  1.9706052e-16  
-2.0957005e-17  -1.1743527e-16  -1.2949429e-15  1.4786939e-16  -6.7628232e-17  -4.0805911e-16  -5.4220019e-16  -4.5892597e-16  1.0000000   -3.5606855e-16  8.6007831e-16  
-1.9263978e-16  -3.9291669e-16  2.8453074e-16  4.5708954e-16  4.4838619e-16  -2.9718444e-16  2.4797143e-16  -3.5579110e-16  -2.9316668e-16  1.0000000   4.6873956e-17  
-4.4670572e-16  -5.2624971e-16  1.4958602e-17  8.1972630e-16  -5.2336811e-16  3.1633292e-17  8.7764734e-16  9.2603148e-17  8.1485724e-16  6.5781320e-17  1.0000000   
