1.0000000   2.1767882e-17  -8.5498571e-17  -8.9712557e-17  -1.4368210e-16  1.8091965e-16  -4.4094967e-17  4.6492811e-16  -1.2489626e-16  -3.4279064e-16  -3.3494181e-16  
5.8251105e-18  1.0000000   6.8886594e-16  -4.0607404e-16  -3.8231699e-16  2.2836060e-16  4.2741892e-16  2.9832488e-17  -3.5179849e-16  3.5811921e-17  -4.7886382e-17  
-4.8018812e-16  6.6337133e-16  1.0000000   6.1709468e-16  8.9241097e-16  7.1243049e-16  -4.1054765e-16  -2.1461545e-16  -8.4794568e-16  1.4226140e-16  1.9149297e-17  
-1.8976480e-16  -3.0528118e-16  5.8435037e-16  1.0000000   -6.8071535e-16  -5.0714194e-16  -2.2570744e-16  3.6868483e-16  8.3824777e-17  3.3419641e-16  7.3776570e-17  
1.1654811e-16  -5.9268433e-16  8.5668167e-16  -7.6830894e-16  1.0000000   -7.3187325e-16  8.7548108e-17  3.2690992e-16  -7.2727239e-16  -2.8375400e-16  7.2152130e-16  
3.2670853e-16  2.4065587e-16  6.2141442e-16  -4.4329145e-16  -7.0963547e-16  1.0000000   1.0765106e-15  -1.3114609e-15  6.7801132e-16  -2.2395279e-16  -3.8194897e-16  
-1.3552928e-16  3.9519961e-16  -4.7035397e-16  -3.1114448e-16  -5.7336719e-18  1.0650395e-15  1.0000000   -1.9382480e-16  9.2684539e-16  -8.6290313e-16  2.3150935e-16  
2.2532720e-17  -3.4549075e-17  -2.8522351e-16  3.8492326e-16  1.4815078e-16  -1.2316602e-15  -2.5669091e-16  1.0000000   7.9062145e-17  -4.4163815e-16  1.1245040e-15  
-1.5895239e-16  -1.3848575e-16  -6.6275832e-16  -1.8788267e-17  -6.3113868e-16  7.2022072e-16  8.7651689e-16  4.6778338e-16  1.0000000   6.1509987e-16  -4.8778293e-16  
-1.8922192e-16  8.5384877e-17  4.6006545e-17  5.0285777e-16  -3.9747228e-16  -1.6010014e-16  -8.8324947e-16  -3.3792888e-16  2.5238312e-16  1.0000000   3.5275132e-16  
-3.8703794e-16  1.1809979e-17  2.1319184e-16  -1.7391619e-16  8.0251459e-16  -2.8898387e-16  1.7455486e-16  1.1511762e-15  1.8545346e-16  6.4634077e-16  1.0000000   
