1.0000000   1.3061480e-16  -1.6115652e-16  -4.1398272e-16  -2.0352752e-16  -2.0394463e-16  1.7053858e-16  2.4324970e-16  7.7468355e-17  1.8198157e-16  -5.0612463e-16  
8.6017180e-17  1.0000000   1.5521871e-16  9.8901847e-17  5.1146436e-16  -3.9416928e-16  6.3688662e-17  -7.0215792e-16  5.8128082e-16  9.4264973e-17  7.5731945e-16  
1.8807160e-16  5.9951920e-16  1.0000000   1.9716762e-16  -3.6378131e-16  7.9128314e-16  2.2583988e-16  5.0795280e-16  -1.2336155e-16  -1.1566038e-16  -6.1857779e-16  
-3.1996945e-16  3.6700722e-17  2.1394423e-16  1.0000000   3.6677641e-16  3.9514947e-18  -4.4622224e-16  -2.5181866e-16  4.7033208e-18  1.8106184e-17  -8.5782554e-17  
-2.4383330e-16  5.3572630e-16  -8.6220794e-17  4.8368696e-16  1.0000000   5.6647194e-17  -1.0236713e-15  -3.0097914e-16  5.4190139e-17  -4.5301473e-17  -4.5012008e-16  
-8.7748402e-17  -2.6803492e-16  5.7804583e-16  1.2661716e-16  -1.0041484e-16  1.0000000   2.7300661e-16  4.4088940e-16  2.1179152e-16  1.2811533e-16  -2.7701450e-16  
-2.4922183e-18  -2.3761791e-16  -1.1132343e-16  -3.9840852e-16  -1.1311429e-15  2.3289749e-16  1.0000000   4.7869308e-16  4.1512375e-18  -3.3870452e-17  -3.4823981e-16  
1.9076512e-16  -5.3227321e-16  3.5431406e-17  -3.4531883e-16  -2.9120274e-16  2.7853673e-16  6.3642085e-16  1.0000000   -6.3365900e-18  1.5478413e-16  -3.3986689e-16  
-1.3366890e-16  6.1684343e-16  -2.1696266e-17  -2.9220073e-18  5.5392814e-17  1.9987380e-16  -2.8354257e-17  1.2038278e-17  1.0000000   1.0723878e-15  -6.3379578e-17  
5.4074661e-17  3.6360148e-17  -1.3498590e-16  5.2598393e-17  -5.1996084e-17  1.6444634e-16  -3.3133732e-17  1.6177070e-16  9.1637955e-16  1.0000000   -8.3517449e-19  
-2.1390341e-17  7.0491056e-16  -6.3037822e-16  -4.3573797e-16  -2.9093718e-16  3.7444785e-17  -3.6838733e-16  -2.7236937e-16  -3.9381692e-17  1.3928186e-17  1.0000000   
