1.0000000   -4.3360196e-17  -3.4284211e-16  5.2353662e-17  -1.3658932e-16  -8.4776782e-17  1.3139589e-15  -4.1200991e-16  -5.9067658e-17  -4.9451585e-17  -3.3885010e-16  
2.6512638e-17  1.0000000   5.9991674e-16  -4.9287496e-16  -6.1683222e-16  3.5610365e-16  3.4805563e-16  -1.8061637e-16  3.2824130e-16  1.7075594e-16  -3.1174269e-16  
5.4507271e-16  6.2816299e-16  1.0000000   -8.0731416e-16  -8.7414924e-16  6.5885679e-16  -3.1957472e-16  7.5808361e-16  6.4020874e-16  5.6893615e-18  -7.0706499e-16  
-1.4312338e-17  -3.8666944e-16  -8.8336616e-16  1.0000000   -4.3099376e-16  -4.0106715e-16  -6.4160550e-16  9.0920414e-17  1.7467998e-15  2.7473196e-16  8.3897131e-17  
-5.9234813e-17  -6.4618389e-16  -9.5029109e-16  -4.5875406e-16  1.0000000   6.2018107e-16  -4.5719945e-16  -4.6907684e-18  1.3402736e-16  1.8290025e-16  -2.3663772e-16  
-4.6578642e-16  4.2888727e-16  8.5754241e-16  -4.0754308e-16  7.8183425e-16  1.0000000   2.3914647e-16  -3.8811473e-16  2.9894045e-16  -4.1954251e-16  1.2271210e-16  
1.1231786e-15  3.0751976e-16  -6.0986524e-16  -6.2746437e-16  -4.0928627e-16  -1.1716467e-16  1.0000000   -1.5990145e-15  2.5771904e-16  6.1941845e-16  -7.9094503e-16  
-5.6608774e-16  -1.3186693e-16  7.6870956e-16  2.1121604e-17  1.2957090e-16  -4.0775282e-16  -1.7032936e-15  1.0000000   3.8889376e-17  2.6379270e-17  -6.0692678e-16  
-1.3650358e-16  3.2984847e-16  7.4321659e-16  1.8180067e-15  4.2216398e-17  4.7139570e-16  3.2259100e-16  2.0312416e-16  1.0000000   3.7598310e-16  2.1023358e-17  
-1.0798192e-16  1.2007435e-16  1.4576806e-16  3.0734226e-16  3.0389373e-16  -4.5654614e-16  5.6188964e-16  1.5395175e-16  4.3792969e-16  1.0000000   -4.3033848e-16  
-9.7267295e-17  -3.6015239e-17  -5.3990134e-16  2.3115254e-16  -7.7268887e-17  7.3433394e-16  -1.6297431e-16  -5.6787969e-16  -9.7932255e-17  -4.5956450e-16  1.0000000   
