1.0000000   -1.0069313e-16  8.5612662e-17  7.2546480e-17  -2.7393665e-18  -3.4087008e-17  8.6083115e-17  -5.3955497e-17  -2.1954124e-18  -1.8448119e-16  1.5113716e-16  
4.4095276e-17  1.0000000   6.6451769e-17  -2.5000888e-16  2.0212110e-16  7.3047278e-16  3.2999806e-16  -8.0861610e-16  -1.1270858e-16  -7.2398318e-16  5.2599838e-16  
5.0751986e-17  1.4324899e-16  1.0000000   -1.9840606e-16  4.2187570e-16  -6.0349890e-16  -8.6553950e-16  1.8774341e-16  1.1257265e-16  1.7035218e-16  3.8387178e-17  
1.6979889e-16  -1.0917934e-16  -9.7714000e-17  1.0000000   5.4691139e-16  -7.6761015e-17  -3.9018280e-16  4.4501552e-16  3.0013760e-16  5.2558745e-16  4.0639802e-16  
-2.1505080e-16  1.5565760e-16  2.7985448e-16  5.9328966e-16  1.0000000   -2.1545744e-16  1.3943755e-16  -4.8261092e-16  -1.2441892e-16  -1.8462230e-16  1.9171151e-16  
-9.2735101e-18  8.3689069e-16  1.2139268e-15  -9.2275725e-17  -2.6016003e-16  1.0000000   6.5123906e-16  8.1056019e-16  8.0432925e-17  4.1514991e-16  1.4393970e-16  
-7.7394164e-17  5.4987956e-16  1.3810391e-15  -3.6904303e-16  3.5815707e-16  8.2317436e-16  1.0000000   -1.5574164e-16  8.2875739e-16  2.5334441e-16  3.5065258e-16  
1.3244187e-16  -4.7553075e-16  4.3743302e-16  3.9935677e-16  -4.9312195e-16  7.2637404e-16  -1.1236506e-16  1.0000000   -6.6473420e-16  7.0552141e-16  -2.6514249e-17  
3.6061529e-17  -9.4922724e-17  -9.9051893e-18  2.8160953e-16  -1.3361852e-16  8.0346898e-17  9.0505417e-16  -6.7135453e-16  1.0000000   3.6918573e-16  4.1128532e-17  
2.6801691e-16  -6.8127118e-16  4.2807010e-17  4.3213299e-16  -3.5335234e-16  2.6214798e-16  3.2776877e-16  5.7066385e-16  4.4003488e-16  1.0000000   3.4372766e-16  
-1.2482621e-16  5.8864436e-16  1.0919081e-16  4.2795988e-16  3.4518795e-16  2.9853507e-16  2.0924763e-16  -2.0421964e-18  4.2124643e-17  3.9620932e-16  1.0000000   
