1.0000000   -4.0407954e-18  2.4123128e-16  2.6504167e-16  -5.6335238e-17  2.9461045e-16  -2.2434749e-16  1.0542804e-16  2.4247478e-17  6.1738751e-16  5.8880703e-16  
3.7377212e-17  1.0000000   -7.7171719e-17  2.2552008e-17  -9.7349811e-17  -2.9636604e-16  1.0793652e-16  -3.9805867e-16  -4.4118469e-16  8.3525743e-17  2.8318491e-16  
-9.8278098e-16  -1.0421983e-16  1.0000000   1.1436750e-15  4.6258851e-16  -1.5597881e-15  -2.7480692e-16  7.0755176e-16  2.0508583e-16  6.9012878e-16  5.9386113e-16  
5.9070531e-16  1.2012038e-16  1.1661353e-15  1.0000000   6.4644074e-16  3.5506095e-16  -4.1458914e-16  3.9623050e-16  4.5744633e-17  1.3454213e-15  -1.0346491e-15  
3.6464257e-16  -1.3276914e-16  3.0231491e-16  5.4689337e-16  1.0000000   1.7228171e-16  9.2895374e-17  2.9715504e-16  3.9177495e-16  2.9265616e-16  -5.2691929e-16  
3.1627545e-16  -3.1642157e-16  -1.5277413e-15  3.7371590e-16  1.8625594e-16  1.0000000   -4.1930154e-16  -6.4870857e-16  -8.6597063e-16  2.0461620e-16  4.1559672e-17  
-2.2728213e-16  8.5695832e-17  -3.1418799e-16  -2.8621659e-16  9.9110127e-17  -4.7198660e-16  1.0000000   -2.6886624e-16  6.2488642e-16  3.3295581e-16  1.6451650e-15  
1.6214917e-16  -2.9110896e-16  5.6339981e-16  4.9417400e-16  2.3942615e-16  -6.2835646e-16  -1.7717444e-16  1.0000000   -9.4805602e-16  -8.8844342e-16  -4.9556128e-16  
2.9004952e-16  -6.1741042e-16  4.6689049e-16  4.4243605e-17  5.1493459e-16  -8.6230324e-16  6.2048549e-16  -7.2982155e-16  1.0000000   6.8512947e-16  -6.6523575e-16  
5.1132319e-16  -1.8753850e-16  9.0122937e-16  1.3380041e-15  7.2894576e-16  3.0249446e-17  8.5277054e-17  1.6064518e-16  -5.1842937e-16  1.0000000   -3.8390900e-16  
4.8189363e-16  1.9335255e-16  5.6976488e-16  -1.0942742e-15  -3.4119800e-16  -3.6822640e-17  1.4891314e-15  -1.3501282e-16  -1.2285664e-15  -6.2220690e-16  1.0000000   
