1.0000000   2.6587234e-17  5.0793159e-18  -7.8835661e-17  -1.2083972e-16  8.5475179e-18  2.0113485e-16  -3.3406266e-17  -5.0084911e-17  -4.7337765e-17  -1.0105632e-18  
3.9547619e-17  1.0000000   -3.8336939e-16  8.1442785e-16  1.7705383e-15  9.0810630e-16  -6.6830673e-17  -7.8545726e-16  5.8733924e-16  4.9819436e-16  -4.6349447e-16  
-6.3766555e-17  -2.8671871e-16  1.0000000   1.9711824e-16  9.2808510e-16  1.7298301e-16  3.0891545e-16  -4.9544042e-16  -4.6789864e-17  2.0397703e-16  2.5223424e-16  
1.0745116e-16  7.7709431e-16  4.1741941e-16  1.0000000   8.5327002e-17  1.1576128e-15  -1.5729489e-16  3.0640151e-16  -8.1564177e-16  -2.9928216e-16  4.0469583e-16  
-1.3932571e-16  1.8931490e-15  8.9527281e-16  9.8734620e-17  1.0000000   -3.8295000e-16  6.8417147e-16  5.0029866e-16  -7.6260094e-16  -2.5223918e-16  -3.0024048e-15  
-7.0147057e-17  9.2045593e-16  2.5838383e-16  1.2457269e-15  -4.3752611e-16  1.0000000   8.9434313e-16  -4.3913192e-16  1.7168413e-16  3.2156759e-16  7.8697873e-16  
-4.9928899e-17  -2.1663686e-16  3.2690835e-16  -2.9794737e-16  5.7823274e-16  8.6448732e-16  1.0000000   -1.3886519e-17  4.8628587e-16  -4.2074926e-16  -8.0351052e-17  
1.0332352e-16  -7.9776986e-16  -5.4712643e-16  5.9677960e-16  4.8687990e-16  -3.2966431e-16  -3.9475615e-17  1.0000000   -1.1796441e-16  3.4416661e-17  -1.3458582e-16  
-5.2107786e-17  5.6897627e-16  3.6758476e-17  -9.0501308e-16  -8.4137532e-16  2.2952932e-16  4.7001514e-16  -1.5432133e-16  1.0000000   6.3554351e-16  1.7364408e-16  
-1.3842014e-16  5.0581722e-16  3.4280605e-16  -1.2294109e-16  -2.0230269e-16  1.8357380e-16  -6.0380886e-16  1.1645967e-16  4.9086322e-16  1.0000000   -2.4308109e-16  
-6.7903534e-17  -5.2020085e-16  2.2162988e-16  3.9291995e-16  -2.8580094e-15  7.6547574e-16  -2.6357464e-16  -6.1966108e-17  2.8250302e-16  -2.1219149e-16  1.0000000   
