1.0000000   -2.3820037e-17  1.2440654e-16  4.9796294e-16  -1.6126020e-16  -1.9928286e-16  -4.4594325e-16  -2.1460486e-16  5.7108293e-16  -1.6350318e-16  1.6281231e-16  
-3.7379482e-17  1.0000000   -1.4228795e-16  -1.7334743e-16  6.7982435e-16  2.5744095e-16  3.0549831e-16  3.4279492e-17  -2.7892428e-16  2.9282505e-16  4.9807542e-16  
5.2711912e-16  1.3201824e-17  1.0000000   -6.5839178e-16  -6.1212205e-16  -2.9597541e-16  -1.4511847e-16  -5.0498130e-16  7.6511138e-18  7.1637335e-16  -7.5897526e-16  
2.6202763e-16  2.1301737e-16  -9.2450054e-16  1.0000000   1.6756986e-16  5.2901154e-16  -4.1867260e-16  -5.2254055e-16  -6.7184686e-17  5.5986920e-16  1.1951429e-16  
-2.2219812e-16  7.0350906e-16  -5.8448197e-16  3.0296422e-16  1.0000000   2.3679574e-16  8.1673220e-17  1.6519387e-16  -1.2089588e-16  5.3349602e-17  3.6211929e-17  
-3.3774291e-16  1.1427008e-16  6.0632644e-17  1.1167711e-15  3.0112931e-16  1.0000000   5.2731621e-16  6.3242290e-16  9.3840084e-16  1.0817585e-15  1.5246819e-16  
-3.8987115e-16  3.5126084e-16  -1.9852443e-16  -4.3793148e-16  -3.8685566e-18  4.5802342e-16  1.0000000   -3.3693611e-16  -1.9489594e-16  -6.7466755e-18  1.0309704e-16  
-1.3392292e-16  7.8488222e-17  -5.1178271e-16  -6.7967754e-16  6.5723205e-17  6.9840804e-16  -3.1551354e-16  1.0000000   1.2575477e-18  7.5341032e-16  -1.3017329e-16  
5.3797904e-16  -2.6985490e-16  -6.9123543e-19  -1.2320526e-16  -1.6256815e-16  9.2193099e-16  -3.6073276e-17  3.7923724e-17  1.0000000   -3.4310308e-17  1.1333221e-17  
5.5135149e-17  3.1843748e-16  7.0976223e-16  7.1281503e-16  3.8640717e-17  1.0747358e-15  4.7985323e-17  4.9783727e-16  -6.0621957e-17  1.0000000   -4.0523459e-17  
1.9908519e-16  7.6863737e-16  -5.9199626e-16  3.3936116e-16  1.1557765e-17  8.8597621e-17  1.3861313e-16  -1.1276846e-16  1.1793180e-17  -5.6490533e-17  1.0000000   
