1.0000000   -2.6406842e-17  2.2462429e-16  -2.8892839e-16  2.1346320e-16  -5.4550085e-16  4.0527884e-16  1.8864757e-16  6.4325692e-17  1.9487218e-16  4.1864556e-16  
-6.4364885e-17  1.0000000   -5.1697523e-17  -1.6311911e-16  4.1181784e-16  -4.3834712e-16  4.5873290e-16  -8.7352795e-17  -1.1004099e-16  -8.0024087e-19  1.3172336e-16  
1.1017607e-16  -5.1020403e-17  1.0000000   4.5645329e-16  -1.4942073e-16  5.1163376e-16  3.9535223e-17  -1.0503662e-16  -2.2220805e-16  2.1214046e-16  -1.6799670e-16  
-1.2964855e-16  -1.7326237e-16  4.8963772e-16  1.0000000   -5.3862400e-16  -4.8142325e-16  -2.1434319e-16  1.7829378e-16  1.0500007e-16  -1.2158905e-17  4.1740991e-16  
1.4428482e-16  5.3935981e-16  -2.0358295e-16  -4.8848375e-16  1.0000000   2.6163943e-16  1.9461609e-16  -2.4198662e-16  -7.4181346e-17  -5.4959483e-17  5.0613014e-16  
-3.0659712e-16  -4.0383801e-16  4.5716354e-16  -4.5960250e-16  2.1928104e-16  1.0000000   1.3732559e-16  4.4234124e-16  1.3436749e-16  7.8670767e-17  -1.9536984e-16  
2.3136688e-16  4.0178711e-16  1.4808122e-16  -1.4328530e-16  2.3111522e-16  9.5041686e-17  1.0000000   -3.1427728e-16  -4.2248927e-16  -1.7672888e-16  3.5298828e-16  
-2.3965503e-16  -3.2918881e-18  -1.5440466e-16  3.2406114e-16  -2.2611423e-16  4.5945870e-16  -1.9765460e-16  1.0000000   5.4842260e-17  5.1115492e-17  -2.3608337e-16  
-2.3770865e-16  -2.0492859e-16  -2.7019502e-16  -1.0166120e-16  -8.0004578e-17  1.7723992e-16  -4.7543301e-16  1.7228683e-16  1.0000000   1.2992665e-16  -1.1995511e-16  
2.4566606e-16  -3.7406072e-17  2.1575925e-16  -4.6397925e-17  -8.3974825e-17  -4.9143756e-18  -4.2031742e-16  6.5694644e-17  6.0968742e-17  1.0000000   3.7010586e-16  
2.5500245e-16  1.4228421e-16  -1.2112741e-16  3.7083710e-16  4.8850677e-16  -1.7672072e-16  2.4118077e-16  -2.9914483e-16  -1.1854057e-16  4.8011130e-16  1.0000000   
