1.0000000   -4.2010907e-17  -5.4412881e-16  -3.4962365e-16  5.6743993e-17  1.5909297e-16  9.1816940e-17  2.8234972e-17  1.9215637e-16  1.8961373e-16  2.5883340e-17  
-5.5966131e-18  1.0000000   2.5998346e-16  -2.5822326e-16  2.2764886e-16  6.3665019e-17  -4.9407525e-16  2.9455217e-18  5.6256295e-17  -2.0493550e-16  5.9320925e-17  
3.2864947e-16  2.6406217e-16  1.0000000   5.1833143e-16  1.4705598e-16  -4.1611455e-17  4.3486463e-17  -6.3391746e-16  8.8251108e-16  -3.4291568e-16  7.9518907e-18  
-3.6250387e-16  -2.2689754e-16  4.9531337e-16  1.0000000   9.8867261e-16  1.6471008e-16  -3.0960767e-16  1.1963239e-15  -3.4939820e-16  -4.3105365e-16  2.2416181e-17  
2.8286310e-16  2.0796643e-16  2.2325990e-16  9.3880320e-16  1.0000000   -2.7650027e-16  1.3280779e-16  -1.7388883e-15  -5.9577669e-16  -3.8781536e-16  -4.0675451e-17  
-1.0555256e-16  3.0464335e-17  -3.6478039e-17  2.1509077e-16  -3.7501833e-16  1.0000000   7.1258671e-16  9.6856623e-17  1.7312623e-15  -3.0939445e-16  -3.5597824e-17  
-1.2777669e-16  -2.4511981e-16  2.3196626e-16  -1.0919082e-15  1.8161732e-16  7.8618524e-16  1.0000000   8.5236390e-17  1.1359458e-16  4.0383138e-16  1.7135547e-17  
-1.9600394e-17  1.6769817e-16  -5.7546234e-16  6.9907625e-16  -1.6698443e-15  2.0895925e-16  4.5002795e-17  1.0000000   -2.9022171e-16  -3.6554463e-16  -2.1217967e-17  
3.7908165e-16  2.5281239e-17  8.9771743e-16  -1.9283393e-16  -5.9649007e-16  1.5613170e-15  -6.7506280e-18  -3.2582537e-16  1.0000000   -1.0560982e-15  1.6317875e-18  
7.2057404e-17  2.3066145e-16  -3.3969745e-16  1.4000575e-16  -5.0983552e-16  -2.5426441e-16  1.1493255e-16  -4.9852570e-16  -9.9878079e-16  1.0000000   -1.2892869e-17  
-3.0198296e-18  6.4153043e-17  -1.0700130e-17  1.9713457e-17  -3.6922080e-17  -2.7154146e-17  1.9141333e-17  -1.8874931e-17  1.5154002e-17  -1.3833896e-17  1.0000000   
