1.0000000   6.1171803e-17  5.6163396e-16  -1.9648866e-16  -8.5612346e-17  1.9941792e-16  -6.4739223e-18  -3.5773532e-16  9.1923978e-18  4.0577088e-16  -1.0659486e-17  
1.1841211e-16  1.0000000   -1.7440335e-16  9.8023672e-17  3.7416031e-16  2.1044057e-17  -1.5173700e-16  -2.8601081e-16  1.2473606e-16  -5.8086096e-16  6.0004973e-16  
9.3662958e-16  -2.9563081e-16  1.0000000   1.9714410e-16  4.8056944e-18  5.1123844e-16  6.9667184e-16  -1.7286911e-16  6.4889115e-16  -5.2749829e-16  -6.3048220e-16  
-3.8364794e-16  9.5251312e-17  2.1559081e-16  1.0000000   9.1001805e-16  -4.1435008e-16  9.9775438e-17  -7.9087632e-18  -4.6504132e-16  1.8606214e-16  -3.1150145e-16  
-2.0479928e-16  6.5532298e-17  -1.7775430e-16  1.0055123e-15  1.0000000   -8.8426262e-16  2.3088242e-16  1.3778886e-16  4.7416200e-16  5.5734010e-16  -3.9103107e-16  
1.8229823e-16  -3.9208166e-17  5.6242004e-16  -3.6992097e-16  -7.8823383e-16  1.0000000   2.0446660e-16  -7.0341514e-17  -6.1636065e-16  -6.7432377e-16  -3.5487404e-16  
-4.7195176e-17  -1.8613013e-16  6.6009391e-16  1.4769406e-16  -1.6162698e-16  3.4113022e-16  1.0000000   -3.5418165e-16  -4.6458532e-16  -8.4504579e-16  -8.8955548e-16  
-7.6892212e-16  -1.1132564e-16  -3.9127815e-16  1.2589623e-17  -5.3307643e-16  -8.5216162e-17  -4.3791152e-16  1.0000000   -2.7025635e-16  6.0776414e-16  -2.6859372e-16  
8.5440284e-17  -2.3451070e-17  7.4307984e-16  -2.1507622e-16  7.7975916e-16  -6.3363820e-16  -4.8129312e-16  -2.7918913e-16  1.0000000   -6.6249079e-16  -3.4965266e-16  
3.5201802e-16  -3.0676023e-16  -7.2157531e-16  1.7138076e-16  -1.8129258e-16  -7.1750018e-16  -8.4335251e-16  5.4911822e-16  -4.8499708e-16  1.0000000   -4.7833602e-16  
-7.1563273e-17  -4.9450806e-17  3.6210235e-17  -2.2273409e-16  1.4032634e-15  -3.3049632e-16  -8.3465494e-16  -1.9377361e-16  -2.8566906e-16  -4.5459115e-16  1.0000000   
