1.0000000   -2.3560432e-17  -7.3186799e-17  -3.8082213e-17  6.1791492e-17  -6.7023052e-17  -4.0189515e-17  1.7602417e-17  1.6441679e-16  9.8679876e-19  5.3082006e-17  
1.4090607e-17  1.0000000   -2.0383611e-17  1.0485315e-15  1.3480657e-16  4.7451864e-16  6.8913659e-17  1.5834924e-19  4.3712240e-16  1.5946193e-16  2.6600482e-16  
-2.2308281e-17  -2.5934864e-17  1.0000000   -5.1335193e-16  -5.5024637e-16  1.0066558e-16  1.5625853e-15  1.4118313e-16  -4.7132924e-16  1.1342899e-15  1.3177556e-16  
-9.2177416e-17  1.0564293e-15  -4.6464869e-16  1.0000000   1.2710120e-15  -6.0662154e-16  -4.8578705e-16  -1.5120552e-16  -4.6498217e-16  -5.5630543e-16  -2.2220131e-16  
-5.1031454e-17  1.9839931e-16  -4.3699439e-16  1.1221506e-15  1.0000000   -5.8552415e-16  7.2514825e-17  9.7380863e-17  7.1922423e-16  5.2511414e-16  -2.3130776e-16  
7.8973088e-17  4.3436471e-16  -1.4786244e-17  -3.0669846e-16  -4.9594338e-16  1.0000000   -6.6275530e-16  -1.9391112e-16  -7.9442400e-16  -2.9337545e-16  7.2901585e-17  
2.0981046e-18  -1.2479052e-16  1.8607467e-15  -4.6951924e-16  2.2708852e-16  -6.5201649e-16  1.0000000   2.6513759e-16  -4.0551279e-16  2.6282783e-16  -1.1472214e-17  
-6.6989432e-17  8.0433924e-17  3.0937867e-17  5.8191309e-17  9.6718568e-16  -4.8868258e-16  1.9208731e-16  1.0000000   -2.6419308e-16  2.0226382e-16  3.4650424e-16  
-1.0672154e-16  5.2467640e-16  -3.5685024e-16  -3.4057957e-16  8.4495867e-16  -7.7145351e-16  -4.5453127e-16  -3.9825084e-16  1.0000000   3.8041117e-16  -7.5284288e-18  
-5.8188938e-17  3.3266354e-16  1.0342925e-15  -3.7408350e-16  4.8039079e-16  -2.9123607e-16  3.4493589e-16  1.4506654e-16  3.0973155e-16  1.0000000   -1.3760558e-16  
9.1645808e-17  2.3455661e-16  5.6735795e-17  -1.9458888e-16  -2.3750634e-16  1.4902782e-16  5.6268399e-17  2.1841676e-16  -7.8632186e-17  -1.4088021e-16  1.0000000   
