1.0000000   3.3709329e-17  -1.6111600e-16  1.2514542e-16  -3.7806211e-16  3.2043196e-16  -8.1440515e-18  1.5393192e-16  3.5510453e-16  -3.8280548e-17  3.5374273e-16  
-2.3430974e-17  1.0000000   7.2771553e-17  1.8024074e-16  -3.1749987e-17  -1.4841694e-16  -4.9834012e-16  -2.5556011e-16  1.3600854e-16  3.4206419e-16  6.2336736e-18  
-3.4746429e-16  8.5819018e-17  1.0000000   8.3512789e-16  3.7863543e-16  6.8543872e-16  3.7647217e-16  -8.5643687e-16  3.9181086e-16  2.6157110e-16  -3.9379041e-16  
1.3462346e-16  2.3081021e-16  8.0715420e-16  1.0000000   -5.5975185e-16  2.1450922e-16  -4.5686491e-16  -1.2986113e-16  3.6542302e-16  -2.1653617e-16  3.5224606e-17  
-4.9368778e-16  -2.2842773e-16  8.7014122e-17  -5.6298302e-16  1.0000000   -8.6619987e-16  3.8957100e-16  5.8816059e-16  1.5592996e-16  -3.4171820e-16  -8.4003786e-16  
4.2293936e-16  -5.4647470e-16  1.5548449e-16  2.5171810e-16  -1.4208174e-15  1.0000000   4.3426815e-16  1.7765235e-15  2.9302471e-16  -3.0579467e-16  -5.8566082e-16  
1.8168165e-16  -8.7690765e-16  -1.2518561e-16  -2.0395820e-16  -1.7881022e-16  5.4927355e-16  1.0000000   7.4543147e-16  -4.7028143e-16  -6.6578576e-16  1.0491244e-15  
-8.5240872e-17  -2.1604512e-16  -8.6374994e-16  6.5570301e-17  6.0930695e-16  1.6809310e-15  6.8465352e-16  1.0000000   -8.2258274e-16  -3.3875914e-16  -3.9070758e-17  
1.8059879e-16  -6.2318681e-17  1.0678512e-16  4.2633127e-16  4.3733145e-16  1.3331240e-15  4.7426397e-16  -5.8731809e-16  1.0000000   -1.2342163e-15  2.8564069e-17  
-5.1471379e-17  3.2993661e-16  1.2954178e-16  -1.4261736e-16  2.6009983e-16  9.4571280e-16  4.7959748e-16  -3.8155069e-16  -8.2516927e-16  1.0000000   -1.4876778e-16  
2.9609434e-16  -1.7116154e-17  -3.8682430e-16  3.3686447e-17  -8.4297489e-16  -3.1679905e-16  1.1118900e-15  -5.6972601e-17  6.7965924e-17  -1.8006819e-16  1.0000000   
