1.0000000   8.8757957e-17  -4.8153204e-16  -1.4738678e-16  -7.0647645e-17  1.2701722e-16  -6.5977799e-17  -5.6230193e-17  -1.7070303e-16  -7.9112201e-17  -3.8111063e-17  
4.8934008e-17  1.0000000   -2.4850738e-16  1.5329334e-16  6.0172666e-17  5.4814375e-16  -4.0441203e-16  -3.9658060e-16  7.1030569e-16  7.9596087e-17  -1.0640945e-16  
5.1992093e-16  -2.1271236e-16  1.0000000   2.7852415e-16  3.7072293e-16  -7.0561723e-18  -4.8795905e-16  2.6343857e-16  1.0948366e-16  2.8266267e-17  -5.0023934e-16  
7.1225033e-17  2.6773973e-16  4.2047471e-16  1.0000000   -6.2722955e-16  2.9466425e-16  -6.1898572e-16  -4.4331602e-16  2.8317839e-16  5.0372222e-16  2.8648010e-16  
1.2799632e-17  -1.3035977e-16  -2.8921927e-17  -6.2262056e-16  1.0000000   -2.4850754e-16  3.3680722e-16  -1.3357567e-15  -8.4660516e-17  -2.7255823e-16  -3.7904724e-16  
-9.9880976e-17  6.9671383e-16  -1.6514404e-16  -2.4699395e-16  5.3796712e-16  1.0000000   3.2672207e-16  3.5329478e-16  6.5109202e-16  -5.6448226e-16  5.5881279e-16  
-1.7669061e-17  -5.8154478e-16  -8.7120192e-16  -5.3861330e-16  2.4426462e-16  -3.2123911e-16  1.0000000   -4.3132916e-16  -1.0960085e-15  2.4734902e-16  -9.2920023e-16  
-2.4576552e-17  -4.9316804e-16  -1.5457867e-16  -3.8320922e-16  -1.0068065e-15  -5.8064211e-16  -1.6918010e-16  1.0000000   1.2962065e-16  -1.9357313e-17  -3.2130331e-16  
2.0335774e-16  6.2245798e-16  -2.7446096e-17  2.5805012e-16  -6.3230477e-17  5.6144109e-16  -9.4292077e-16  1.7511435e-16  1.0000000   3.1066926e-16  -6.4001259e-16  
-3.1205632e-17  2.0078335e-16  8.8002553e-17  5.1356865e-16  -3.1215307e-16  -4.5629530e-16  2.0332318e-16  5.8591684e-18  3.1485252e-17  1.0000000   -2.7478765e-16  
2.0522854e-17  -1.3086691e-16  -6.0617982e-16  2.5302060e-16  -4.3582556e-16  5.5497612e-16  -1.0885136e-15  -3.0091777e-16  -5.5208316e-16  -2.1331042e-16  1.0000000   
