1.0000000   -1.0517805e-16  5.0671180e-17  7.6091780e-17  -1.1370240e-16  6.3489957e-17  1.2251832e-16  5.8865530e-17  4.4883638e-17  -5.7449637e-19  -6.5690978e-17  
-4.6239178e-17  1.0000000   3.1059957e-16  5.6618284e-16  2.3662866e-16  4.0490423e-16  -4.3503464e-16  -6.6212322e-16  1.7124259e-16  -4.4552610e-17  -6.3069142e-16  
-2.7770157e-17  2.7412799e-16  1.0000000   -1.0800312e-15  8.9558566e-16  6.7866146e-17  -1.8196571e-16  6.8647354e-16  -1.0295791e-16  -9.4627498e-16  -7.8835050e-17  
2.0732220e-17  4.7321535e-16  -9.5874651e-16  1.0000000   -3.8360660e-16  -2.2889596e-16  1.6076432e-16  1.5007904e-16  3.4637485e-16  -3.3784151e-17  -1.7392106e-16  
-7.6580888e-17  2.3379618e-16  1.0053030e-15  -3.2136191e-16  1.0000000   7.1612039e-16  5.7403934e-16  -1.6024087e-16  -3.9929846e-16  -6.4856059e-16  3.0837834e-16  
-1.4260171e-17  2.8658946e-16  -7.6506484e-17  -2.6155696e-16  7.5460259e-16  1.0000000   -1.3408908e-16  -1.3013596e-17  -6.0796970e-16  -2.0418499e-16  1.4733249e-16  
5.2749099e-18  -3.5291322e-16  -9.8069236e-17  1.6992785e-16  4.6242418e-16  -2.7196283e-16  1.0000000   -6.0133099e-16  1.6555563e-16  9.1775337e-16  -2.8351972e-16  
-1.4054169e-16  -6.6524299e-16  7.1628619e-16  3.9370905e-17  -1.4747769e-16  2.5124585e-18  -4.4793694e-16  1.0000000   -5.7752281e-17  7.2557663e-17  -4.4086032e-16  
2.5200624e-17  2.6746280e-16  -1.6461664e-16  3.7754183e-16  -3.4410807e-16  -4.4182189e-16  3.0479365e-16  -1.1091947e-16  1.0000000   -1.6067154e-16  7.0533281e-17  
6.0672693e-17  -1.2120111e-16  -8.6023883e-16  -6.1168345e-17  -6.2546617e-16  -3.1837155e-16  8.5274249e-16  9.8759621e-17  -1.3943160e-16  1.0000000   1.8781939e-16  
7.2949733e-17  -5.6494556e-16  -1.4215246e-16  -1.0103600e-16  3.5270121e-16  2.7206656e-16  -2.3222679e-17  -2.9959047e-16  -5.8911989e-17  1.2030240e-16  1.0000000   
