1.0000000   -2.5628893e-17  1.3333524e-17  1.7068281e-16  -1.3276241e-17  -7.3881986e-16  1.7218376e-16  -9.9196357e-16  -3.7077340e-16  -9.9429699e-18  -2.6511178e-16  
3.4580791e-17  1.0000000   -1.9928186e-16  2.5410678e-16  -5.0080467e-16  -4.5458037e-16  -1.1114517e-16  2.6244051e-16  -8.6769890e-17  -2.9262563e-16  6.5740282e-17  
-1.8947740e-16  -2.1063016e-16  1.0000000   -1.5876568e-15  4.9498152e-16  -7.8849825e-16  1.4363881e-16  3.4150727e-16  -4.5620142e-16  2.5188600e-16  -6.7836328e-16  
-1.4444903e-16  2.9154446e-16  -1.5426592e-15  1.0000000   -2.7301244e-16  -1.9993721e-16  -5.0943140e-16  -5.0449583e-16  -2.0078711e-16  8.9986078e-16  4.4354033e-17  
2.8822346e-16  2.5858038e-16  4.5897822e-16  -2.8808415e-16  1.0000000   7.4645001e-16  9.2587625e-16  -4.7559628e-16  -5.9710082e-16  -2.7264503e-16  -9.4453830e-16  
-6.2993632e-16  -1.9221650e-16  -6.8145575e-16  -7.8933181e-17  7.5402405e-16  1.0000000   -8.9133661e-17  1.3671128e-17  -2.1347927e-16  -9.6868460e-16  -9.2681922e-17  
8.8686166e-17  -1.6265803e-16  2.0107301e-16  -4.3051428e-16  1.3900857e-15  6.5608810e-17  1.0000000   2.2157367e-16  1.0919610e-15  -2.8294507e-16  -6.3987156e-16  
-1.2273612e-15  3.2394482e-16  6.2554308e-16  -4.8710707e-16  -4.3998173e-16  2.4160442e-17  1.5043624e-16  1.0000000   5.4023021e-16  -9.3970824e-17  3.2501184e-16  
-2.1746323e-16  -1.0085536e-16  -4.2695217e-16  -1.7205757e-16  -5.5677092e-16  -1.3846177e-16  9.6726934e-16  6.1390772e-16  1.0000000   7.6859287e-16  -6.8181494e-16  
-6.6845959e-17  -3.1611688e-16  1.3469849e-16  1.0409322e-15  -2.1192714e-16  -8.1812991e-16  -2.0729775e-16  -2.7264559e-16  7.4416691e-16  1.0000000   5.2191968e-16  
-5.6695197e-16  3.8132198e-16  -3.2647869e-16  3.3876236e-17  -7.8840344e-16  -9.3639492e-17  -7.8245177e-16  2.9166944e-16  -7.4901641e-16  4.5580960e-16  1.0000000   
