1.0000000   8.4129239e-17  -1.6323513e-16  -9.4165699e-18  -4.5920720e-17  4.5816749e-17  -1.1386912e-17  -4.1388706e-18  7.8775388e-18  8.2384849e-17  -4.0944487e-17  
3.8327593e-17  1.0000000   -2.3943591e-16  -4.1171652e-16  -1.1847950e-16  3.2618482e-16  3.2571293e-16  2.8244622e-16  -6.4265626e-16  2.7298558e-16  1.5385146e-16  
4.6817952e-16  -2.0765988e-16  1.0000000   7.0388478e-16  2.4551477e-16  -1.3331104e-15  -6.3169032e-16  -1.2244208e-15  -3.2045263e-16  -1.1915174e-15  -5.2591662e-16  
-1.0449942e-16  -3.4616967e-16  6.8758437e-16  1.0000000   -5.7158145e-16  1.8330347e-16  3.8372212e-16  6.7635679e-16  3.9695794e-16  -4.5852223e-17  1.0815899e-15  
-1.2762228e-16  -1.3680677e-16  1.7678509e-16  -5.6885734e-16  1.0000000   1.0381754e-16  -3.8829888e-16  -6.6851478e-16  -7.9005516e-16  -3.2856192e-16  6.8763913e-16  
2.1578192e-16  7.0434156e-17  -1.5923907e-15  2.7126647e-16  1.2325136e-16  1.0000000   4.8707105e-16  -7.7364373e-17  -1.2253331e-15  -4.8939529e-16  -2.1605551e-16  
7.5512950e-18  1.0060097e-16  -8.5170775e-16  5.1347467e-16  -2.9654715e-16  7.2596811e-16  1.0000000   -7.5926155e-16  4.8549210e-16  -1.0374219e-15  -4.6569702e-16  
-4.1159927e-17  7.2454903e-16  -9.8551268e-16  5.6943645e-16  -7.3203043e-16  -6.1565586e-16  -2.8296225e-16  1.0000000   -9.7823254e-16  1.4437399e-15  4.6272436e-16  
4.7047758e-17  -6.2734632e-16  -2.6969723e-16  3.8565497e-16  -7.8478201e-16  -1.2222089e-15  5.7219183e-16  -9.8366917e-16  1.0000000   4.1308010e-17  3.9125976e-16  
-5.8713112e-17  1.3965524e-17  -1.2497281e-15  2.4659108e-17  -3.3849901e-16  -7.0332981e-18  -5.8867251e-16  3.3848847e-16  -6.6556977e-17  1.0000000   3.7811212e-16  
6.3224498e-17  9.4831777e-17  -5.1069480e-16  1.0213735e-15  7.5495115e-16  -9.3098470e-17  -1.8808705e-16  1.2755046e-16  4.7626460e-16  3.1696820e-16  1.0000000   
