1.0000000   -7.2264534e-17  -4.7209930e-16  2.9489154e-16  -7.9200944e-17  -1.8148267e-16  3.7481176e-17  -2.7123733e-17  -4.7639845e-17  6.8713196e-17  3.0208260e-16  
-1.2613964e-16  1.0000000   -1.3474750e-17  4.0099190e-16  -4.2801165e-16  -2.7371900e-16  7.0770081e-17  1.4283828e-16  3.2475662e-16  -1.4002630e-16  4.2608684e-16  
-1.4601143e-17  8.5287227e-17  1.0000000   1.7196708e-16  4.9506192e-16  2.0915675e-16  -1.7390582e-16  -5.9086317e-16  6.5332149e-16  -1.0863594e-16  4.3810221e-16  
5.9651972e-16  4.0445791e-16  2.5955009e-16  1.0000000   -5.4722583e-16  -4.2695499e-16  4.1913449e-16  7.6936565e-16  6.8752000e-16  -1.1109168e-16  3.8792121e-16  
-4.2418558e-16  -2.4241937e-16  6.6239399e-16  -5.1169425e-16  1.0000000   7.8513512e-16  1.1918570e-16  1.0486108e-15  -6.6360671e-16  -6.7918597e-16  8.8520121e-17  
-4.2903429e-16  -4.9245613e-16  7.4731965e-17  -3.0022189e-16  3.8088069e-16  1.0000000   -6.0210714e-16  3.1220722e-16  -6.7060993e-16  7.6218403e-16  9.8749040e-17  
-1.6595598e-16  6.9079923e-17  -1.4249863e-16  3.7137722e-16  1.0480311e-16  -5.6408983e-16  1.0000000   -5.9486648e-16  2.1206198e-16  1.4058422e-17  -8.4875294e-16  
8.6254173e-17  1.3842244e-16  -5.7926911e-16  7.6317432e-16  1.0441488e-15  1.0382964e-16  -7.0648354e-16  1.0000000   -7.3233897e-16  -8.8224538e-16  9.5202903e-16  
1.0352074e-16  3.2297412e-16  6.7396360e-16  4.6241729e-16  -5.3660820e-16  -7.1369189e-16  2.3919873e-16  -7.8975893e-16  1.0000000   -1.9024686e-16  5.2348092e-16  
-8.6622576e-17  1.4692354e-17  6.0063625e-17  -1.3795165e-16  -3.7280338e-16  -4.3383021e-17  -1.4340325e-16  -9.8730214e-16  -2.1804866e-16  1.0000000   1.3795428e-16  
3.2386972e-16  3.8101747e-16  4.6198374e-16  3.3337125e-16  -1.3319745e-17  3.3798226e-16  -8.4303775e-16  8.8385389e-16  5.3432308e-16  1.3339669e-16  1.0000000   
