1.0000000   -1.8486472e-16  1.3379956e-16  -1.0943488e-17  -1.1216092e-16  -4.6451107e-17  5.9941358e-17  1.9526570e-16  -1.6918493e-16  1.3722468e-16  -1.8983342e-16  
-2.5906201e-16  1.0000000   2.4378400e-16  2.5982134e-16  9.4625078e-17  -1.5466313e-17  -4.6406761e-16  -2.4548123e-16  -3.5662433e-17  1.2814555e-16  -4.2518869e-16  
-5.4966371e-16  -1.6392361e-17  1.0000000   2.0683567e-16  1.5655843e-15  -2.0090561e-16  -1.5834190e-16  -5.3297077e-16  4.2812030e-16  -4.2146038e-16  9.1216250e-17  
-2.2201454e-16  2.9848324e-16  1.5349956e-16  1.0000000   -3.1708496e-16  -3.6750621e-16  -3.3396230e-16  -3.9216256e-16  1.1979368e-15  2.7428988e-16  -2.8099175e-16  
-1.7546523e-17  -3.3431319e-16  1.3675352e-15  -3.1695825e-16  1.0000000   -2.1033943e-16  -8.0746560e-16  7.5567317e-16  2.5724270e-16  2.7538589e-16  1.1803115e-17  
-1.1555794e-17  -8.4543624e-17  -2.7881723e-16  -4.0918967e-16  -7.3330382e-16  1.0000000   -8.0206704e-16  8.3087684e-16  -2.0371010e-16  7.9777033e-16  7.8583482e-16  
2.2963664e-16  -3.4054343e-16  1.9867172e-16  -3.0181886e-16  4.8923997e-16  -8.2273176e-16  1.0000000   -2.9257448e-16  2.5756128e-17  -7.1912290e-17  3.5892174e-17  
2.5834685e-16  -2.3829684e-16  -4.3673684e-16  -3.7490899e-16  7.8913602e-16  8.8423432e-16  -3.6910887e-16  1.0000000   -2.0146886e-17  -1.3052478e-16  -6.6222995e-16  
-1.0601028e-16  -7.1446056e-17  2.7765162e-16  1.1369507e-15  -2.3776169e-16  -3.0028521e-16  1.4582989e-16  -1.2567070e-16  1.0000000   -1.7779884e-15  6.2040081e-16  
1.2940508e-16  1.4978783e-16  -4.8446462e-16  2.6243210e-16  2.2606201e-16  7.8243929e-16  -9.4823605e-17  -1.2424582e-16  -1.7545031e-15  1.0000000   3.8973214e-16  
-6.7069657e-18  -3.1891851e-16  -1.6676021e-16  -1.2340889e-16  -2.0564527e-16  6.0633498e-16  6.2944374e-16  -6.6739632e-16  4.8996028e-16  3.1863114e-16  1.0000000   
