1.0000000   5.0313907e-17  -1.8296477e-16  4.7241662e-17  1.5201424e-16  1.2194752e-16  -3.5180030e-16  -3.0602982e-17  -1.8528798e-16  9.4783490e-18  -2.8488287e-16  
5.2972954e-17  1.0000000   -2.1867841e-16  2.1566041e-16  -1.0914200e-16  -3.0782762e-17  -4.6688771e-17  -1.4697413e-16  4.3598127e-16  -5.2458826e-17  5.4604013e-17  
-4.3487045e-16  -6.1784564e-17  1.0000000   2.3208562e-16  -3.2961154e-16  1.1683316e-16  -1.3709066e-16  9.9623661e-17  1.1669714e-16  -9.5019228e-17  -1.3344397e-16  
-1.9428367e-16  2.2323710e-16  2.3197422e-16  1.0000000   -3.2419973e-16  3.8828293e-16  -4.0116025e-16  3.2946050e-16  -3.0361739e-18  -1.3248080e-16  3.8973898e-16  
1.1581269e-16  5.1260389e-18  -2.3516502e-16  -3.2419975e-16  1.0000000   1.8619006e-16  -1.7225026e-16  -7.9801901e-17  7.5243819e-16  4.2482767e-16  -2.6301017e-17  
4.8599795e-17  -3.0782897e-17  1.1680547e-16  3.9652159e-16  1.8619008e-16  1.0000000   -1.9225222e-16  3.5961460e-17  2.4811411e-16  -9.5120534e-16  6.4975705e-16  
3.4498356e-16  -5.4181504e-17  -1.6723797e-16  -4.2271673e-16  -1.5175441e-16  -1.8032315e-16  1.0000000   4.0342818e-18  -3.5580004e-17  -1.3141990e-16  1.6619672e-15  
-3.9101256e-17  -2.2854568e-16  -1.1622164e-16  3.2946117e-16  1.1001940e-16  3.5961450e-17  1.0387867e-17  1.0000000   -2.8611958e-16  -2.4968156e-16  -3.1251672e-17  
1.1950292e-16  4.3421634e-16  1.4008017e-16  -7.1462527e-17  7.5244752e-16  2.3770155e-16  -2.9001256e-17  -2.8612417e-16  1.0000000   2.2813951e-16  3.0871333e-17  
1.6818216e-17  -1.1604415e-16  -9.4900423e-17  6.4565715e-18  4.2610582e-16  -9.4737790e-16  -1.1787406e-16  -2.4953936e-16  1.9596021e-16  1.0000000   5.6762656e-16  
-2.9833872e-16  5.5671591e-17  -1.3678295e-16  2.3671663e-16  -2.9098906e-17  6.8072385e-16  1.5353438e-15  -3.0356614e-17  9.3650129e-17  6.0606952e-16  1.0000000   
