1.0000000   7.6936061e-17  -3.6620194e-17  -5.8121660e-17  8.3988894e-17  -3.6395320e-17  -1.0236885e-16  -1.4031439e-17  4.9508732e-17  3.0437861e-17  2.0256899e-17  
3.5807776e-17  1.0000000   4.7232477e-16  6.7892526e-17  1.2373632e-16  1.0656073e-16  -6.2246605e-17  4.9334243e-18  5.1557662e-16  -7.9875516e-17  -1.1636388e-16  
7.2052431e-17  5.0737965e-16  1.0000000   7.3726438e-16  -6.6938469e-16  2.0254666e-16  8.8319062e-16  -4.7149771e-17  8.0005856e-16  -1.0486850e-17  -1.1442128e-15  
-4.7414474e-17  6.0845503e-17  6.8472210e-16  1.0000000   -9.5526045e-16  5.9162028e-16  -7.7643469e-17  1.3000340e-15  -3.1426611e-16  -2.6050410e-16  1.1071771e-16  
-5.7475292e-17  1.2867664e-16  -5.8361718e-16  -9.6938179e-16  1.0000000   6.3249410e-16  1.2515572e-15  1.5221903e-16  -6.8816452e-16  -3.0921520e-16  -1.0010803e-15  
4.6435869e-17  4.4392724e-17  7.2191699e-17  5.8465339e-16  6.4932109e-16  1.0000000   1.0205161e-15  -4.2802464e-16  3.2754348e-17  -6.7794740e-16  9.3456603e-16  
9.9128167e-17  -1.2225844e-16  6.9399774e-16  -3.2210027e-17  1.3217868e-15  9.3278113e-16  1.0000000   -7.0725977e-16  4.0729922e-17  3.1527349e-16  -2.2530071e-17  
7.7965325e-17  3.9372895e-17  5.4751072e-17  1.2842812e-15  2.2349124e-16  -4.6101177e-16  -6.7766821e-16  1.0000000   2.5723145e-16  3.3861050e-16  -2.0506668e-16  
-8.5030342e-17  4.8004684e-16  8.2486240e-16  -2.1588210e-16  -6.9306862e-16  1.2397444e-17  -8.3135670e-17  2.2424939e-16  1.0000000   -2.2995511e-16  2.5909044e-16  
2.0127891e-17  -1.1659606e-16  -8.0363548e-17  -2.4823058e-16  -2.6089374e-16  -6.6242564e-16  4.5204949e-16  3.2715920e-16  -2.6932340e-16  1.0000000   -1.9195461e-16  
-9.5419850e-18  -3.7759538e-18  -1.0911648e-15  1.2614571e-16  -1.3693761e-15  5.1588896e-16  -2.7759228e-16  -2.2579527e-16  2.7279628e-16  -8.5719734e-17  1.0000000   
