1.0000000   1.2415266e-16  5.2541017e-17  -1.2239448e-16  3.9803473e-17  1.7193634e-16  1.7703987e-17  1.2509131e-17  5.4737690e-17  2.4799362e-16  5.2645532e-16  
3.6314037e-18  1.0000000   4.8392463e-16  -3.9427579e-16  -1.3997587e-16  -6.7385724e-16  3.5221908e-16  2.4115945e-16  -1.1958400e-16  2.3019751e-16  2.2468409e-16  
-1.7109198e-16  4.0875295e-16  1.0000000   -5.5239330e-16  -2.6780414e-16  -4.3895427e-16  2.6546200e-16  -1.1843720e-16  -4.4351599e-16  6.9479726e-16  -4.8760088e-16  
-7.9216548e-17  -7.2296474e-16  -6.5618109e-16  1.0000000   7.3775496e-16  -3.7183993e-16  -1.5153358e-16  -1.6923924e-16  -4.1282452e-16  -6.2021905e-17  -3.1221552e-16  
-1.1935252e-16  -4.2920115e-17  -2.8177487e-16  6.8176315e-16  1.0000000   -3.5380660e-17  3.5571398e-16  7.9477347e-17  5.1716565e-16  6.5741549e-17  2.3443670e-16  
4.1125073e-17  -6.1478566e-16  -4.3013641e-16  -3.7507679e-16  -1.1423903e-16  1.0000000   4.4694317e-16  -7.8342957e-16  -2.6700502e-16  4.4343038e-16  5.1393236e-16  
-2.7965707e-17  2.1459417e-16  2.7971578e-16  -2.8036619e-16  4.0509305e-16  4.1377953e-16  1.0000000   3.8525346e-16  4.3108379e-16  -3.0721770e-16  -2.0037390e-16  
1.4709101e-16  -3.3041096e-17  4.4264752e-18  1.3390241e-16  -9.0129698e-19  -8.6069789e-16  4.1704432e-16  1.0000000   -2.4175685e-16  -1.2287208e-16  6.9164353e-16  
1.4192041e-16  -1.1633242e-16  -6.0458157e-16  -4.5723605e-16  4.2555237e-16  -2.6299602e-16  6.4938961e-16  -1.9966395e-16  1.0000000   -8.8716353e-16  -8.7130214e-16  
1.1196563e-16  1.4362938e-16  6.3410951e-16  -1.2754689e-17  3.6658937e-17  5.0006493e-16  -3.8437223e-16  -1.7422930e-16  -8.7976025e-16  1.0000000   -1.3837384e-16  
4.8705672e-16  9.9358024e-17  -4.4519872e-16  -1.4854480e-16  2.4084196e-16  2.9215720e-16  -2.2193661e-16  5.8359991e-16  -9.1679797e-16  -8.3275621e-17  1.0000000   
