1.0000000   2.4977604e-16  -2.2980657e-16  3.1438155e-16  -7.5158268e-17  4.6798036e-16  2.3463926e-17  1.0124038e-16  3.2164436e-16  -5.6121517e-18  9.1647261e-17  
1.6358953e-16  1.0000000   2.4454763e-17  -3.6596558e-16  -2.9400067e-16  -2.6269553e-16  -4.0465627e-16  -6.5717594e-16  1.4425562e-16  -4.2846331e-16  -1.6892095e-16  
9.6132215e-16  -2.7256668e-17  1.0000000   -3.9723921e-16  2.8227256e-16  6.0706291e-16  2.7104912e-16  -3.8626233e-16  -5.5364321e-17  2.2149766e-16  -9.6694952e-17  
1.5478235e-16  -2.3066992e-16  -2.6165800e-16  1.0000000   4.4288486e-16  7.6960700e-16  -2.7774237e-16  -1.3561636e-15  -2.5665011e-16  -5.2410666e-17  -2.2276607e-16  
-1.5548904e-16  -3.3325088e-16  2.9973623e-16  9.8062027e-16  1.0000000   -6.9410912e-16  -5.8212311e-16  -7.8428764e-17  -1.3297078e-16  6.6399168e-16  -2.5433350e-16  
2.4056626e-16  -2.2840241e-16  6.9779065e-16  -4.1855894e-16  -8.1653717e-16  1.0000000   -2.5203038e-16  -2.3734320e-16  4.8213442e-16  1.0949386e-17  -1.7548320e-16  
4.2697907e-17  -4.4060188e-16  3.2076175e-16  -3.1811211e-16  -4.7226155e-16  -2.3152749e-16  1.0000000   -3.5269155e-16  1.6355997e-16  1.3114925e-16  1.2410978e-16  
1.0673411e-16  -6.6426100e-16  -3.7664028e-16  -1.3070188e-15  3.5977690e-17  -2.4895044e-16  -4.7951282e-16  1.0000000   1.5949039e-16  3.3695695e-16  2.7592098e-19  
2.2876286e-16  1.3137908e-16  -1.4101540e-16  -1.6023529e-16  -7.5923452e-17  5.1540930e-16  7.1322922e-17  2.0949637e-16  1.0000000   -1.7410683e-15  3.4338589e-16  
2.7867980e-17  -2.5935286e-16  5.1062279e-17  1.7414968e-16  5.8733453e-16  1.8990348e-16  1.1959465e-16  2.9185008e-16  -1.7620618e-15  1.0000000   3.0147163e-16  
1.5405731e-16  -1.6495735e-16  -1.3202520e-16  -1.6795096e-16  -3.6463244e-16  -1.2600462e-16  1.6292830e-16  3.6334431e-17  3.5305159e-16  3.5481511e-16  1.0000000   
