1.0000000   -1.2133566e-16  9.5954608e-17  -6.3431483e-16  -5.4355966e-17  1.0332467e-16  -2.3210713e-16  3.1169365e-16  7.6365096e-17  -1.4541559e-16  -4.9483776e-16  
-3.5931685e-17  1.0000000   -3.6747211e-16  9.6559346e-17  1.1541539e-16  -1.7719558e-16  1.0744259e-16  -3.5990730e-16  -1.8537661e-16  4.6857786e-16  -3.1992494e-16  
-2.2636430e-16  -2.9813947e-16  1.0000000   3.5806371e-16  -5.0236468e-16  7.4181559e-16  -7.5778549e-16  8.3783023e-16  -6.3281192e-16  5.4555116e-16  -5.5978368e-16  
-5.2506995e-16  4.2191225e-17  4.7351065e-16  1.0000000   -4.8893724e-16  -9.0613881e-16  8.8249896e-16  1.2399832e-16  -2.3035917e-16  -3.9515119e-16  9.2719276e-16  
2.0825200e-16  4.7214479e-17  -4.5910713e-16  -4.9994305e-16  1.0000000   8.6000193e-17  -2.6371013e-16  -1.9245116e-16  -6.7834263e-17  5.6828714e-18  1.6629290e-16  
5.5389756e-17  -2.6058587e-16  2.9431359e-16  -8.9012014e-16  1.0972347e-16  1.0000000   6.7824414e-16  4.7804341e-16  1.0027513e-16  1.3890808e-16  4.8562771e-16  
5.5564008e-17  1.2889039e-16  -6.1218157e-16  8.2921294e-16  -1.9868527e-16  6.6981605e-16  1.0000000   -5.3026174e-16  -7.0179476e-18  -5.1682827e-17  -2.0351999e-16  
2.1514682e-16  -4.9857561e-16  7.2879184e-16  2.7452260e-16  -2.6138225e-16  4.3830979e-16  -4.2263850e-16  1.0000000   1.6208996e-16  -3.8348739e-16  -8.0647997e-16  
-1.6768842e-16  -2.0487392e-16  -6.5161798e-16  -2.4792810e-16  -4.2581293e-17  1.0522634e-16  2.0218543e-17  1.6087309e-16  1.0000000   -6.3448417e-16  -6.2319796e-16  
-1.5258018e-16  4.5178778e-16  4.4051862e-16  -3.6279723e-16  9.7599628e-17  8.8646392e-17  -1.1310060e-17  -3.1081685e-16  -6.0887938e-16  1.0000000   6.5787355e-17  
-2.3076889e-16  2.4501348e-16  -2.4375398e-16  9.5537185e-16  8.1366927e-16  7.1747756e-16  -2.2813647e-16  -8.1520357e-16  -6.4930033e-16  -8.0181833e-17  1.0000000   
