1.0000000   4.8711731e-17  2.4659106e-16  -4.8229125e-17  1.1052399e-16  -1.2702077e-16  -1.8451176e-16  1.8579243e-16  3.3101221e-18  -8.0778611e-17  -1.2694178e-18  
3.8183783e-17  1.0000000   2.0830556e-16  1.4337536e-17  -1.8349281e-16  -3.2710835e-16  -8.5777359e-17  -2.0305855e-16  -3.1608278e-16  -8.1665509e-16  7.6217393e-17  
-4.6915720e-16  2.0566807e-16  1.0000000   9.6887470e-16  6.4010301e-16  2.5035821e-16  3.0616122e-16  2.0485083e-16  -2.2930899e-16  1.2129173e-15  3.3655250e-16  
-1.3923603e-16  5.2491510e-17  9.0699065e-16  1.0000000   1.0115315e-15  3.2625501e-16  -9.8092594e-16  -6.4459949e-16  -1.5263171e-16  3.2354745e-16  -3.1984814e-16  
-4.4864828e-17  -1.9408778e-16  4.0976667e-16  1.0263792e-15  1.0000000   4.8928074e-16  4.4888017e-16  -4.1554221e-16  -2.2851152e-16  -3.4204467e-17  -2.4001221e-16  
-1.5395885e-16  -4.0200986e-16  2.3947068e-16  4.1770764e-16  1.8182496e-16  1.0000000   1.8376552e-15  -1.3759181e-16  -2.6746476e-16  6.4217113e-16  1.4984352e-16  
9.6741145e-18  -2.0764637e-16  3.2120820e-16  -9.1198495e-16  2.6104954e-16  1.8294428e-15  1.0000000   -9.6793213e-16  -6.1773140e-16  -4.0257651e-16  2.2682865e-16  
-1.1366708e-16  5.4620380e-17  8.3649505e-17  -5.6526565e-16  5.0015554e-16  -1.6515501e-16  -8.6734549e-16  1.0000000   -1.8174484e-16  -4.9896382e-17  1.3922172e-16  
9.2840745e-17  -1.2934982e-16  -3.0946344e-16  -2.3811798e-16  3.0499546e-16  -1.8097269e-16  -7.9939499e-16  -2.8094165e-16  1.0000000   2.3029316e-16  5.5696651e-17  
-1.1891955e-16  -3.7150426e-16  1.1412588e-15  2.9609281e-16  -3.4024185e-16  6.9271651e-16  -4.3401655e-16  -2.8054213e-16  1.6918440e-16  1.0000000   -1.8008344e-16  
2.5542676e-18  1.6014349e-17  3.9125061e-16  -2.5305488e-16  -2.9135378e-16  1.3588441e-16  4.2441687e-16  3.5320935e-16  7.3668997e-17  -1.9835182e-16  1.0000000   
