1.0000000   1.4814217e-16  -3.7214563e-16  -7.0938157e-17  -2.0217560e-16  -7.7748586e-17  -2.6718643e-16  3.4496336e-19  2.3802533e-16  3.7118947e-16  4.5738444e-17  
1.7312500e-16  1.0000000   3.9186994e-17  4.6496860e-16  1.7989957e-17  5.0281936e-16  -1.0037404e-17  -2.7824408e-16  -2.1898672e-16  2.6993919e-16  -1.0714150e-16  
1.1544848e-16  3.6318633e-17  1.0000000   1.4433705e-15  -2.1195271e-16  -8.6694798e-16  6.4356565e-16  1.5914356e-16  3.6930197e-16  2.3818163e-16  -1.7314900e-17  
-1.7512175e-16  3.7079455e-16  1.3876679e-15  1.0000000   -4.2335747e-16  6.3648094e-16  -5.2965275e-16  8.6071355e-16  2.3749394e-16  -9.2417826e-16  -1.9358755e-16  
-5.8498238e-17  3.4534550e-17  -2.4601909e-16  -4.6697172e-16  1.0000000   1.6875058e-16  -6.8953996e-16  -3.0969006e-16  -9.7697225e-17  -9.9994147e-16  -8.3700591e-17  
-2.4560209e-16  8.0623986e-16  -1.2719674e-15  -5.1100784e-16  2.3093111e-16  1.0000000   9.7009466e-16  -3.6002555e-16  -1.4646289e-16  8.3564773e-16  1.9831897e-17  
-1.0810891e-16  -1.2982475e-17  6.6771145e-16  -5.0707146e-16  -5.0637301e-16  9.9272055e-16  1.0000000   -1.1735546e-15  -3.7742950e-16  7.6828810e-16  5.2712184e-18  
-2.1540430e-17  -2.9475062e-16  2.0031707e-16  9.7004976e-16  -3.0127876e-16  -2.7321709e-16  -1.1344088e-15  1.0000000   3.5965129e-16  -9.8680728e-16  -6.8378580e-17  
1.5999464e-16  -2.2817328e-16  2.7223747e-16  6.0874435e-17  1.5377800e-17  -1.2269460e-16  -3.6381540e-16  3.6845678e-16  1.0000000   4.0250103e-16  1.6837707e-16  
5.4991039e-16  5.0027244e-16  5.8438700e-16  1.8224978e-16  -1.0030476e-15  3.8602623e-16  8.0365155e-16  -8.2798879e-16  2.8191078e-16  1.0000000   -2.4213463e-17  
4.5715566e-17  -1.6334240e-16  -6.1945405e-19  -1.4519998e-16  -8.0522485e-17  -3.9439304e-18  5.7100112e-18  9.9128718e-17  1.6673250e-16  -9.3291746e-19  1.0000000   
