1.0000000   -3.7174417e-17  -4.6684414e-16  -2.5521212e-16  7.3441567e-17  -3.5993757e-17  -5.0667802e-16  4.7583368e-16  2.1502537e-16  -4.4169212e-16  -5.4796150e-16  
1.2919402e-17  1.0000000   3.6358996e-17  -2.4880466e-16  -1.0727384e-16  -3.6950878e-17  1.2700413e-16  -2.2470484e-16  4.1152354e-16  8.5660662e-17  -2.0256684e-16  
5.0002502e-17  6.8800601e-17  1.0000000   -5.7604882e-16  -4.0009017e-16  6.5012310e-17  8.9386001e-16  -2.4416500e-16  4.1290266e-17  2.8386387e-16  -9.2965042e-17  
-3.2395967e-16  -9.0363634e-18  -5.4326357e-16  1.0000000   -7.8844231e-16  1.8508510e-16  4.0663788e-16  5.5513802e-16  -8.7196851e-16  2.5383537e-16  6.3307825e-17  
1.0820746e-17  1.7412002e-16  -4.6918914e-16  -4.1699368e-16  1.0000000   -1.4971547e-16  8.1985953e-16  1.1024347e-16  -1.4886738e-15  -5.4366833e-17  2.3763276e-16  
-3.7608843e-17  -4.2988761e-17  7.2560928e-17  1.3593923e-16  -1.7537468e-16  1.0000000   2.0453198e-16  1.0180456e-15  -6.1480187e-16  -5.1704097e-17  6.0209279e-16  
-3.1886430e-16  1.1960692e-16  7.7739235e-16  3.0134981e-16  9.4025499e-16  1.9403092e-16  1.0000000   -6.8083483e-16  1.6783760e-15  -4.3269055e-16  4.5209010e-18  
4.9089973e-16  -2.1563891e-16  -2.2912591e-16  5.6226209e-16  1.2020810e-16  1.0162657e-15  -7.3350820e-16  1.0000000   -1.6092835e-15  -3.0828093e-16  9.8312674e-16  
3.1542141e-16  4.2966763e-16  -1.5279907e-16  -1.1527506e-15  -1.4109091e-15  -4.1597177e-16  1.5674499e-15  -1.6883535e-15  1.0000000   5.3744971e-16  9.9192640e-17  
-4.1363823e-16  9.8336811e-17  2.4183376e-16  2.6218302e-16  -5.0282217e-17  -9.3974280e-17  -4.5001787e-16  -2.5697701e-16  5.1240521e-16  1.0000000   8.5055322e-16  
-4.6392032e-16  -1.4098199e-16  -3.7525575e-16  -4.9035220e-16  4.6372873e-16  4.8960382e-16  5.3245279e-17  9.4884047e-16  1.3809813e-16  1.0243652e-15  1.0000000   
