1.0000000   -4.2604965e-17  2.0190675e-16  -1.2321307e-16  -5.5710942e-17  3.8765181e-17  -5.1379402e-17  9.2528678e-17  1.2534747e-16  -1.6434280e-16  1.2953484e-16  
-1.2307586e-17  1.0000000   -1.8092189e-16  -3.0288828e-16  -4.6051950e-16  -8.4560108e-16  -7.5756713e-16  -3.8869173e-16  -2.0023556e-17  5.2445991e-16  5.6856500e-16  
-2.3648031e-16  -3.0337624e-16  1.0000000   1.7612666e-17  -3.3487513e-16  5.2015484e-16  -4.0007662e-16  2.0624436e-16  3.2714468e-16  2.1572230e-16  8.9388072e-16  
1.9992756e-16  -8.2652564e-16  5.2083020e-17  1.0000000   -3.8932348e-16  2.3054792e-17  2.9878794e-16  4.9484691e-16  -4.1390659e-16  3.4258573e-16  1.9392971e-16  
1.8643778e-16  -6.2757083e-16  -2.6137970e-16  -4.6197787e-16  1.0000000   -9.9588715e-16  -9.3614764e-16  -3.6759326e-17  -1.0945811e-16  7.4526591e-16  -1.0585371e-16  
3.6501919e-18  -6.5789430e-16  5.2913087e-16  5.1932248e-17  -1.0600654e-15  1.0000000   4.0569088e-17  2.2124051e-16  4.0091192e-16  -5.0924996e-16  5.8060043e-16  
1.8637045e-16  -7.2597384e-16  -4.6941313e-16  4.0409503e-16  -9.0045652e-16  7.5573109e-17  1.0000000   -5.3884420e-17  -8.5583430e-16  -2.1335796e-16  9.4022477e-16  
4.8422690e-17  -5.2117643e-16  2.7501422e-16  3.8360724e-16  7.7735992e-17  1.6391556e-16  -2.6504171e-17  1.0000000   -1.4638698e-16  4.6392630e-16  -1.0906526e-16  
1.4280777e-18  2.2886460e-17  5.4623118e-16  -5.2625662e-16  -4.7325478e-17  4.3652363e-16  -9.0872792e-16  -2.6348336e-16  1.0000000   2.2921306e-16  -8.0226980e-16  
1.0530218e-16  4.1226925e-16  1.5802576e-16  2.1055731e-16  7.6692190e-16  -3.7245345e-16  -1.6691895e-16  4.6311649e-16  2.2255176e-16  1.0000000   9.3229931e-16  
-7.0403896e-17  4.6042097e-16  7.3835298e-16  -3.1146712e-17  -9.7064047e-17  7.0851511e-16  9.5631799e-16  -1.9072111e-16  -8.5263438e-16  1.0152266e-15  1.0000000   
