1.0000000   -1.6138789e-16  1.1256809e-16  2.5597996e-16  5.2288407e-16  1.1301310e-17  -1.2337781e-17  1.8596299e-17  -5.0495845e-17  6.9164894e-16  -1.1602958e-17  
-3.6154309e-17  1.0000000   -2.6209429e-16  2.3231061e-16  -5.1361119e-16  4.9902431e-16  -5.3156353e-16  1.6349908e-16  1.1410919e-16  1.9426642e-16  -1.5359447e-15  
6.2109741e-17  -2.4963188e-16  1.0000000   -4.5288249e-16  2.4657124e-16  9.0848127e-16  2.0505453e-16  -1.0214472e-16  -7.3712910e-16  1.4529567e-16  -7.0379798e-16  
2.3975900e-16  1.0455615e-16  -4.6384393e-16  1.0000000   -5.0342468e-16  9.5195598e-16  -1.0188604e-15  2.5897278e-17  3.7685119e-16  -6.0499328e-18  2.8416177e-16  
4.6132117e-16  -8.0460677e-16  1.4217097e-16  -6.5565667e-16  1.0000000   7.0657547e-16  1.0120414e-15  1.7235892e-16  3.4555450e-16  -1.7667201e-16  -7.7292375e-16  
-7.2753743e-17  2.6154487e-16  7.0752836e-16  1.1629188e-15  7.0726962e-16  1.0000000   1.1256268e-15  -1.8127853e-16  -1.5124710e-15  -4.3722568e-16  -3.1614700e-16  
4.2631673e-17  -5.4972521e-16  8.2845990e-17  -1.0486871e-15  6.0733967e-16  7.0826489e-16  1.0000000   2.0907595e-16  6.2318132e-16  7.1856840e-16  -3.9902028e-17  
-6.8623525e-17  9.2718958e-17  -7.1742086e-17  2.0520797e-16  1.6063020e-16  -2.4760738e-16  1.8357106e-16  1.0000000   9.3500101e-17  -2.1869219e-16  -5.8050302e-16  
1.2866310e-16  1.5464042e-16  -4.6564667e-16  4.4669493e-16  3.9520960e-16  -1.3729388e-15  -3.8242363e-16  1.5768148e-16  1.0000000   4.2969867e-16  -4.2232491e-16  
5.8254122e-16  1.9144304e-16  5.2162107e-16  5.8050371e-17  -1.8550952e-16  -2.5011501e-16  -3.0672744e-16  -7.0027877e-17  4.4150213e-16  1.0000000   -5.1043137e-16  
1.6764039e-18  -1.5663384e-15  -8.0301857e-16  3.1893755e-16  -8.9364013e-16  -2.4936989e-16  -4.8733194e-17  -4.4630801e-16  -5.0527135e-16  -4.5641185e-16  1.0000000   
