1.0000000   -1.7800531e-17  1.7723059e-16  2.4685421e-16  -1.8049840e-16  -5.5723275e-17  1.1974197e-16  8.0141910e-17  -4.9028117e-17  -1.3727783e-16  3.0162997e-16  
3.8049965e-17  1.0000000   -1.1874680e-16  -3.1496286e-18  1.4554326e-17  3.7731422e-18  -4.5180656e-17  1.1543263e-16  1.0981313e-16  -8.0127597e-17  1.5607768e-16  
-4.4136609e-16  -2.4647835e-16  1.0000000   -5.2556610e-16  -8.0789003e-16  -6.4614792e-16  -2.0651996e-16  1.5414777e-16  6.5562574e-17  -1.0964051e-16  -4.5100062e-16  
3.8692243e-16  4.0411006e-17  -5.1425980e-16  1.0000000   8.2327540e-17  6.9715292e-16  2.4428450e-16  -6.6805309e-16  5.6335208e-16  3.1396904e-16  2.1356242e-16  
-1.7613459e-17  -2.8905151e-16  -8.4317849e-16  8.8734230e-17  1.0000000   -5.0464235e-17  1.4795059e-16  -2.5075329e-16  -9.0647039e-18  -1.9899640e-16  4.0401325e-16  
-1.0050996e-16  2.8081250e-18  -7.1591599e-16  6.6022382e-16  -1.3062494e-16  1.0000000   3.4595349e-16  -9.5186455e-16  -1.0469140e-15  -1.5851861e-15  1.7145281e-16  
2.5848024e-16  -3.6187926e-17  -2.5768053e-16  2.1595284e-16  1.6879524e-16  4.7314923e-16  1.0000000   -3.0975918e-16  -4.6300914e-17  -4.1345907e-17  1.8385909e-18  
2.2372831e-16  7.8984811e-17  2.1014431e-16  -7.2431745e-16  -2.7870186e-16  -1.0058329e-15  -2.4893893e-16  1.0000000   -3.0253806e-16  7.0701093e-17  3.1113549e-16  
-1.6056559e-16  1.3923196e-16  1.3098107e-16  5.2450160e-16  -1.4009894e-18  -7.9019348e-16  -2.9251969e-17  -2.9313745e-16  1.0000000   2.8015314e-16  -1.4179332e-16  
-1.6299619e-16  4.1127575e-17  -4.0199633e-17  4.8406370e-16  -1.0770923e-16  -5.2172493e-16  1.8144659e-16  5.3567824e-17  1.4618283e-16  1.0000000   -7.6905891e-16  
3.9142288e-16  1.6623227e-16  -4.3387453e-16  2.3394881e-16  4.0475407e-16  5.0154049e-16  -2.5507233e-17  3.3116525e-16  -1.0715644e-16  -7.6833554e-16  1.0000000   
