1.0000000   2.6106890e-16  4.6892049e-16  -1.2789296e-16  -1.6697833e-16  5.4801604e-17  1.0711464e-16  -1.6592240e-17  1.7922507e-16  8.7342717e-17  -8.3124809e-17  
2.3471902e-16  1.0000000   1.0333411e-15  -1.6490258e-16  -8.0227787e-16  -1.4463217e-15  1.3572319e-16  4.4530312e-16  8.5467285e-17  -3.1963919e-16  1.4244202e-16  
1.3957653e-16  1.0869298e-15  1.0000000   1.6280050e-15  2.0485975e-16  -1.3793675e-16  -1.3678316e-15  7.8710672e-16  2.4331604e-16  -2.3202697e-16  5.2588549e-16  
3.8506399e-17  -8.8642449e-17  1.5940355e-15  1.0000000   -3.6140213e-17  -4.8754303e-16  8.6290813e-16  1.0865061e-15  -4.3056308e-16  -2.7388381e-16  2.4328734e-16  
-1.1636373e-16  -1.0286449e-15  4.4246123e-17  -8.9101925e-17  1.0000000   -5.6626163e-16  -1.2977865e-17  -5.5521432e-16  3.2930836e-16  3.4429428e-16  5.8798783e-16  
6.7322388e-17  -1.4692242e-15  2.4941944e-17  -4.2891806e-16  -4.6325891e-16  1.0000000   -2.9822476e-16  -1.2406971e-16  -5.2219462e-16  5.4355900e-16  6.6534438e-17  
-3.0760130e-17  1.6568406e-16  -1.3319333e-15  9.6288522e-16  1.8116415e-17  -3.9945289e-16  1.0000000   7.0323865e-17  -2.3488737e-16  -3.6555499e-16  3.8287414e-16  
-1.7122341e-17  3.7766935e-16  7.6595350e-16  1.1645306e-15  -5.3098222e-16  -4.5046271e-17  -4.0870663e-18  1.0000000   5.1170933e-16  -1.4925724e-15  3.1574339e-16  
1.0291617e-16  -3.6465542e-16  1.9631398e-16  -4.5531842e-16  1.8648793e-16  -5.3233665e-16  -2.4560713e-16  5.3544702e-16  1.0000000   5.7996958e-16  -8.3360748e-17  
2.2777172e-17  -2.2025295e-16  -1.3069073e-16  -3.5593958e-16  3.7955004e-16  4.4750422e-16  -4.9053626e-16  -1.5098148e-15  5.5395924e-16  1.0000000   1.9393836e-16  
-6.5530823e-17  2.4371573e-17  4.6279847e-16  1.6499355e-16  5.9599059e-16  9.3509049e-17  3.3290089e-16  2.4176353e-16  -6.6315056e-17  2.1656515e-16  1.0000000   
