1.0000000   7.1735478e-17  3.9980645e-16  4.6416833e-17  1.4011253e-16  -1.5652936e-16  -1.5217392e-16  -6.4084476e-16  1.0620215e-16  6.4033132e-17  -2.1449111e-17  
2.1495545e-17  1.0000000   5.1561230e-16  1.5300020e-16  -2.5310340e-16  -1.2382948e-16  5.8090696e-16  -2.7457133e-16  2.2317837e-16  1.1989084e-16  -2.7204941e-16  
-8.0621557e-17  5.1836449e-16  1.0000000   -1.4638370e-15  -7.3412980e-16  -7.7270467e-16  -8.2569582e-17  -1.2124450e-15  1.9875884e-16  2.2607110e-16  -1.2168865e-15  
6.2471314e-17  4.8852230e-16  -1.6541234e-15  1.0000000   5.1919983e-16  -1.6362695e-16  -5.8266902e-16  6.3869647e-16  -6.4671463e-16  3.2833641e-16  -7.4624609e-16  
2.7828196e-16  -2.2595561e-16  -8.3901734e-16  4.4534682e-16  1.0000000   -7.1993005e-16  9.7082565e-16  6.2426161e-16  1.8724572e-16  -6.1102934e-17  -3.3205909e-16  
-1.4271672e-16  -1.8787948e-16  -7.4406228e-16  -1.0368519e-15  -7.0747211e-16  1.0000000   -1.6486386e-15  -6.7600412e-16  2.0408617e-16  -3.1627840e-16  -4.2973857e-16  
9.2975719e-18  6.7571907e-16  -1.8536668e-16  -6.7632411e-16  1.0508524e-15  -1.6276452e-15  1.0000000   6.5823633e-16  -1.0765702e-15  -2.7272701e-16  8.6096386e-17  
-6.5140141e-16  -2.7420422e-16  -1.1640042e-15  6.4838138e-16  6.6072687e-16  -7.0525444e-16  6.9673999e-16  1.0000000   -7.2069733e-16  -6.7070319e-18  8.7702511e-16  
-1.0289921e-16  2.0378017e-16  1.8300914e-16  -6.1263880e-16  2.4452327e-16  1.7475942e-16  -1.2652302e-15  -7.5954920e-16  1.0000000   -3.8084387e-16  6.5197852e-16  
2.1011337e-17  1.1964854e-16  3.0338753e-16  2.9213547e-16  -1.3058540e-17  -3.2053297e-16  -1.9471463e-16  7.9784877e-17  -3.6059353e-16  1.0000000   -5.7606626e-16  
4.2568746e-17  -3.1441524e-16  -9.2276362e-16  -5.7786900e-16  -3.4471294e-16  -3.3046842e-16  1.2714899e-16  8.0669533e-16  6.3248660e-16  -5.4092202e-16  1.0000000   
