1.0000000   -1.1808028e-17  -1.0323553e-16  -3.3769099e-16  -2.7310446e-16  6.9656489e-16  1.0438606e-16  1.2888482e-16  5.8583441e-16  -5.4091292e-16  -4.6064980e-16  
-9.9560577e-18  1.0000000   -2.0814488e-17  8.8603089e-17  -6.6525391e-16  2.2388219e-16  4.6012077e-16  -1.8014946e-16  -3.9487679e-16  1.9028388e-16  -8.9999716e-17  
-7.2905033e-17  -1.0100587e-16  1.0000000   7.2146776e-19  1.1977303e-16  6.9077563e-17  -9.8932374e-16  -3.7298619e-16  -5.9809539e-17  8.0368578e-16  1.0480847e-16  
-2.0084654e-16  2.2671335e-16  4.1272589e-17  1.0000000   2.6418728e-16  -1.2294741e-16  4.1611187e-16  -6.4707037e-17  3.4405040e-16  -1.0695803e-15  -2.4714749e-16  
2.5954515e-16  -4.6845525e-16  6.5721820e-16  3.5313732e-16  1.0000000   9.1877589e-16  6.6331033e-16  -1.1105625e-16  2.4379103e-16  3.9513441e-16  5.1764386e-16  
6.2600448e-16  8.5162275e-17  -6.1620166e-17  -5.1085010e-17  6.0485083e-16  1.0000000   2.2595477e-17  5.4248561e-16  7.8273319e-16  9.0638197e-17  -3.4078931e-16  
-3.8568824e-17  3.7123085e-16  -1.2907099e-15  5.9969832e-16  6.5964449e-16  -3.6285720e-17  1.0000000   2.9898910e-16  -1.1591011e-16  2.8405197e-16  -2.6189539e-16  
1.0097555e-16  -2.5608429e-16  -3.6222909e-16  -5.0243541e-17  -1.9793182e-16  5.6893205e-16  4.0866700e-16  1.0000000   -1.0884429e-15  -5.6863108e-17  1.4542031e-16  
5.1980322e-16  -2.7814428e-16  -2.0773637e-17  2.5433568e-16  2.7337360e-16  7.3370780e-16  -1.8658844e-16  -8.3594162e-16  1.0000000   2.3360310e-16  1.3724786e-16  
-4.3197424e-16  3.3270603e-16  6.4022349e-16  -1.0832978e-15  6.5998680e-16  3.1130572e-17  2.3161652e-16  -9.9786271e-17  1.2256327e-16  1.0000000   1.8214088e-16  
-3.7533512e-16  -7.4201119e-17  2.0722661e-16  -2.4711763e-16  5.3001477e-16  -3.1892188e-16  -2.8143178e-16  6.0395990e-17  2.4590915e-16  1.5788567e-16  1.0000000   
