1.0000000   -3.1496580e-16  5.8128597e-16  7.8896768e-17  6.8033547e-17  1.5807681e-16  2.0264923e-16  5.9338732e-17  3.8385810e-16  -2.2267486e-16  -2.4630542e-16  
-4.4225337e-16  1.0000000   -3.1106522e-16  7.4229321e-16  7.3897578e-16  -1.8588887e-16  -2.6240817e-16  5.0604506e-16  9.1003909e-17  -9.0261647e-18  9.0279199e-16  
7.1386567e-16  -2.8859261e-16  1.0000000   -2.2469282e-17  2.6318577e-16  -6.9843646e-17  -4.0358314e-16  -4.4397549e-16  -3.5856297e-16  -3.6910325e-16  -6.0601155e-16  
7.4506436e-16  1.1730576e-15  2.7404567e-16  1.0000000   -1.4226212e-16  -5.6835219e-16  -5.7370759e-16  -1.2057174e-15  4.7883757e-16  7.7391635e-16  -1.7329066e-16  
1.1750215e-16  5.8462171e-16  1.3451611e-16  -2.3526053e-16  1.0000000   -3.1811322e-17  -2.2366752e-16  4.0186916e-16  -6.2727914e-16  6.2447766e-16  2.2962724e-16  
1.4078216e-17  -2.8688106e-16  -2.0022209e-16  -6.4279729e-16  5.4555003e-17  1.0000000   4.8157426e-16  -9.1957866e-17  -6.9854112e-18  -1.0428464e-16  -2.1195030e-16  
1.6074940e-16  -4.8143592e-16  -4.9013749e-16  2.9307823e-16  -6.4753281e-16  3.4360273e-16  1.0000000   2.4584329e-16  3.2483313e-16  3.0687358e-16  4.0843929e-17  
1.1601771e-16  6.9295321e-16  -4.1343070e-16  -5.2951498e-16  9.2448723e-17  -1.5328042e-16  9.6686296e-17  1.0000000   2.5184275e-16  -3.4347075e-16  -4.9516699e-16  
2.2701646e-16  -1.3371758e-17  -3.9013577e-16  -1.5314912e-16  -1.5376667e-16  5.5399252e-17  4.8652455e-16  4.2591661e-16  1.0000000   3.8964554e-16  1.1252028e-16  
-2.4384503e-16  -4.9459665e-17  -2.5820983e-16  5.2202247e-17  8.3169127e-16  1.4993640e-17  3.8636918e-16  -4.9236392e-16  4.0249718e-16  1.0000000   1.4495275e-16  
-2.0222603e-16  8.6468014e-16  -7.1496897e-16  -8.9107866e-18  1.0218605e-16  -2.6871061e-16  -9.3200729e-17  -4.3633971e-16  2.0414638e-16  2.2787389e-16  1.0000000   
