1.0000000   5.4362565e-17  -1.8080645e-16  -7.7828333e-17  1.6092047e-16  -9.9187618e-17  -1.6593651e-16  -4.3993566e-17  1.0972526e-16  3.3826557e-16  3.4107875e-16  
9.8730977e-18  1.0000000   -4.7126334e-17  -5.2788957e-16  5.8566504e-16  3.4547824e-16  3.2372163e-17  1.9301088e-17  2.0550151e-16  3.0169740e-16  1.5661090e-16  
-1.0792713e-16  -1.8692983e-17  1.0000000   -1.4220067e-16  -4.7999059e-16  -1.4512892e-16  7.6242178e-16  2.7228017e-16  1.6681809e-15  -3.0948895e-16  1.6766458e-15  
-6.0530840e-18  -5.9839243e-16  -1.4178544e-16  1.0000000   -1.0404298e-15  -2.1639393e-16  -1.4583333e-16  -3.2889996e-16  -3.0829112e-16  -8.4089004e-16  -1.2828132e-16  
9.8442111e-17  4.5802130e-16  -8.7119436e-17  -1.0397765e-15  1.0000000   -1.0184207e-16  -1.1796066e-16  6.3094343e-16  9.2219737e-16  1.4504320e-16  -1.1478398e-16  
-4.1106151e-16  3.6591658e-16  -2.5257260e-17  -2.4029960e-16  -3.6581528e-17  1.0000000   4.1676048e-16  1.9208483e-16  4.0478438e-16  3.5696860e-16  3.1408686e-16  
-1.4677710e-16  1.0171154e-16  3.5940114e-16  -1.3140590e-16  -7.4042399e-17  4.8058741e-16  1.0000000   -4.1035133e-16  -8.9239550e-17  -3.8428382e-16  3.6999670e-16  
1.0669933e-16  3.4472015e-17  1.3441111e-16  -3.3159830e-16  7.2966293e-16  2.1584093e-16  -4.5088730e-16  1.0000000   6.0578462e-16  -1.4423061e-16  8.9857490e-16  
5.0144882e-17  2.2756235e-16  1.6807424e-15  -2.0572393e-16  9.4712256e-16  3.4449260e-16  -8.5174308e-17  5.8905245e-16  1.0000000   -1.7081840e-16  -8.2664910e-16  
-1.6657494e-16  3.1777899e-16  -3.8878284e-16  -7.9999832e-16  1.6526489e-16  2.4573643e-16  -3.4733709e-16  -1.9064392e-16  -5.5681914e-17  1.0000000   -1.0004730e-17  
1.8216805e-16  1.3584568e-16  1.7614728e-15  -1.1411272e-16  -1.2976164e-16  2.9570177e-16  2.9151952e-16  8.4168224e-16  -8.7020607e-16  -1.0310339e-16  1.0000000   
