1.0000000   -5.3595751e-17  -2.3352085e-16  5.2161827e-18  1.5103672e-16  -2.6674155e-16  1.6009058e-16  -5.6591392e-18  6.8756819e-17  5.2012060e-17  -2.4313805e-16  
-6.7167279e-17  1.0000000   -9.5282184e-16  3.3169460e-16  7.2432906e-16  -1.0101630e-15  1.7447312e-16  -7.9099013e-16  -7.6068098e-17  -5.0905533e-16  6.5534988e-16  
5.0769224e-17  -7.5471829e-16  1.0000000   6.4497798e-16  8.6229699e-16  5.2590386e-16  6.5360089e-16  5.5519510e-16  9.7956291e-18  -2.7869908e-16  -1.6704533e-16  
-1.5805777e-16  2.3970300e-16  7.3179865e-16  1.0000000   -3.6858747e-16  -2.2759321e-16  2.1188192e-17  -1.1689237e-16  6.0182354e-16  -8.3699825e-16  -1.3567266e-16  
1.1821266e-16  9.4445007e-16  7.9493384e-16  -3.9610285e-16  1.0000000   7.1315223e-16  -4.7531609e-16  -2.9197404e-16  1.0125287e-15  -5.3060857e-17  5.8371941e-16  
-1.3274105e-16  -5.2578945e-16  4.7384920e-17  -3.4356795e-16  1.3373355e-16  1.0000000   3.2967626e-16  -1.1591452e-15  2.7876495e-16  2.9934246e-16  9.5270158e-16  
3.5274184e-16  1.2591237e-16  8.0970017e-16  -1.2750026e-17  -6.0635027e-16  2.6077295e-16  1.0000000   -2.8796454e-16  1.4792557e-15  2.6866919e-17  -1.0530813e-15  
3.3151021e-16  -7.7523993e-16  5.8972852e-16  1.0213947e-16  -1.6177928e-16  -1.2992950e-15  -2.2906198e-16  1.0000000   4.8652960e-16  6.2678572e-16  1.7388189e-16  
1.1344786e-16  -4.5626773e-17  -6.3602965e-18  7.0762781e-16  1.0226336e-15  3.3561753e-16  1.5047571e-15  4.3001894e-16  1.0000000   -6.9531576e-16  1.4665362e-16  
1.2271096e-16  -5.1056940e-16  -2.6511442e-16  -8.6385097e-16  1.7898939e-18  2.9367088e-16  4.3755452e-17  7.6119456e-16  -6.5627415e-16  1.0000000   4.9208210e-16  
-2.3454538e-16  9.2421426e-16  -4.6862558e-16  -2.5496539e-16  -1.9619877e-16  1.2959850e-15  -1.1153004e-15  2.7169683e-16  1.5101012e-16  4.1049588e-16  1.0000000   
