1.0000000   8.7881749e-17  -1.2692911e-16  -2.1256616e-16  1.5810151e-16  -8.1247580e-17  -1.2103345e-16  8.7470044e-17  2.5683811e-17  -1.2712351e-16  -3.1194127e-16  
2.7703699e-17  1.0000000   6.8460079e-16  -4.1107031e-17  -1.9273040e-16  -3.6368274e-17  8.2622395e-17  -1.2946170e-15  -6.6465394e-16  5.0553492e-16  1.8434347e-16  
-4.4262459e-16  5.0515145e-16  1.0000000   1.1408295e-15  2.5728624e-16  -8.9437320e-16  -4.4742727e-16  -9.2846821e-16  -4.4403290e-16  -5.1323860e-16  4.4558168e-18  
-1.6243451e-16  -1.2904094e-16  1.1247977e-15  1.0000000   5.0102750e-16  -6.5944352e-16  2.6653856e-16  -5.9250605e-16  -2.8809361e-16  4.6621513e-16  5.5996374e-16  
-1.8519045e-16  -1.6696859e-16  1.7361849e-16  4.1237096e-16  1.0000000   -1.4269951e-15  -2.7316235e-16  3.0872834e-16  -9.4887346e-16  2.3810419e-16  8.5827307e-17  
-2.2984708e-17  -2.3899682e-16  -9.9654579e-16  -7.0242358e-16  -1.2737917e-15  1.0000000   -1.5544274e-15  -6.7834919e-16  -4.0676190e-16  2.3892983e-16  -6.5351302e-16  
-1.4582985e-16  -3.0750832e-16  -5.3887342e-16  3.1470301e-16  -8.4614621e-19  -1.7922409e-15  1.0000000   -9.6910875e-17  -6.3015817e-16  3.5377311e-16  -4.5214534e-16  
1.3505535e-16  -1.5321268e-15  -4.6325764e-16  -6.6845943e-16  4.8215009e-16  -6.2537495e-16  6.1977156e-16  1.0000000   7.6556962e-18  4.2924907e-16  5.2520278e-17  
3.7692179e-16  -7.6272138e-16  -4.5891120e-16  -2.9262135e-16  -9.3223328e-16  -4.0293139e-16  -6.4307797e-16  -2.8091446e-17  1.0000000   5.7785328e-16  -3.5750974e-16  
-1.4103755e-16  4.8619028e-16  -4.7654700e-16  2.2798769e-16  1.8573686e-16  2.3835574e-16  3.2039407e-16  3.8431418e-16  5.7985764e-16  1.0000000   -2.7866240e-16  
1.8586649e-16  9.7035616e-17  -4.2141001e-17  2.3607359e-16  6.2302661e-17  -6.1980619e-16  -3.8769100e-16  2.9194738e-17  -4.1906447e-16  -3.2106276e-16  1.0000000   
