1.0000000   -4.8314854e-17  1.3550882e-16  -7.2832427e-17  1.1746773e-16  -1.5447040e-16  -3.5425651e-16  5.4871635e-16  5.1723974e-16  6.3571119e-17  5.9050664e-17  
-1.6954637e-16  1.0000000   1.6867076e-17  5.6682498e-16  1.2543520e-16  -3.1832236e-16  -5.8434607e-17  -1.1107480e-17  -1.2329622e-16  -7.6321443e-16  6.4893791e-16  
4.0169495e-16  8.7630664e-17  1.0000000   -9.3391240e-16  -2.0284715e-16  -6.8697284e-16  -3.6486947e-16  7.5819243e-18  -3.1339728e-16  -7.5565532e-16  -3.2302279e-16  
1.0171855e-16  -4.2428179e-17  -8.1081533e-16  1.0000000   6.7375390e-16  1.0383885e-15  5.5047692e-16  -4.3917787e-16  3.2137990e-16  -9.0282234e-17  -1.1509653e-16  
4.6113559e-17  3.5105402e-16  -2.7940182e-16  6.5885328e-16  1.0000000   4.9981160e-16  2.2196078e-16  -4.5671705e-16  7.2476242e-18  1.7688101e-16  -1.0565889e-16  
-1.8652420e-16  -1.4684386e-16  -7.0661164e-16  9.9182989e-16  4.7764926e-16  1.0000000   7.1314212e-16  2.6158196e-16  2.9446977e-16  6.8712389e-16  -2.7383135e-16  
-2.6159479e-16  -4.7128591e-16  -2.8560815e-16  5.3548000e-16  1.8083098e-16  7.1333625e-16  1.0000000   1.4519721e-16  -2.1492706e-16  4.8747813e-16  3.6517030e-16  
2.3478615e-16  2.4256053e-17  7.6708455e-17  -3.6582655e-16  -3.6203792e-16  2.5918876e-16  1.8092140e-16  1.0000000   6.2430893e-16  7.2213822e-16  -4.4893297e-16  
4.8872888e-16  -1.2954973e-16  -1.5133285e-16  3.4556293e-16  1.2069165e-16  4.2259370e-16  -1.0575194e-16  4.7870211e-16  1.0000000   1.4143699e-16  3.0511821e-16  
-1.4888822e-17  -6.4444880e-16  -7.5565218e-16  -3.0325334e-16  1.7456777e-16  7.7524542e-16  5.8273305e-16  7.8845811e-16  1.9055371e-16  1.0000000   -1.8450834e-16  
6.4738358e-17  5.9673582e-16  -3.9288776e-16  2.9181979e-17  -3.3630511e-16  -1.9781777e-16  2.6400577e-16  -5.1664436e-16  2.8429687e-16  -1.7687700e-16  1.0000000   
