1.0000000   -2.7082052e-16  -4.0442213e-16  9.5600704e-17  1.1724754e-16  -1.9388319e-16  -2.1203912e-16  4.2297811e-17  -1.0439242e-16  1.1202792e-16  2.4891038e-16  
-2.7834616e-16  1.0000000   1.4019814e-15  -7.2407520e-16  -4.2085409e-16  -3.7819987e-16  3.0180238e-16  -7.2953849e-17  -8.7338246e-16  -1.0127759e-15  -2.0464316e-17  
-2.4609225e-16  9.9256088e-16  1.0000000   -7.6666512e-16  1.5325934e-16  -3.9184573e-16  -4.3878230e-16  -3.6248322e-16  4.2908408e-16  1.8630355e-16  -4.8254787e-16  
1.7591372e-16  -5.3664250e-16  -7.3198337e-16  1.0000000   -2.9365789e-16  1.4703597e-15  -3.1144481e-16  -2.6647660e-16  -1.8977964e-17  1.8074075e-16  5.5884142e-16  
2.2964694e-16  -2.4914853e-16  1.8859225e-16  -2.6282388e-16  1.0000000   2.1346964e-16  -8.1803729e-17  7.7290803e-16  -3.5745244e-16  3.6863055e-16  -8.8404617e-17  
-9.0198681e-16  -5.8645713e-16  -2.3441508e-16  1.6042747e-15  3.6519799e-17  1.0000000   4.7462178e-16  -1.3567264e-16  -2.7270840e-17  1.0788341e-16  8.4927758e-16  
4.8039535e-16  2.0226234e-16  -1.0604857e-15  2.1341036e-17  -2.8237791e-16  9.0108805e-16  1.0000000   9.3646571e-16  -3.1301744e-18  -2.4818766e-16  8.3010223e-16  
-2.2685954e-16  -4.0332922e-16  -1.0047673e-15  -3.4108622e-16  7.5887662e-16  -3.5930306e-16  2.1219228e-16  1.0000000   -3.4919266e-16  -5.0246352e-17  -2.1617467e-16  
-1.6622663e-16  -9.1947437e-16  4.8894228e-16  -2.7164061e-17  -2.9889648e-16  -1.1642085e-16  -4.0074528e-17  -3.9441566e-16  1.0000000   -9.8945732e-17  -2.0056116e-16  
1.4215082e-16  -1.0384290e-15  9.5972325e-17  2.0130514e-16  4.3377039e-16  4.1840886e-17  -1.7941598e-16  -4.7607705e-17  -1.1892647e-16  1.0000000   5.2056273e-16  
2.1515725e-17  5.8267396e-17  -3.5191535e-16  6.1098646e-16  -7.5400544e-17  7.1921398e-16  7.6935907e-16  -1.8700412e-16  -2.2569556e-16  5.7340404e-16  1.0000000   
