1.0000000   5.8123688e-17  2.4856415e-16  1.3387468e-16  -3.3964904e-17  -1.2782249e-16  -5.4125857e-17  6.3227596e-17  3.0806153e-17  -5.0747962e-17  1.2406057e-16  
1.5790208e-16  1.0000000   -6.5375481e-17  -4.5061109e-16  -9.6035635e-16  8.6385460e-16  -5.8868197e-16  5.3292005e-16  5.6138476e-16  7.9578625e-16  -6.6809290e-16  
-1.1122233e-16  9.5353243e-17  1.0000000   -2.8145761e-16  -4.2784226e-16  -3.5715431e-16  -2.2424293e-16  -3.4859552e-16  1.2901710e-16  -2.6186455e-16  4.0931258e-16  
-1.6549340e-16  -5.0073662e-16  -2.9034642e-16  1.0000000   8.2516965e-16  -4.2464519e-17  -4.9870403e-16  4.8710240e-16  8.9802981e-16  7.5101011e-16  1.5768365e-16  
-6.0213092e-17  -1.1421218e-15  -5.7719404e-16  8.1815942e-16  1.0000000   7.3042500e-16  -1.2079207e-16  -1.0269457e-15  7.0170256e-16  -7.2893924e-16  -1.0888185e-16  
-2.2236398e-17  8.3395235e-16  -4.6759029e-16  -7.8633167e-17  7.3929853e-16  1.0000000   6.7537440e-16  3.1009424e-16  1.6091292e-16  -6.0774420e-16  -2.6211202e-16  
1.5507153e-17  -8.1263361e-16  -2.4031197e-16  -3.9964552e-16  -4.1918634e-16  4.8213486e-16  1.0000000   5.4142588e-17  -6.6983185e-16  -3.4509839e-16  2.5020760e-16  
3.6487969e-17  6.5436453e-16  -4.4572487e-16  4.5064605e-16  -7.4557993e-16  4.6196126e-16  2.9895816e-17  1.0000000   1.5916229e-18  -3.9561301e-16  1.2159391e-15  
1.5900383e-17  5.7188920e-16  1.9674771e-16  8.8779954e-16  7.4403208e-16  2.7515934e-16  -6.3654043e-16  6.9661324e-17  1.0000000   -3.0939607e-16  8.8760159e-16  
1.5703699e-16  9.4610144e-16  -2.6020716e-16  7.9736284e-16  -5.8925486e-16  -5.4576594e-16  -2.5781984e-16  -3.2028263e-16  -3.9429520e-16  1.0000000   5.9120074e-17  
1.6215175e-16  -4.2784952e-16  4.0854263e-16  1.0979919e-16  7.2191009e-16  2.0253119e-16  1.1613753e-16  1.2802413e-15  8.4059211e-16  4.9834601e-17  1.0000000   
