1.0000000   -8.5187759e-17  1.0296599e-16  1.0327490e-16  1.5990248e-16  -7.5609163e-17  1.8670869e-16  -9.4295402e-17  -1.3121858e-17  -1.5069959e-17  -1.0942404e-16  
-6.3776980e-17  1.0000000   1.1671948e-16  3.2789201e-16  6.1766472e-16  -5.0638455e-16  -2.6179275e-18  -1.8104133e-16  -3.6351542e-16  3.2216216e-16  -4.3423049e-16  
-3.6743824e-16  2.2097800e-16  1.0000000   3.6296166e-16  7.4455538e-16  1.8383858e-16  -6.3311749e-17  -7.5468688e-16  -4.3062017e-17  -5.4789463e-16  6.8000991e-16  
2.1892438e-17  2.9809945e-16  4.0082568e-16  1.0000000   -5.6782572e-16  -1.3436551e-16  8.3226293e-16  2.2939006e-16  -4.5165915e-16  -2.8137945e-16  4.4231785e-16  
2.7232541e-17  5.9478826e-16  7.7714320e-16  -6.8620911e-16  1.0000000   1.5590925e-16  1.5647172e-16  -3.4274945e-16  2.8150668e-16  6.9647233e-16  7.5751348e-16  
4.5709752e-17  -6.7651538e-16  1.6790899e-16  -1.1563212e-16  1.5316015e-16  1.0000000   2.7679933e-16  5.4064439e-16  -2.5473701e-16  -8.7265006e-16  -2.0877245e-18  
7.3537124e-17  1.9462881e-17  1.5898861e-17  7.3959855e-16  1.6443979e-16  1.7740246e-16  1.0000000   -1.4957582e-16  -1.2607602e-16  -1.9593252e-16  6.5811538e-16  
8.3406510e-19  -2.6136978e-16  -8.0093524e-16  2.9107440e-16  -3.5940154e-16  5.4657272e-16  -3.0240803e-17  1.0000000   2.4552669e-16  -2.7662175e-16  1.6371199e-16  
-3.4195237e-17  -1.7137046e-16  -3.9429619e-16  -4.0530338e-16  6.8903344e-16  -4.5978822e-16  -7.0477158e-17  2.7237335e-16  1.0000000   7.6773587e-16  -2.2443493e-16  
8.1449429e-17  3.2530493e-16  -4.9384618e-16  -1.5947166e-16  5.3527887e-16  -7.6396821e-16  -2.1544953e-16  -2.8889248e-16  7.5341471e-16  1.0000000   -7.1265964e-17  
-4.8209642e-17  -4.8753416e-16  7.5479784e-16  4.2368694e-16  7.4314086e-16  -2.7770610e-17  5.8644580e-16  1.9076749e-16  -1.9312351e-16  -4.2576958e-17  1.0000000   
