1.0000000   -2.0910143e-16  1.0639775e-16  2.8201317e-16  7.0743685e-16  -3.4238461e-16  -3.8056006e-16  -3.8361170e-16  2.2987561e-16  3.6550558e-17  -3.5911153e-16  
-1.9846706e-16  1.0000000   9.6523919e-17  2.0401131e-16  -3.9461304e-16  -5.2341669e-16  3.1293109e-16  -3.0356424e-16  1.1709580e-16  -4.9317358e-16  1.0309353e-16  
-4.4472981e-17  -3.6878906e-17  1.0000000   -7.5735857e-17  -4.1607343e-16  1.2015269e-16  -6.9141564e-16  -8.7175234e-17  -7.4304490e-16  1.1560268e-16  3.7571895e-16  
2.3253149e-16  -2.1534469e-16  2.0335210e-16  1.0000000   1.5459306e-15  1.0063139e-16  5.0887343e-16  1.7451411e-16  6.7581767e-16  1.8256920e-16  -7.3856241e-16  
7.4803603e-16  -2.2441158e-16  -6.8828119e-16  1.5395784e-15  1.0000000   1.8652418e-16  -6.3577760e-16  -6.4615418e-16  -1.5509977e-15  -7.7176428e-17  5.2068174e-16  
-2.4124911e-16  -1.2607546e-16  2.5013130e-16  6.3670876e-16  -6.9007292e-17  1.0000000   -7.5530468e-16  9.1343772e-16  8.6625669e-16  9.7644454e-16  -1.7664472e-16  
-3.3573516e-16  1.6048078e-16  -8.1801104e-16  1.1381092e-16  -5.1088422e-16  -6.3468170e-16  1.0000000   -5.0580044e-16  -5.6637130e-16  7.9907528e-17  -1.2717310e-16  
-3.9951042e-16  -3.2005466e-16  -2.2188435e-17  1.9483780e-16  -4.2380454e-16  9.7429746e-16  -5.3517336e-16  1.0000000   2.0752163e-16  2.4898458e-16  4.1621547e-16  
-6.9710057e-18  2.9931791e-17  -7.2989131e-16  6.7614497e-16  -1.6813437e-15  9.3656337e-16  -5.6944488e-16  1.2150509e-16  1.0000000   1.0110744e-16  -4.8011945e-17  
4.8234922e-17  -4.1768931e-16  4.6052070e-17  8.2173176e-17  6.6352620e-17  9.8428114e-16  1.6661019e-16  3.8431535e-16  1.0727976e-16  1.0000000   3.0777408e-16  
-2.2185423e-16  -1.9910786e-16  5.9015517e-16  -5.2463094e-16  4.5424175e-16  -7.2713719e-16  1.9648793e-16  4.2270967e-16  3.3341017e-17  2.8556572e-16  1.0000000   
