1.0000000   9.2100432e-17  -8.4348099e-17  -5.0574308e-16  -8.0493281e-16  -3.4663346e-16  -2.4674239e-16  -1.3342249e-16  3.6559853e-17  2.7934415e-16  1.9757761e-16  
-2.4356839e-16  1.0000000   -2.1720956e-16  -5.7634137e-16  -6.0471393e-17  6.5167530e-16  -6.5708921e-16  3.3739499e-16  6.0323240e-16  -2.2806168e-16  8.7646139e-16  
2.0317286e-16  -3.2409175e-16  1.0000000   4.7787797e-16  -6.7907382e-16  -3.0037027e-16  -3.0688708e-17  -3.9938139e-16  1.1596797e-15  -1.8996748e-16  3.7600216e-16  
-4.3112823e-16  -6.5608361e-16  4.1528442e-16  1.0000000   1.3147930e-16  8.3222612e-16  3.9897938e-16  3.4850266e-17  7.7257020e-16  3.3226592e-16  2.1658963e-17  
-8.2974418e-16  4.0601999e-17  -5.1648823e-16  1.7397832e-16  1.0000000   1.0052999e-15  3.6266095e-16  -2.0451678e-16  3.4714682e-16  6.9386757e-16  4.3666486e-16  
-4.8479758e-16  5.5050059e-16  -9.4225705e-17  9.0284461e-16  9.8963542e-16  1.0000000   8.3427273e-16  3.2564764e-17  3.1136345e-16  -7.2866977e-16  -2.2922173e-16  
-8.8677670e-17  -4.3951219e-16  -8.5727012e-17  1.4718635e-16  -1.4461529e-16  -1.6740095e-16  1.0000000   -5.3322676e-16  4.0829214e-16  -1.9832697e-16  6.9753460e-16  
-1.8890980e-16  2.6592146e-16  -5.3939808e-16  1.7207170e-16  -1.9302895e-16  -1.3977116e-16  -4.7582787e-16  1.0000000   2.9361547e-16  -5.2480004e-16  -1.6224662e-16  
-8.3447459e-17  5.9216635e-16  1.3070156e-15  7.2764784e-16  4.9983157e-16  4.2597062e-16  2.8066658e-16  1.2961802e-16  1.0000000   -7.6141069e-17  -1.8499454e-16  
1.7603922e-16  -2.1250313e-16  -3.4998480e-16  2.1931163e-16  6.1254075e-16  -8.1799046e-16  -4.6627149e-17  -6.2553080e-16  -1.7922822e-16  1.0000000   5.1107935e-16  
1.9535327e-16  3.9194190e-16  1.9633334e-16  -2.2303047e-16  9.7717532e-17  -7.8111134e-16  2.8862817e-16  -2.0867334e-16  -1.3393920e-16  5.1642582e-16  1.0000000   
