1.0000000   1.4522121e-16  2.6749248e-16  -8.4539590e-18  1.0048105e-16  3.3926180e-17  6.9563887e-17  9.5712448e-17  -8.3700628e-17  -4.3899856e-17  -1.8126876e-17  
1.2480114e-16  1.0000000   2.9837059e-16  7.9957284e-16  -4.8538042e-16  5.9353243e-16  1.4371501e-16  -5.8453016e-16  5.2988638e-16  9.4285114e-16  -2.3522813e-17  
-1.2184833e-16  3.6541631e-16  1.0000000   7.3649773e-16  -5.2588428e-16  2.0337798e-16  2.0966429e-16  7.5738096e-16  -2.5108361e-15  1.9743981e-16  -6.4486588e-16  
4.3380504e-17  6.7842533e-16  6.9953776e-16  1.0000000   -9.3425525e-16  5.2976095e-16  -2.0193883e-16  1.3147670e-15  -6.4428456e-16  -2.6169125e-16  -3.8323036e-16  
3.8945359e-19  -4.7859919e-16  -4.8504832e-16  -8.9655936e-16  1.0000000   1.1039292e-15  8.4515785e-16  -2.7122090e-16  -2.1535068e-16  4.2066004e-16  1.9396123e-16  
2.9536415e-17  2.4196330e-16  2.6925146e-18  1.0087640e-15  1.1459993e-15  1.0000000   8.7413085e-16  8.6213564e-16  6.6200924e-16  2.7660460e-16  -8.7823751e-18  
8.0651203e-17  1.6631143e-16  1.1329224e-16  -1.7705995e-16  8.1870689e-16  7.8815227e-16  1.0000000   1.3247064e-15  1.4145486e-16  -8.6175563e-16  -1.6071349e-16  
-8.1260356e-17  -5.3157323e-16  8.1598189e-16  1.3539942e-15  -3.4927935e-16  9.2304201e-16  1.4108978e-15  1.0000000   2.2514288e-16  4.0475753e-16  4.1351725e-17  
-1.0831090e-16  5.0743733e-16  -2.3417990e-15  -6.0536590e-16  -1.3673002e-16  6.8051605e-16  9.2363534e-17  1.3379565e-16  1.0000000   3.9725907e-16  -7.8574216e-17  
2.0160261e-17  1.0599389e-15  3.8195220e-16  -7.4639801e-17  5.2325473e-16  1.3095620e-16  -8.3433638e-16  2.9206886e-16  3.8319710e-16  1.0000000   -5.0127876e-16  
5.0380540e-17  1.8658203e-16  -5.9010594e-16  4.2502840e-16  1.8094741e-16  -6.3675553e-16  -2.0285253e-16  1.0659063e-16  -7.0314389e-17  -4.2441645e-16  1.0000000   
