1.0000000   -2.3564997e-17  -2.8650468e-16  -1.9971180e-18  7.6759262e-17  -5.7059197e-17  -3.1418889e-16  1.4080658e-16  -1.4538861e-16  -2.4875026e-16  2.2784165e-16  
3.2815005e-19  1.0000000   3.0573680e-16  2.5319937e-16  9.0647819e-16  1.0289840e-16  1.9041530e-16  -1.2948221e-16  1.7793072e-17  7.5782922e-17  5.9820916e-17  
9.0020108e-17  3.6829615e-16  1.0000000   -5.1696091e-16  -3.8176431e-16  -6.6340718e-16  -1.1597535e-15  -8.2367272e-16  9.9031228e-17  3.6795506e-16  -8.4052773e-17  
2.0378081e-16  2.6720081e-16  -6.9695834e-16  1.0000000   -8.8448652e-16  -1.2922795e-15  -3.2539237e-16  -5.0718697e-16  -5.4211819e-16  -3.3278689e-16  2.1165066e-16  
-2.5076384e-16  7.1455048e-16  2.1826843e-16  -8.5507587e-16  1.0000000   -1.3822996e-15  7.8167615e-17  -4.7352613e-16  7.4295272e-17  1.3491111e-15  2.0513444e-17  
1.2142748e-17  2.0279127e-16  -7.4087812e-16  -1.2433527e-15  -1.3782258e-15  1.0000000   -2.9495352e-16  -6.3483320e-16  6.1510867e-16  -9.6257220e-16  2.6450891e-16  
-5.6154792e-16  1.0480853e-17  -9.8081677e-16  -4.1278732e-16  1.3509114e-15  -6.6537059e-16  1.0000000   6.2296211e-17  2.5267602e-16  3.7808469e-16  2.3917331e-16  
4.3980627e-16  -2.5305881e-16  -5.5216265e-16  -5.2791483e-16  -4.0219650e-16  -7.3615128e-16  -4.7906698e-16  1.0000000   -6.7859170e-16  -6.7138470e-17  1.7237713e-16  
-4.2296943e-17  -4.7435842e-17  9.5524141e-17  -4.6792252e-16  -1.3481376e-17  5.1911531e-16  1.7343143e-16  -7.8035749e-16  1.0000000   1.7288529e-16  7.1921229e-16  
-4.0390395e-17  3.7853763e-16  -2.0161369e-18  -3.1797764e-16  1.5460164e-15  -1.0484156e-15  1.3364507e-15  4.3277722e-17  2.1681410e-16  1.0000000   2.6295545e-16  
2.4277558e-16  -1.3594294e-16  8.6192379e-17  2.2861335e-16  1.2698718e-17  2.9058143e-16  -3.4966282e-16  -2.5270593e-17  8.2686170e-16  1.8223490e-16  1.0000000   
