1.0000000   -3.0073067e-16  1.3923344e-16  2.2415637e-18  -1.7185197e-16  1.8019243e-16  -2.0480861e-16  -1.2221654e-16  2.5694349e-16  9.2896243e-17  6.7297734e-17  
-2.7620495e-16  1.0000000   2.7904269e-16  1.4780013e-16  -7.3795113e-17  6.8397592e-16  -1.9667021e-16  3.3857580e-16  -4.2203028e-16  1.4696353e-16  -3.1972009e-16  
-3.9295767e-16  8.0824651e-17  1.0000000   -4.8743695e-16  -6.6773741e-16  8.7861689e-16  1.0823552e-15  -4.9809608e-16  5.9142769e-16  1.9744596e-16  4.0995322e-16  
5.8749178e-17  2.0176973e-16  -4.6871977e-16  1.0000000   -3.5159149e-16  -1.0588620e-15  -2.9948405e-16  -2.4458542e-16  9.3650967e-16  -3.5914521e-16  -1.8505908e-15  
-1.0492730e-16  -2.6200886e-18  -6.2482095e-16  -3.6831558e-16  1.0000000   -3.3970876e-16  2.7743930e-16  4.0735474e-16  2.3791847e-17  -5.9047833e-16  -3.2001670e-16  
-1.1043863e-16  6.3616299e-16  7.7193908e-16  -1.0856337e-15  -2.6808136e-16  1.0000000   -1.2190183e-15  -1.6448512e-16  -6.5459753e-16  1.5980643e-16  9.1265294e-17  
-1.2580962e-16  3.3701130e-16  1.2180359e-15  -1.7096611e-16  1.5651589e-16  -1.1552080e-15  1.0000000   3.3748564e-16  -4.6115584e-18  2.6502749e-16  5.4429490e-16  
5.9007302e-17  9.3452043e-17  -1.6789457e-16  -2.9563800e-16  3.0090182e-16  1.3441966e-16  -5.5785076e-16  1.0000000   2.9167378e-16  -1.1596499e-16  7.3939878e-16  
1.5913986e-16  -4.1211090e-16  5.1851682e-16  8.5102458e-16  6.5678476e-17  -7.7787446e-16  1.8452231e-16  2.2342805e-16  1.0000000   8.6504363e-16  -1.5200853e-17  
-1.0676752e-16  2.2787874e-16  9.5553476e-17  -4.8445276e-16  -5.5945845e-16  1.3029338e-16  2.2701730e-16  -1.5299890e-16  8.4270815e-16  1.0000000   -3.4208263e-16  
-7.7999757e-18  -3.0982051e-16  4.5585118e-16  -1.8066721e-15  -2.8225689e-16  1.2043411e-16  5.3595417e-16  7.4107251e-16  1.9441947e-17  -3.7134406e-16  1.0000000   
