1.0000000   -1.8877329e-17  -3.3067682e-16  4.3493533e-17  -1.4759334e-16  -2.1579882e-16  2.8967075e-16  1.4844047e-16  -2.6201822e-16  2.0349623e-17  -1.4124091e-16  
-4.7416685e-17  1.0000000   -2.3089808e-16  -1.2235607e-18  -3.9766683e-17  9.8765403e-17  7.0597079e-17  -4.7643869e-16  -6.9215870e-16  1.4325455e-16  -5.5724625e-16  
-5.4752200e-17  -2.2473832e-16  1.0000000   -3.3546964e-16  -6.9367322e-16  -5.6184081e-16  -5.6640399e-16  6.1843231e-16  -2.4494117e-16  -7.5921055e-16  1.1102643e-15  
7.9770133e-17  3.5387510e-16  -4.1227272e-16  1.0000000   5.2006547e-16  -1.2355883e-15  2.8799190e-17  -8.4911564e-17  1.2619794e-16  1.1085446e-16  3.2437832e-16  
-7.7433894e-17  -6.3852650e-17  -6.0315797e-16  4.4646625e-16  1.0000000   -5.7120481e-17  -6.8800413e-16  -2.4213598e-18  4.6143845e-16  4.4924683e-17  8.5908566e-17  
-1.7428844e-16  1.5748605e-16  -6.3368565e-16  -7.4039572e-16  -1.2610633e-16  1.0000000   3.1215551e-17  -2.5138575e-16  -2.1867372e-16  9.3031672e-16  -1.6538551e-16  
2.3303337e-16  8.0423857e-17  -4.6584822e-16  4.7471828e-17  -6.7109509e-16  -2.7880683e-18  1.0000000   -4.2221193e-16  1.2738990e-15  4.2800043e-16  8.9092024e-17  
1.2834155e-16  -4.8945196e-16  5.8620736e-16  -1.1551287e-16  -8.7344886e-17  -1.1142602e-16  -4.2599519e-16  1.0000000   7.0832362e-16  6.6170644e-17  9.1839611e-16  
-1.2158590e-16  -7.1759601e-16  -2.6519087e-16  5.6412996e-17  5.3860268e-16  -2.0724330e-16  1.2033648e-15  6.1169609e-16  1.0000000   -8.7277691e-16  -1.1696390e-15  
2.9167813e-16  1.1877985e-16  -8.9197074e-16  8.9641069e-17  4.6631466e-17  1.0897962e-15  4.1851239e-16  6.0832090e-17  -9.2389914e-16  1.0000000   1.1133342e-15  
-6.5293217e-17  -6.5433412e-16  9.7021409e-16  -8.4441959e-17  2.5895081e-17  -2.4303747e-16  1.5265061e-16  9.0830879e-16  -1.0324942e-15  1.1254459e-15  1.0000000   
