1.0000000   5.4042444e-17  6.5885506e-16  -9.9014329e-17  -7.5171705e-17  7.3630267e-17  7.4326201e-17  -2.5779637e-16  6.5812588e-18  -3.4988688e-16  -6.0255548e-17  
3.3642721e-17  1.0000000   2.7355420e-16  -6.8837787e-16  3.9595471e-17  8.6368731e-17  2.5455328e-16  1.6085380e-16  -1.6836666e-16  -1.0262407e-16  5.0617800e-16  
-1.8268388e-16  2.5633846e-16  1.0000000   9.2016254e-16  -1.4895821e-15  2.9998721e-16  1.9681704e-16  6.7067995e-16  8.8516331e-17  7.4618391e-16  -1.7580573e-16  
-1.6787239e-16  -8.2337346e-16  8.2724943e-16  1.0000000   -4.2012735e-16  7.2687245e-16  1.0822424e-16  -6.1675952e-16  -6.0567886e-17  -6.3172836e-16  9.0032302e-16  
-5.6309616e-17  5.7352056e-17  -1.4410731e-15  -3.4841210e-16  1.0000000   1.0868007e-15  -8.6150822e-16  -1.7372078e-16  -2.6690963e-16  2.6709416e-16  1.5199387e-16  
3.4964862e-17  4.1654572e-17  3.9167652e-16  -3.3798595e-16  1.1484623e-15  1.0000000   4.1704444e-17  4.5901259e-17  -3.4461431e-18  4.3472420e-17  -8.1942232e-18  
4.2265490e-16  2.8428830e-16  1.7781957e-16  3.3513558e-16  -7.5970061e-16  -2.4424617e-17  1.0000000   -1.0365781e-15  -8.0028836e-16  5.4521198e-16  7.5502555e-17  
-2.6886799e-16  2.0722760e-16  6.2454648e-16  -2.2965970e-16  -1.0665341e-16  6.7382645e-17  -9.6202921e-16  1.0000000   -1.2580934e-16  -7.7495841e-16  -1.6753889e-16  
1.1296458e-16  -2.8418837e-16  1.2924657e-16  -2.6259308e-16  -3.8145981e-16  -7.5504090e-17  -7.8552283e-16  -1.2131749e-16  1.0000000   1.8602817e-15  2.5133816e-16  
-2.9565372e-16  1.4915904e-16  6.9396960e-16  4.5938949e-17  2.4549799e-16  2.1002857e-16  4.4216450e-16  -8.4848331e-16  1.8625193e-15  1.0000000   2.3621152e-16  
-3.3966693e-17  5.0177872e-16  -1.9028302e-16  7.2181637e-16  1.1471895e-16  -2.4416648e-17  8.3874223e-17  -2.3353433e-16  5.3193524e-16  -4.9873123e-16  1.0000000   
