1.0000000   -1.1591400e-16  1.3547395e-16  -2.1176244e-17  1.7269416e-17  -5.9202761e-16  -6.4549065e-17  3.3141816e-16  -4.1546262e-16  -2.2520727e-16  -3.4189172e-16  
-1.9454737e-16  1.0000000   1.8951565e-16  -3.8493139e-16  2.8533818e-16  7.1983694e-17  2.6193590e-16  -3.0160351e-16  -3.8303105e-16  -1.1684348e-16  -8.3612816e-17  
1.5191507e-16  1.3504676e-16  1.0000000   1.1055398e-16  6.4377930e-16  -6.7293420e-17  4.1308236e-16  5.4428116e-16  -3.0265374e-17  5.5283200e-16  2.9373154e-16  
-6.4963987e-17  1.0213644e-16  1.9879091e-16  1.0000000   1.1005189e-16  -4.2542411e-16  -1.1836699e-16  4.7306312e-17  1.5571835e-16  6.9382384e-16  1.5687144e-16  
1.2564358e-16  2.0831379e-16  5.6705049e-16  1.3103285e-16  1.0000000   4.6585429e-16  1.7659601e-16  -8.6218656e-16  2.4609328e-16  -3.1958810e-16  1.3262066e-16  
-1.8219097e-16  9.4662536e-17  1.9115254e-16  -4.8009453e-16  4.9989351e-16  1.0000000   4.8380050e-16  -7.3468476e-16  -2.2273251e-16  -9.2391046e-17  4.2781776e-16  
-1.2288919e-16  1.3097016e-16  3.2126858e-16  -2.8324675e-16  2.2069387e-16  4.6360570e-16  1.0000000   -1.3805695e-17  4.6232652e-16  2.3640414e-16  -3.0554121e-16  
3.2280573e-16  -6.7097376e-17  8.2324487e-16  2.1828865e-16  -7.2483303e-16  -6.3103494e-16  -2.5244034e-17  1.0000000   -4.1466045e-16  -9.7314080e-16  6.0555232e-16  
-7.5985699e-17  -2.9196153e-16  2.9210606e-17  1.6596025e-16  1.3012473e-16  -2.2345367e-16  4.0217569e-16  -4.0597716e-16  1.0000000   -7.7368668e-16  -1.6348922e-16  
-8.8700927e-17  1.9560000e-16  8.3457217e-16  -6.3799705e-16  4.7164826e-17  -9.9974200e-17  6.6842710e-16  -2.5021803e-15  -1.1561637e-15  1.0000000   1.0344570e-16  
-4.0058005e-16  -1.5228189e-16  1.3263350e-16  5.0342168e-16  -2.2530388e-17  3.7899319e-16  -4.6796336e-16  9.7382150e-16  2.8883824e-17  1.3688836e-16  1.0000000   
