1.0000000   4.0314270e-17  2.9577664e-16  1.3394646e-16  5.5656941e-18  -1.1841983e-16  1.4965836e-16  -2.8545624e-17  1.2778840e-16  9.5450483e-17  5.8199925e-17  
3.8494762e-17  1.0000000   4.6536084e-16  9.4274680e-16  -2.0410471e-16  6.5002196e-16  1.1879238e-16  -8.2139805e-16  3.6070373e-16  -6.3481423e-16  -1.7671987e-16  
-1.5149065e-16  3.9776319e-16  1.0000000   4.1201557e-17  -3.9163301e-16  -1.1357517e-15  6.7518555e-16  8.2627926e-16  -8.9002949e-16  2.2260878e-16  -3.6217350e-16  
1.3919081e-16  1.0418111e-15  7.0476966e-17  1.0000000   -3.6636819e-16  -9.1332062e-17  -1.2264471e-15  -7.9055875e-17  7.0776680e-17  -2.8030296e-16  4.2777705e-16  
-2.6608527e-17  2.3284803e-18  -3.7598941e-16  -4.1870367e-16  1.0000000   6.8306055e-16  8.8888012e-16  -1.0256854e-17  5.3116947e-16  -3.4925654e-16  -3.7614870e-16  
-1.8273612e-17  6.4582740e-16  -1.0249887e-15  -4.5783004e-17  6.7682113e-16  1.0000000   -4.4174831e-16  5.4175953e-16  -4.1753338e-16  -4.0129784e-16  3.2880718e-16  
1.2591843e-16  1.0361032e-16  6.3354616e-16  -1.0410885e-15  8.8515648e-16  -4.3944520e-16  1.0000000   -5.3264510e-17  6.5146352e-16  3.9280854e-16  -4.8568112e-16  
-1.0938657e-16  -7.5087663e-16  6.5197163e-16  -5.0593193e-16  -2.7632727e-16  6.8175177e-16  -6.3890059e-17  1.0000000   -4.6692387e-17  7.2152159e-16  -7.7618881e-16  
1.6912347e-16  2.7632653e-16  -1.2300581e-15  -1.1277955e-16  5.3974136e-16  -4.2924608e-16  7.8020074e-16  -1.2191938e-15  1.0000000   3.2084312e-16  -4.2552352e-16  
-1.5318216e-18  -7.2609739e-16  1.2726546e-17  -3.0245832e-16  -4.7766064e-16  -3.2465143e-16  8.6173130e-16  -2.9538432e-16  3.1891331e-16  1.0000000   -1.4227231e-16  
2.3488822e-16  -3.2339887e-16  -2.7570880e-16  4.9247851e-16  -3.4949850e-16  4.3004498e-16  -7.0958629e-16  -3.8505779e-16  -3.2421266e-16  -3.0285557e-16  1.0000000   
