1.0000000   -2.2722437e-16  6.3446078e-17  -4.4260492e-16  7.4534998e-16  -3.2492214e-16  -3.5802180e-16  -2.4993807e-17  3.7307754e-16  2.5047788e-16  -2.2683881e-16  
-4.3621671e-17  1.0000000   5.8964476e-16  -7.8351747e-16  6.9468471e-17  6.1585676e-16  -3.3418172e-16  1.9470916e-17  -6.7679632e-16  4.6137592e-16  -6.0976974e-16  
5.9212706e-17  5.2271970e-16  1.0000000   -4.2685697e-17  -9.3709937e-16  8.2780511e-16  -3.6124362e-16  9.3810504e-17  -5.5904619e-16  9.5971535e-16  -1.9907646e-16  
-4.1949957e-16  -1.3157960e-15  -3.1110448e-17  1.0000000   7.7753432e-16  4.6436683e-16  3.7763065e-16  -8.5539868e-17  1.9498313e-16  1.3224553e-15  -3.1693289e-16  
8.5174402e-16  -1.9222818e-17  -9.4342393e-16  7.4952852e-16  1.0000000   -3.4882886e-16  -7.9984317e-16  -1.4086598e-17  3.8780612e-16  -6.7478268e-18  1.1898695e-16  
-1.0119741e-16  5.5460529e-16  9.3076740e-16  6.1449795e-16  -3.7078179e-16  1.0000000   -2.5791206e-16  5.8350022e-17  -5.5303573e-16  2.0555067e-16  -1.4114872e-16  
-3.3402973e-16  -2.6151152e-16  -3.5777225e-16  4.3662028e-16  -8.1709102e-16  -2.2506073e-16  1.0000000   -1.0192499e-16  6.4755329e-17  -1.4236180e-15  -5.9648623e-17  
-3.3241840e-18  -2.6279762e-17  1.2174970e-16  -1.0188685e-16  3.0686063e-17  9.8410928e-17  -1.0616947e-16  1.0000000   -1.7526943e-17  3.1808966e-16  -4.2285671e-18  
2.8855671e-16  -6.4763132e-16  -4.8032745e-16  -1.3222134e-16  5.4579733e-16  -7.7890066e-16  1.0118945e-16  -2.6421545e-17  1.0000000   -1.3712769e-16  7.0762657e-16  
4.4031563e-16  5.8746998e-16  9.1867822e-16  7.8207978e-16  5.4884267e-17  -4.1214889e-16  -1.4215802e-15  3.2480850e-16  -8.2408034e-17  1.0000000   7.0649917e-16  
-1.0635800e-16  -5.9048437e-16  -2.5442837e-16  -2.9381397e-16  1.1090520e-16  -1.1199110e-16  -1.1922370e-16  -1.6646791e-17  7.4038642e-16  7.3245649e-16  1.0000000   
