1.0000000   -7.2718189e-17  -3.6797520e-16  1.2307236e-16  2.9446781e-17  2.1929338e-16  -9.6438043e-17  -1.1550884e-16  -1.8140006e-16  9.6893962e-17  9.8813236e-17  
-6.5117837e-17  1.0000000   3.9219619e-16  2.0106367e-16  4.7886858e-16  -2.9474522e-16  9.7547476e-16  2.7026353e-16  5.4783023e-17  5.5470841e-16  1.6634222e-16  
2.4583897e-16  3.9648749e-16  1.0000000   -1.3860774e-15  -8.3094333e-16  2.1619979e-16  8.5508150e-17  -1.0464007e-17  -6.1552825e-19  3.2234346e-16  8.8324445e-16  
4.9221736e-17  1.8754446e-16  -1.3431478e-15  1.0000000   -4.6584909e-16  -1.6287452e-15  -6.4366098e-16  7.8013084e-16  -2.4270225e-16  -2.7588910e-16  1.3728644e-17  
2.5689579e-16  3.4264406e-16  -7.4215484e-16  -6.0998591e-16  1.0000000   4.1430513e-16  6.3637583e-16  -5.4290208e-16  2.4317009e-17  -5.5539381e-16  3.7226336e-16  
3.7068874e-16  -2.3394137e-16  1.6872527e-16  -1.5614258e-15  6.1274380e-16  1.0000000   1.5080925e-17  8.8060388e-16  -3.6886128e-17  -3.5498393e-17  -6.6189357e-16  
2.9467823e-17  1.1255878e-15  -5.0451770e-17  -7.9699733e-16  9.5928189e-16  -1.0747594e-17  1.0000000   -1.5594446e-17  -8.6095289e-16  9.7417230e-18  -1.0336059e-15  
1.9527413e-16  3.4472739e-16  -1.2403510e-16  7.1694123e-16  -4.5956751e-16  9.0374135e-16  1.5955354e-16  1.0000000   3.1552824e-17  -1.1749944e-16  8.1928415e-17  
-1.4892044e-16  8.6770173e-17  -9.8684010e-17  -2.6421166e-16  1.4644490e-16  -4.3399242e-17  -1.0088068e-15  2.6138113e-17  1.0000000   -6.3615250e-16  -4.2281344e-17  
2.2617336e-16  1.8918879e-16  1.4936622e-16  -3.0339982e-16  -4.5605870e-16  2.6712129e-16  5.9527927e-16  -8.6731475e-18  -4.3798685e-16  1.0000000   -4.6626411e-17  
5.9543240e-18  2.4948644e-16  8.7550765e-16  1.5668045e-17  3.0244230e-16  -7.4480285e-16  -1.1761343e-15  1.0609426e-16  -2.5476210e-17  -1.0165878e-17  1.0000000   
