1.0000000   1.4312125e-16  1.3569900e-16  -1.9253256e-16  -3.7607545e-17  5.0242415e-17  5.1136163e-17  -1.5811423e-16  2.9251347e-17  1.9393470e-17  -2.5636757e-16  
4.3979138e-17  1.0000000   7.0380388e-16  9.9000124e-16  6.2482581e-16  -6.3641697e-16  2.5319105e-16  -1.1374259e-16  3.1624209e-16  3.5385349e-16  7.6232650e-16  
-5.6498719e-17  6.3259722e-16  1.0000000   -8.7572963e-16  -3.3361768e-16  5.6535695e-16  1.6024862e-16  5.5478944e-16  -5.1841931e-16  1.5369276e-16  7.1589531e-16  
7.6434615e-17  4.3953765e-16  -5.8393492e-16  1.0000000   2.4381884e-16  -4.4697511e-16  -2.4204588e-16  6.1716380e-16  1.2060296e-16  4.1906047e-16  3.4519393e-16  
-9.4256865e-18  4.1897397e-16  -4.1942697e-16  2.1695137e-16  1.0000000   2.9465573e-16  4.3451851e-17  -3.2146482e-16  2.5456999e-17  -1.4314657e-16  7.7853339e-17  
-1.8237508e-16  -7.1521365e-16  5.1852444e-16  -4.0612405e-16  2.9615225e-16  1.0000000   6.6312842e-16  4.2547214e-16  8.5838070e-16  2.1881489e-16  -1.2611846e-15  
4.5198684e-18  2.1139684e-16  1.1203869e-16  -2.7114102e-16  1.6415604e-16  7.0646348e-16  1.0000000   4.7346975e-16  4.9794270e-16  -4.5830577e-16  8.7131992e-16  
1.6028697e-17  2.0377039e-16  3.7323845e-16  -6.0911432e-16  -4.7921375e-16  2.3090650e-16  6.8102704e-16  1.0000000   -2.5614116e-16  7.3674165e-19  -4.4205972e-16  
-1.4152967e-16  3.1263786e-16  -4.4345776e-16  1.1548707e-16  -9.9671550e-17  8.5761768e-16  5.6195305e-16  -2.5632534e-16  1.0000000   -4.1953957e-16  6.6753258e-16  
7.6760715e-17  3.3228157e-16  1.7773450e-16  5.6064123e-16  -1.3960055e-16  2.6157182e-16  -5.0808427e-16  -4.5401204e-17  -4.2237923e-16  1.0000000   -1.9497428e-17  
-1.3654470e-16  7.8036301e-16  7.0601467e-16  3.1626750e-16  1.2543203e-16  -1.2088442e-15  7.3017543e-16  -4.4216221e-16  6.4079419e-16  -1.0929266e-17  1.0000000   
