1.0000000   1.6353315e-16  2.5133865e-16  3.9097323e-16  1.1078490e-16  -1.4112498e-16  -4.1525429e-16  -2.3990772e-16  1.5569705e-16  1.8656035e-17  -1.5504005e-16  
-5.4131201e-17  1.0000000   -2.4641048e-16  3.3556520e-17  7.1733516e-16  -1.6035419e-16  3.2450023e-16  -9.2554513e-16  -3.1954613e-16  3.4680924e-17  2.4374192e-16  
-2.9519896e-16  -2.2174484e-16  1.0000000   -5.8248722e-17  2.2524881e-16  -3.4124261e-17  -2.9057610e-16  1.3934126e-17  5.7638454e-16  2.4566125e-16  -3.3841888e-16  
5.1972420e-16  9.5376989e-17  -1.0212155e-16  1.0000000   2.8587212e-16  7.6169810e-16  4.6217388e-16  1.7827889e-16  -7.8112537e-16  -4.2764394e-16  9.4194977e-16  
-1.6306750e-16  5.6331559e-16  2.2542294e-16  2.3559309e-16  1.0000000   -3.1656915e-16  2.1309400e-16  -9.9053435e-17  -7.7007597e-17  -2.7468427e-16  2.7457830e-16  
-1.7220434e-16  2.4200994e-17  9.1380840e-17  7.9077585e-16  -4.1507646e-16  1.0000000   -1.7389143e-16  3.1890994e-17  -6.0166782e-16  -2.4857097e-16  -3.2180905e-16  
-2.4124165e-16  3.5275262e-16  9.0594259e-17  5.5635897e-16  -2.8376055e-17  9.1918095e-17  1.0000000   1.8726555e-16  -1.1749018e-15  -6.9203023e-17  3.3161243e-16  
2.6116564e-16  -4.0396039e-16  -5.5243741e-16  2.0361862e-16  -1.4390066e-17  -3.7538029e-16  -1.5897269e-15  1.0000000   2.6512841e-16  1.5274353e-16  -7.3163995e-16  
2.2678165e-16  -3.7006114e-16  6.8453003e-16  -8.0131239e-16  -2.2847066e-16  -4.8636849e-16  -7.8742431e-16  3.5724006e-16  1.0000000   6.1415880e-16  4.7846858e-16  
-1.2861223e-16  -1.0364978e-16  2.0566392e-16  -1.6255996e-16  -4.6591321e-16  -2.9621443e-16  -3.7951664e-17  1.0444520e-16  6.6883807e-16  1.0000000   -6.3890808e-17  
-2.1614946e-16  1.8096547e-16  -4.1231335e-16  1.0581288e-15  2.9738591e-16  -3.7139240e-16  2.6356902e-16  -7.2757081e-16  4.7667541e-16  -2.4335971e-17  1.0000000   
