1.0000000   2.0145525e-16  -3.0176433e-16  -2.5593402e-17  1.7955471e-16  1.0470975e-16  1.8943362e-16  -1.5901298e-16  4.6743327e-16  6.0675032e-16  1.2970211e-16  
1.2531621e-16  1.0000000   -1.0774710e-16  6.0270410e-16  -5.1215919e-16  -5.9573256e-16  3.0230426e-16  3.2272502e-16  8.3166431e-16  5.0446001e-16  -4.8217133e-16  
1.4075904e-17  -2.8863531e-16  1.0000000   4.1366337e-16  1.0333244e-16  2.6237208e-16  1.6632573e-16  -7.3211917e-16  5.3066630e-16  -5.6916220e-16  6.8808541e-16  
-2.6736066e-17  6.7148240e-16  5.3270325e-16  1.0000000   -2.7106316e-16  2.4192149e-16  -3.1504201e-16  1.0361065e-15  -5.1091319e-16  4.2530528e-17  -6.3733787e-16  
-4.6536503e-19  -5.1828790e-16  2.3040727e-16  -2.3773640e-16  1.0000000   -3.8703741e-16  6.4464525e-16  1.0264952e-16  -1.6768189e-15  1.8147804e-16  1.8649537e-15  
-3.0746715e-17  -6.0912085e-16  2.2235403e-16  -5.9683073e-17  -4.7733809e-16  1.0000000   3.3544719e-16  -7.1183906e-16  9.7557065e-17  5.1347896e-16  3.4140828e-17  
1.9148714e-16  1.6496173e-16  8.5450441e-17  -2.2863492e-16  5.5686809e-16  3.6128352e-16  1.0000000   -4.7231837e-16  2.0126540e-16  8.1341539e-16  -1.9498190e-16  
-2.1732086e-16  2.5464251e-16  -6.3067765e-16  9.0833706e-16  -1.5062256e-16  -6.9320340e-16  -5.1124522e-16  1.0000000   -4.2954464e-16  -8.9048573e-16  -7.0966961e-16  
4.3337487e-16  6.8406945e-16  6.0353399e-16  -6.3875991e-16  -1.3619379e-15  5.6828470e-17  1.5383172e-16  -5.7335929e-16  1.0000000   1.0989580e-15  -8.5373806e-16  
4.2054539e-16  4.6543060e-16  -5.5661026e-16  1.1485601e-16  2.0195444e-16  4.4914287e-16  5.4037209e-16  -8.7277962e-16  1.1501524e-15  1.0000000   -8.2135514e-17  
-5.7836468e-20  -8.5526092e-16  9.6217670e-16  -6.0059554e-16  1.7076253e-15  -7.2267792e-18  -3.5080886e-16  -8.1822282e-16  -9.3647963e-18  -1.4312909e-16  1.0000000   
