1.0000000   4.7422163e-18  3.5446629e-16  -8.4332667e-17  1.8000759e-16  -4.2414027e-17  2.6130604e-16  2.4109070e-16  1.2390235e-16  2.1800069e-17  -2.9204370e-16  
2.0962546e-17  1.0000000   -5.8543372e-16  -1.7397332e-16  -4.4174654e-16  -1.2166684e-16  -2.6267230e-16  1.7590870e-16  2.7560852e-16  3.1838167e-16  4.2002257e-16  
2.4408993e-16  -4.5526276e-16  1.0000000   8.9650124e-16  -6.8432446e-16  -3.2529374e-16  -8.5245785e-16  -1.4493105e-16  -6.9029015e-16  -2.8851176e-16  -3.2836542e-16  
1.3590628e-17  -4.9925125e-16  6.6012573e-16  1.0000000   -4.6186581e-16  -5.0479835e-17  5.5164746e-16  1.2415464e-16  -6.1996146e-16  -3.1489168e-17  1.1756521e-16  
2.4171202e-18  -4.0968181e-16  -7.3157053e-16  -4.8790756e-16  1.0000000   5.4794976e-16  2.2045948e-16  -3.5643869e-16  -5.6539870e-16  -6.8365209e-16  -5.3987886e-16  
-9.5245185e-17  -3.5698636e-16  -4.3867071e-16  -3.3410947e-16  5.7681711e-16  1.0000000   6.0057075e-17  1.9921739e-16  -6.4674142e-16  -3.7084303e-16  -1.2260667e-16  
1.7054455e-16  -3.3593542e-16  -8.4808028e-16  6.4277382e-16  2.1354426e-16  9.1635832e-17  1.0000000   -4.7114319e-16  4.9716397e-16  -4.9461726e-16  -2.9773166e-16  
2.0623781e-16  2.6532953e-16  -2.0015793e-16  2.2710973e-16  -3.6660524e-16  9.0628504e-17  -5.4611159e-16  1.0000000   -9.0621036e-16  3.2707714e-16  2.0156820e-16  
-2.9223215e-17  3.0793666e-16  -6.7543717e-16  -5.9610088e-16  -5.7404094e-16  -6.9073574e-16  4.9605902e-16  -8.4197713e-16  1.0000000   5.5307420e-16  1.9223582e-16  
2.8721554e-17  4.2399383e-16  -2.6293602e-16  -2.7750439e-17  -6.9232434e-16  -3.0549838e-16  -4.6836222e-16  2.8031090e-16  3.9253266e-16  1.0000000   4.5521922e-16  
-2.3586059e-16  3.4166299e-16  -2.9150970e-16  -3.2987698e-18  -4.9717279e-16  -1.2378717e-16  -2.8017139e-16  1.1888740e-16  2.4442639e-16  4.7419191e-16  1.0000000   
