1.0000000   -1.1765561e-17  6.8027661e-16  8.9892606e-17  1.6682084e-16  -4.4920818e-16  -4.0549348e-17  -2.2009535e-16  2.8934467e-16  1.6560083e-16  -3.0602709e-16  
-2.8294893e-17  1.0000000   -3.7082174e-16  1.0192122e-16  -1.5273799e-16  2.6931609e-16  -5.1397860e-16  -3.7306023e-16  -1.9843978e-16  -1.0255205e-15  2.9113443e-16  
9.6848739e-17  -4.1664770e-16  1.0000000   -8.5149225e-17  -3.9261739e-16  1.6994021e-15  1.7648845e-15  -4.9732074e-16  -4.3527167e-16  7.1616846e-16  3.0051703e-16  
2.6852398e-16  -7.0938448e-17  -2.6302317e-16  1.0000000   9.3362633e-17  -1.9732263e-16  2.3872939e-16  -1.7516325e-16  5.4022353e-16  -1.5082891e-15  6.9927127e-16  
1.0041565e-16  -1.0896244e-16  -4.5830133e-16  7.6721061e-17  1.0000000   3.8392836e-16  9.5143610e-16  3.0085321e-16  -5.4916788e-16  -1.6262733e-15  6.7854656e-16  
-5.4650383e-16  4.2818668e-16  1.5045481e-15  -4.4030051e-16  3.9612984e-16  1.0000000   -7.2420526e-16  -1.5545158e-15  2.5442647e-16  7.1795751e-16  1.0928521e-15  
-8.3410851e-17  -5.0323405e-16  1.7171791e-15  2.6314042e-16  1.1738479e-15  -5.9019320e-16  1.0000000   -3.4565972e-17  -2.6564378e-16  -9.5851255e-16  -5.9085122e-16  
1.8029923e-16  -3.5051943e-16  -5.7950210e-16  -1.5146363e-16  3.6048208e-16  -1.5005161e-15  -1.4311393e-16  1.0000000   -8.4794921e-16  -3.6441892e-17  4.6074188e-16  
3.1737753e-16  -1.7038663e-16  -5.1332391e-16  6.2483462e-16  -5.1920469e-16  4.8888562e-16  -2.3174135e-16  -8.5269069e-16  1.0000000   2.6495293e-16  1.1383723e-15  
1.1079488e-16  -8.5928300e-16  5.8779145e-16  -1.5619538e-15  -1.5930508e-15  1.8014528e-15  -8.6268514e-16  -3.5295406e-17  2.4247435e-16  1.0000000   8.2136361e-16  
-2.6475320e-16  1.7695117e-16  3.3041497e-16  7.0044701e-16  6.4215289e-16  4.5259173e-16  -5.7219701e-16  4.0719923e-16  1.0219664e-15  8.5804734e-16  1.0000000   
