1.0000000   2.7696814e-17  -1.9416334e-16  1.8026295e-16  -1.9373036e-17  -4.6095975e-17  -7.9139980e-17  -4.0454853e-17  -7.9748609e-17  7.9151443e-19  -6.8410371e-17  
-6.7448705e-17  1.0000000   -3.0716579e-16  -9.5919348e-16  5.3597110e-16  -3.9681620e-16  3.2310921e-16  3.4430627e-16  7.3148842e-16  -5.1192751e-16  -6.7344202e-17  
2.1835147e-16  -4.3167139e-16  1.0000000   -8.0523796e-17  -9.1003002e-16  -1.6061158e-16  -1.9618243e-16  1.0260094e-15  -1.1772152e-16  3.4827998e-16  -1.2298774e-15  
-8.9903341e-17  -1.2264124e-15  1.1947529e-16  1.0000000   9.0477370e-16  3.7602849e-16  1.0689621e-15  -4.4218319e-16  2.2791409e-16  9.4014737e-16  -8.0424508e-17  
4.4254311e-17  4.6317489e-16  -8.8489875e-16  9.9175631e-16  1.0000000   1.6713764e-16  -1.7640965e-16  3.7981233e-16  -1.8438103e-16  -3.5451519e-16  -3.1479471e-16  
4.3563526e-17  -3.4075850e-16  -2.4437303e-16  5.2147002e-16  1.5456213e-16  1.0000000   -4.6343488e-16  -8.5665901e-16  -3.2430636e-16  -1.2756552e-16  -1.2464556e-16  
1.8612235e-16  2.7957174e-16  -1.0748610e-16  7.3342826e-16  -4.3500863e-17  -4.2351446e-16  1.0000000   -4.1739391e-17  -2.1198932e-16  2.1164928e-16  1.2200785e-15  
1.4454609e-16  4.7957665e-16  3.5990325e-16  -9.5810918e-16  1.6149105e-16  -6.9511517e-16  -4.0076828e-16  1.0000000   3.6688737e-16  5.5850735e-17  -9.2294404e-17  
8.0832283e-17  7.5899486e-16  -2.1581629e-16  -5.5565547e-17  -2.3027305e-16  -2.4966511e-16  -2.3186770e-16  3.8676352e-16  1.0000000   9.5337474e-16  -3.5315599e-16  
3.6714425e-17  -5.6031056e-16  3.5534982e-16  1.0231218e-15  -3.0809411e-16  -1.1737450e-16  1.2565224e-16  1.2823239e-16  7.0757937e-16  1.0000000   7.2050412e-16  
4.5471697e-17  -1.6558647e-17  -1.1569883e-15  3.4450524e-17  -2.5247680e-16  -1.3810978e-16  1.1529452e-15  -1.2946390e-16  -3.9045593e-16  6.4525916e-16  1.0000000   
