1.0000000   1.8962025e-16  1.9143786e-16  -8.7608778e-17  1.2557158e-16  -2.2977462e-16  -2.1018085e-17  5.8823610e-17  -2.6644991e-17  5.8481599e-18  2.8875613e-16  
4.1084541e-17  1.0000000   -1.4598077e-16  1.1690527e-15  -1.7071794e-16  3.0952323e-17  -8.6205882e-16  -6.2131731e-16  9.1925913e-16  3.3887151e-16  3.1450961e-16  
-5.7800413e-16  -1.8870443e-16  1.0000000   -4.2947052e-16  6.6871484e-16  4.1577419e-16  -5.7965079e-16  -3.5506446e-16  7.8993463e-16  1.2783516e-15  -2.2925986e-16  
-1.7724997e-16  8.9912985e-16  -4.1532922e-16  1.0000000   -1.1671291e-15  -5.2084166e-16  -8.0362147e-16  3.3573555e-16  -8.5158392e-17  -5.3974360e-16  4.3855838e-16  
3.1795590e-16  -4.2110389e-16  4.6798984e-16  -1.1960402e-15  1.0000000   -3.7571661e-16  3.7627124e-16  9.9474044e-16  -3.6771176e-16  -4.0415785e-16  5.7350483e-16  
-6.1102597e-17  4.9301946e-17  6.8558436e-16  -5.1099393e-16  -3.5379456e-16  1.0000000   -1.7202485e-16  -4.0190481e-16  -6.5980098e-16  -1.2768805e-15  2.7385422e-16  
3.1281491e-16  -7.1328601e-16  -6.2062987e-16  -4.7148957e-16  3.2935201e-16  -6.2525747e-17  1.0000000   2.8219331e-16  5.3459634e-16  2.1256462e-17  -4.0622001e-16  
1.4962922e-16  -6.5007554e-16  -3.3021473e-16  3.0067220e-16  7.8024037e-16  -4.6244769e-16  2.9516444e-16  1.0000000   -8.3419532e-16  -6.4701214e-16  1.4330827e-16  
-3.8876344e-17  9.8150918e-16  7.9169691e-16  -1.4781725e-16  -5.1093057e-16  -6.9034967e-16  8.0720341e-16  -8.9715375e-16  1.0000000   -7.7465832e-17  9.0567897e-16  
3.1877610e-16  2.7770963e-16  1.1598932e-15  -3.8137450e-16  -3.4675463e-16  -1.1840517e-15  -4.2776850e-17  -8.4606390e-16  -5.1556642e-17  1.0000000   2.3180200e-16  
2.3034876e-16  2.6791481e-16  -1.4080204e-16  6.6445436e-16  5.4862239e-16  3.6620961e-16  -6.4858319e-16  1.3473014e-16  9.0581449e-16  3.2014711e-16  1.0000000   
