1.0000000   6.2787641e-18  4.0090471e-16  -1.7752045e-16  -5.0357427e-18  -2.6053044e-16  5.1701100e-17  2.6544102e-16  1.9272838e-16  3.4685694e-17  -7.5426418e-17  
2.3630955e-17  1.0000000   -3.1778288e-16  -1.9543881e-17  3.8412459e-16  4.9260148e-16  -4.9369580e-16  5.9679566e-16  -5.5322613e-17  3.8616815e-16  -2.8144295e-16  
1.8900434e-16  -2.6591411e-16  1.0000000   9.1104570e-17  -1.3585947e-16  -9.8855067e-16  6.8584943e-16  2.3472497e-16  1.1423766e-16  3.2729368e-17  1.1676967e-18  
-1.1796322e-16  -7.5173447e-17  7.8035965e-17  1.0000000   -1.6004197e-16  1.4524813e-16  3.0504887e-16  1.2003566e-15  1.8564428e-17  4.2198281e-16  1.6905456e-16  
-2.8885307e-16  4.7978233e-16  1.1250377e-15  8.9089355e-17  1.0000000   8.3167691e-16  2.5234437e-17  1.1132548e-16  -1.0725181e-15  -2.7568291e-17  -1.5988749e-17  
4.9876277e-16  5.7237458e-16  -8.1035277e-16  8.0955791e-17  5.0258875e-16  1.0000000   1.0293322e-16  -1.3247140e-15  -9.1904365e-16  4.0485669e-16  1.7031225e-17  
-3.6971607e-16  -5.1391484e-16  5.2829271e-16  2.7571639e-16  3.5244512e-16  1.5287744e-16  1.0000000   -5.2238300e-16  1.0010559e-15  -1.4376144e-16  -6.7420427e-17  
1.2512752e-16  5.6398002e-16  1.2925129e-16  1.1871514e-15  1.7942226e-16  -1.3291039e-15  -5.3979814e-16  1.0000000   7.2774198e-16  -1.1249205e-15  -4.8007214e-18  
5.6452823e-16  2.1966777e-17  -1.0214188e-16  4.9871751e-17  -8.7513109e-16  -8.8203901e-16  9.9055672e-16  7.2625922e-16  1.0000000   1.5690067e-16  1.1174754e-16  
3.8089432e-17  3.5225209e-16  7.9017603e-17  2.7844418e-16  -6.6927842e-18  2.7448473e-16  -2.3742527e-16  -1.1414989e-15  1.1051232e-16  1.0000000   1.5052017e-17  
-1.1292222e-16  -2.8149595e-16  2.6875781e-18  1.6803147e-16  -1.5074540e-17  2.6811468e-17  -9.4832071e-17  6.0130624e-17  1.0075289e-16  3.4661702e-17  1.0000000   
