1.0000000   -2.0090439e-16  -3.6235459e-16  2.9728980e-17  -2.0951022e-16  8.9493269e-17  -2.5692301e-16  2.2069314e-16  -2.9043025e-18  6.7856878e-17  -3.9666595e-16  
-2.4010752e-16  1.0000000   7.7622149e-18  2.6917007e-17  -1.3366572e-16  2.4248866e-16  -1.6440243e-16  -9.6889778e-17  9.2131467e-17  -5.3402608e-17  -1.5324027e-16  
5.0121074e-16  -1.0024031e-16  1.0000000   2.9030071e-16  8.2916016e-17  7.0993574e-16  -6.3791081e-16  -3.2996504e-16  -2.7278621e-16  9.0530986e-16  3.9246684e-16  
-1.5621966e-16  -3.4165095e-16  3.2370123e-17  1.0000000   -4.8216024e-16  2.4704781e-16  1.2139996e-17  -5.2304490e-17  1.5524490e-16  7.3460170e-16  3.8422598e-16  
-1.3028270e-16  -6.4663888e-17  1.2321232e-16  -5.0817662e-16  1.0000000   -1.8519541e-17  -5.5219520e-16  1.7165396e-15  -6.9483447e-16  8.7968986e-16  -1.1095902e-15  
-1.3916543e-17  6.8868535e-17  6.1493204e-16  3.6334737e-16  -6.9644845e-18  1.0000000   -4.3890991e-16  6.5038904e-16  -1.8100927e-16  7.6277754e-16  4.5813499e-16  
3.9095345e-17  -1.4393289e-16  -7.3318949e-16  8.6973060e-17  -5.5076274e-16  -4.0119233e-16  1.0000000   3.0560121e-16  9.4102064e-16  -1.1987029e-15  -2.8968866e-16  
1.5112676e-16  -1.2857312e-16  -2.6495557e-16  -5.6075590e-17  1.7478563e-15  6.8888839e-16  3.3320395e-16  1.0000000   7.4475150e-16  5.0671361e-16  8.4654167e-17  
2.0451073e-16  1.5878427e-16  -3.3162769e-16  7.2383639e-17  -6.9617925e-16  -1.2199855e-16  1.1490623e-15  6.9748440e-16  1.0000000   -1.2810339e-15  9.9912110e-16  
1.5755015e-16  -5.4731512e-17  8.8360886e-16  7.5547242e-16  8.1692611e-16  6.6254049e-16  -1.1765835e-15  5.6206602e-16  -1.2720305e-15  1.0000000   -4.4728348e-16  
-3.3929218e-16  -5.8229593e-16  3.6148354e-16  1.0660893e-16  -1.0165813e-15  4.3197635e-16  -4.2624477e-16  2.6184329e-17  1.0855343e-15  -3.5339041e-16  1.0000000   
