1.0000000   -8.1594539e-17  1.2926905e-17  4.2989087e-16  -5.8016035e-16  -4.1416588e-16  4.5172785e-16  -5.3038793e-16  4.5859504e-16  -5.1167327e-17  -3.4832483e-16  
-5.9017473e-18  1.0000000   -1.2297506e-15  -3.1007191e-16  6.9781921e-17  -1.7860754e-16  4.6038825e-16  -1.2718717e-16  4.9180580e-16  1.1872407e-16  -2.8748670e-16  
2.1353852e-17  -1.0006494e-15  1.0000000   5.5860716e-16  -4.2045436e-16  -1.0204967e-16  7.4098572e-16  -5.0213838e-18  6.5389690e-16  4.2509356e-16  7.2511236e-16  
1.7455837e-16  -2.9355758e-16  5.9157799e-16  1.0000000   2.9689274e-16  3.5288427e-16  -4.0752020e-16  8.7818457e-17  -9.0186647e-16  9.4714000e-17  4.3932634e-16  
-4.9903850e-16  1.7599000e-16  -7.1393639e-16  3.8936050e-16  1.0000000   -5.6372518e-16  -3.6229591e-17  7.1857058e-16  4.0075569e-16  8.4399438e-16  -2.3633532e-16  
-2.0731766e-17  -3.0733229e-16  2.6638232e-17  3.4121807e-16  -2.6262130e-16  1.0000000   -1.5982987e-16  1.9414707e-16  -1.4699450e-16  2.7783545e-16  8.3047430e-16  
5.6792696e-16  4.1919567e-16  8.4768554e-16  -4.4396589e-16  1.4737759e-16  -1.6167303e-16  1.0000000   -5.6821333e-16  5.7916439e-16  -1.0111324e-16  1.6826630e-16  
-2.8266696e-16  -1.5569875e-16  -1.1360955e-16  7.0140747e-18  6.8758837e-16  1.8986274e-16  -6.3525561e-16  1.0000000   -2.8356643e-16  -3.0205752e-16  7.3045919e-16  
5.9362486e-16  4.2170924e-16  6.5583755e-16  -9.4368178e-16  3.8052792e-16  -1.5799716e-16  5.9017171e-16  -2.0380404e-16  1.0000000   2.0552058e-16  7.7900201e-16  
-1.2682934e-16  1.1713145e-16  5.1544206e-16  -5.5296011e-17  7.8796164e-16  3.3806826e-16  -8.2151366e-17  -3.4767097e-16  3.9131033e-16  1.0000000   5.9395136e-16  
-4.4204982e-16  7.0103411e-17  1.0322314e-15  3.5355155e-16  4.8249495e-16  7.1655260e-16  5.1084425e-17  7.8215912e-16  7.6068069e-16  5.5018475e-16  1.0000000   
