1.0000000   3.6231158e-17  3.7766542e-17  -3.9312087e-16  -2.3077019e-16  7.5027257e-17  -1.2565351e-16  1.2375281e-16  8.2173978e-17  -5.5274012e-17  -3.0232139e-17  
6.1621078e-17  1.0000000   1.4705355e-16  1.0867924e-16  7.4727586e-17  8.5334694e-17  3.1305683e-16  -1.4955824e-16  4.0122154e-16  3.9463138e-16  2.0319614e-16  
-1.3473996e-16  -6.6017715e-17  1.0000000   -3.5644169e-17  -7.9803920e-16  6.8106231e-16  -1.0368603e-15  2.4503553e-16  1.0821023e-16  1.2855177e-16  2.1642073e-16  
-2.9725016e-16  -4.9443787e-16  1.6199617e-16  1.0000000   -2.4464018e-16  -6.2795883e-16  -8.9772388e-16  3.7666237e-17  -2.0718740e-16  4.8099289e-16  -1.2705537e-16  
-6.4229330e-17  8.2698596e-17  -7.2251929e-16  -2.7212281e-16  1.0000000   2.1780211e-16  7.2682014e-16  1.0439492e-16  5.8990631e-16  1.8487411e-16  -5.5823188e-16  
-4.9205420e-17  3.0601618e-16  5.2557265e-16  -9.6324301e-16  1.7500850e-16  1.0000000   4.4266017e-16  3.1092516e-17  5.1168633e-16  -6.2365507e-16  -5.3219048e-16  
9.6544104e-17  3.0414329e-16  -1.1538457e-15  -9.5385678e-16  7.6093080e-16  5.2262373e-16  1.0000000   -1.4253709e-16  -5.5546704e-16  2.9090272e-16  4.1568276e-16  
1.0818552e-16  -1.9417448e-16  1.9518786e-16  8.9462387e-17  3.8198864e-18  2.2803220e-17  -1.4336696e-16  1.0000000   3.5666654e-16  1.2952177e-15  3.3619012e-16  
6.2825937e-17  3.3560540e-16  1.7336647e-17  -2.8860035e-16  6.3733770e-16  5.6191785e-16  -6.4754609e-16  3.7804202e-16  1.0000000   4.8699905e-16  -1.1008092e-16  
-9.4207342e-17  -4.5281223e-16  -7.5626235e-17  -2.8722914e-16  2.0174115e-16  -9.6799415e-17  3.4741679e-16  1.2345013e-15  4.8485180e-16  1.0000000   -5.4667314e-16  
-2.8764255e-17  1.9217455e-16  2.4051013e-16  -2.4545977e-16  -5.8013329e-16  -5.1655447e-16  3.6353704e-16  5.0481355e-16  -1.2899553e-16  -5.5629256e-16  1.0000000   
