1.0000000   -1.4238760e-16  2.3233404e-16  -3.4040327e-16  8.3369374e-17  5.4064121e-16  -7.3089654e-17  -1.3326214e-16  -1.9133092e-16  -1.6967483e-16  -2.2414880e-16  
-1.3408615e-16  1.0000000   6.9407831e-16  4.3639529e-18  -2.7609775e-16  7.6969678e-16  -4.4123818e-17  -7.3315871e-17  -3.6193900e-16  -6.5799185e-16  -5.0346190e-16  
-3.3039090e-16  5.8449899e-16  1.0000000   -5.0116643e-16  2.5603356e-16  -2.0680716e-16  -1.2693895e-17  -1.8255307e-16  9.0252538e-17  -7.0274499e-16  1.2426295e-15  
-3.4749932e-16  -1.3907786e-16  -4.8758037e-16  1.0000000   1.3068219e-15  -1.7204585e-15  1.0883578e-16  2.8469206e-17  -3.6770684e-16  -7.6617700e-16  5.4476204e-16  
1.9195638e-16  -1.8072769e-16  1.0426647e-16  1.1215887e-15  1.0000000   2.0765750e-16  1.0900106e-16  -1.1918231e-16  -1.3162216e-16  -4.1894949e-16  -3.9546804e-16  
3.2651728e-16  4.1578542e-16  -1.4529600e-16  -1.3107594e-15  4.3742713e-16  1.0000000   1.7493769e-16  5.6988240e-17  -1.3611755e-16  3.2786796e-16  2.0784092e-16  
-1.2730995e-16  2.0333458e-17  -2.5893583e-18  6.8097714e-17  2.7442865e-17  1.9363994e-16  1.0000000   -3.9098434e-18  -1.2800590e-17  -1.4096296e-16  -2.4475975e-16  
8.9458258e-17  -1.4368934e-16  -1.8343310e-16  1.4489886e-16  -2.4556357e-16  -8.8989064e-19  -1.0731899e-17  1.0000000   -1.4959325e-16  -6.5857133e-17  2.7642080e-17  
-7.2796978e-17  -1.4189668e-16  -4.8924995e-16  -4.0522062e-16  -4.4035415e-16  5.9778286e-16  -1.1217327e-16  -4.9476687e-17  1.0000000   1.1410828e-16  -7.2497550e-18  
-3.9597372e-17  -7.8021055e-16  -3.3636265e-16  -5.4220153e-16  1.3149584e-16  -3.6515438e-16  -4.5544978e-17  5.1020576e-17  2.4220815e-17  1.0000000   -5.5798761e-16  
-1.7488471e-16  -4.5981671e-16  1.2045740e-15  5.5397649e-16  -5.5111436e-16  1.7206352e-16  -4.5088848e-17  6.4347452e-17  -1.0309238e-16  -5.5940851e-16  1.0000000   
