1.0000000   -1.6467439e-17  1.2567344e-16  1.5476908e-16  -2.6378785e-16  9.2062397e-18  7.4812763e-16  9.6935262e-17  -4.7366287e-16  1.9467879e-16  -1.9692779e-16  
-1.4464607e-17  1.0000000   3.8648877e-16  -5.4019130e-16  -3.5721462e-16  -3.7923139e-16  4.8885955e-16  2.6222675e-16  2.3563598e-16  1.1144980e-16  -1.3432053e-16  
9.1883252e-17  6.0212091e-16  1.0000000   2.1782421e-16  -1.2368473e-15  -8.0147152e-16  -8.8975176e-16  2.4756372e-16  -3.5086130e-16  -1.0898665e-15  5.7663801e-16  
1.8711510e-16  -4.8799068e-16  2.1581710e-16  1.0000000   1.3700132e-16  -4.1534759e-16  -4.6598941e-16  1.6326632e-16  2.9809044e-17  3.7565183e-17  -2.0354859e-16  
-2.5559908e-16  -5.5913068e-16  7.6172728e-16  1.3983037e-16  1.0000000   2.1101124e-16  -1.3922613e-16  -3.3330328e-17  -3.3443254e-16  -6.3424142e-16  9.9212567e-16  
2.1860269e-16  -3.8512391e-16  -8.8105743e-16  -3.9794921e-16  3.6629817e-16  1.0000000   -4.0554587e-16  -6.2062743e-17  -1.2988866e-16  4.5441147e-17  -6.1907690e-16  
9.3619780e-16  4.1757942e-16  -2.8680553e-16  -4.0923949e-16  -1.9649709e-16  -4.0807979e-16  1.0000000   2.9623265e-16  1.8410397e-16  -1.0357978e-15  6.5886458e-16  
-1.7012403e-16  2.3296784e-16  8.3769017e-16  9.0478183e-17  -3.5419975e-16  -1.8327143e-16  2.6887411e-16  1.0000000   -2.1980719e-16  -4.9586998e-16  -9.7421918e-16  
-5.8718279e-16  2.4124869e-16  -4.0527573e-16  7.3462621e-17  -3.2602655e-16  -2.6814744e-16  1.6786785e-16  -1.3620841e-16  1.0000000   1.3039196e-16  -3.0751108e-16  
7.9004574e-17  1.0437375e-16  -1.1752070e-15  -1.4310205e-16  -5.3546125e-16  -5.9011502e-17  -1.0051749e-15  -6.2890899e-16  2.3330438e-16  1.0000000   -1.1942995e-16  
-1.9381956e-16  -1.4981219e-16  6.2455720e-16  -2.7986239e-16  1.0576102e-15  -6.1544525e-16  6.4983902e-16  -1.1140673e-15  -3.6863933e-16  -5.5204102e-16  1.0000000   
