1.0000000   -9.7409162e-17  -1.3808221e-16  5.9957670e-16  -3.6053666e-16  2.5105704e-16  -4.3313671e-17  -3.5876926e-17  2.6530930e-16  8.3597168e-17  1.1008379e-16  
-1.7014973e-16  1.0000000   -7.1577279e-16  5.5487907e-17  -7.2002928e-17  -1.9675902e-16  -5.2311395e-16  -3.4654694e-16  -3.6023974e-16  8.8867972e-16  -1.8174063e-16  
-4.4391409e-17  -6.1177604e-16  1.0000000   -5.5200668e-16  4.5531726e-16  1.5827926e-16  -5.3670659e-16  3.0824215e-17  6.2698597e-16  -2.6998330e-16  2.3541206e-17  
4.9458828e-16  5.9697568e-17  -5.6416234e-16  1.0000000   2.5072284e-16  -3.2759860e-16  -2.2973367e-16  -5.4911846e-17  -5.0954776e-17  -6.6966294e-16  1.5959510e-16  
-3.8366207e-16  1.0764661e-16  3.6571472e-16  2.9225163e-16  1.0000000   1.4786586e-15  -4.3953044e-16  1.2437236e-15  5.0490535e-17  5.2615041e-16  1.6086884e-16  
8.6296033e-16  -1.5242647e-16  5.1549475e-16  -2.6865800e-16  1.3723419e-15  1.0000000   3.4426902e-16  2.2393909e-16  -5.8796006e-16  -5.6991975e-16  2.3197815e-16  
-3.0078376e-16  -5.3899797e-16  -4.6082833e-16  -2.1030747e-16  -1.1616878e-16  2.5430647e-16  1.0000000   -6.4364710e-16  7.3004191e-16  -7.2854606e-17  -1.1124466e-16  
-2.0901645e-18  -3.4571548e-16  -3.3302497e-18  -1.3936697e-16  1.2164995e-15  4.1870482e-16  -6.2633004e-16  1.0000000   4.2038942e-16  6.9759858e-16  -8.0070951e-18  
5.1461854e-16  -3.8763118e-16  5.3799559e-16  -9.3484714e-17  6.9126321e-16  -5.0159445e-16  7.2464950e-16  1.3545145e-16  1.0000000   4.3177049e-16  -2.2746269e-16  
1.3878645e-16  9.4407043e-16  -2.6579943e-16  -6.5678612e-16  4.5508351e-16  -6.2623221e-16  -8.0864291e-17  6.9427026e-16  4.8456794e-16  1.0000000   -1.0360106e-16  
6.2715289e-17  -1.8204700e-16  2.3051200e-17  1.5993588e-16  1.6559835e-16  2.1274999e-16  -1.4218222e-16  6.3254147e-17  -2.2700174e-16  -1.1091870e-16  1.0000000   
