1.0000000   -2.8906476e-16  -1.6293412e-16  -1.4978760e-16  1.8582489e-16  2.7061062e-16  1.4941064e-18  1.8859350e-16  1.1242141e-16  -1.9169595e-16  -3.8887882e-16  
-1.3856035e-16  1.0000000   2.5093138e-16  -1.9866292e-16  -1.9331310e-16  2.9758456e-16  2.9008665e-16  8.3400162e-18  1.7700975e-16  1.6523322e-16  -2.2470411e-16  
-2.7259767e-16  2.7011112e-16  1.0000000   3.9675372e-16  -3.8305202e-16  1.2507498e-15  -4.6343184e-16  -1.0943698e-15  -3.9031705e-16  7.8097400e-16  -5.3578709e-16  
5.6334109e-17  -1.4554578e-16  4.6209064e-16  1.0000000   1.6475452e-16  -2.0661662e-16  -1.5348211e-15  3.6471227e-17  1.2936964e-15  -7.0650155e-16  -2.1443550e-16  
1.7595535e-16  -2.5952152e-16  -4.5366735e-16  1.2489152e-16  1.0000000   -5.7205593e-16  -9.9260112e-17  3.5522775e-17  1.8769296e-16  -5.0763482e-16  -1.0806573e-16  
3.1894074e-16  2.9810182e-16  1.2869884e-15  -9.1525930e-17  -5.6342441e-16  1.0000000   -3.4984976e-16  8.9529369e-16  9.4570432e-16  -8.1046180e-16  1.8202315e-16  
-3.6376349e-17  3.2089781e-16  -5.3987461e-16  -1.4487167e-15  3.9905214e-16  -2.9831250e-16  1.0000000   -7.8220652e-16  -1.3521577e-15  -1.1559587e-16  -4.5190923e-16  
4.3981801e-16  1.2916816e-16  -1.1952057e-15  3.2711028e-16  1.2231440e-16  9.2502020e-16  -7.6849758e-16  1.0000000   2.4803118e-16  -2.5820458e-16  8.8146484e-16  
3.0424240e-16  1.8318840e-16  -3.2919456e-16  1.4484655e-15  1.5792015e-16  8.8657251e-16  -1.4559201e-15  4.6615542e-16  1.0000000   6.9770035e-16  -8.7411259e-16  
-1.2923593e-16  1.4763587e-16  8.5466448e-16  -7.4050302e-16  -4.8401934e-16  -5.9360997e-16  -1.3957137e-16  -3.3253158e-16  6.6166848e-16  1.0000000   3.3789055e-16  
-3.5937177e-16  -2.1453895e-16  -4.5722574e-16  -1.7327944e-16  -1.9256151e-16  3.6204348e-16  -5.3101131e-16  9.6873379e-16  -7.2238866e-16  5.3786365e-16  1.0000000   
