1.0000000   2.2733630e-16  -6.2023775e-17  -3.9244764e-17  2.1056001e-16  1.3327762e-16  2.3550598e-16  -1.0956110e-16  -3.2445907e-16  7.0629602e-17  -2.4682427e-16  
2.9225365e-16  1.0000000   -3.7130120e-16  1.9030269e-16  1.0344397e-16  2.8877028e-16  3.7594607e-19  -6.3553129e-16  7.2582111e-16  7.5263237e-16  1.8762719e-17  
8.1744933e-16  -3.5775502e-16  1.0000000   9.8588885e-16  7.3507330e-16  4.4572243e-16  -5.4159259e-16  -4.0672538e-16  1.0375207e-16  -3.5650742e-16  -4.0209586e-16  
1.7332691e-16  1.3279016e-16  1.1742190e-15  1.0000000   7.6525722e-16  4.0762210e-16  -4.4858796e-16  -5.4697111e-16  2.3886594e-16  -9.0230507e-16  2.9608418e-16  
-5.8665937e-17  6.1370914e-18  7.4294493e-16  6.6323991e-16  1.0000000   2.5630635e-16  2.1720022e-17  1.3418826e-15  -1.1602006e-16  2.5644633e-17  1.0038270e-15  
1.7782779e-16  2.6596180e-16  4.0662740e-16  5.2260806e-16  3.4493377e-16  1.0000000   2.4912460e-16  2.6856776e-16  -6.3138049e-16  -7.3837042e-16  2.6476386e-16  
1.6085619e-16  2.1904169e-17  -5.1215870e-16  -3.2152644e-16  2.5823676e-17  2.4787675e-16  1.0000000   -4.7042755e-16  2.0569982e-16  -9.6669386e-17  -9.1758020e-17  
-1.1356512e-16  -4.4092306e-16  -7.1299225e-16  -1.2355925e-16  1.2432526e-15  2.8381565e-16  -4.5941004e-16  1.0000000   5.6978445e-16  -1.3251866e-16  -4.7807810e-16  
-3.8210476e-16  5.1012117e-16  2.5999847e-16  -5.8703460e-17  -2.9647893e-17  -6.0699817e-16  2.9280148e-16  6.8902483e-16  1.0000000   -5.5192762e-16  -2.2625436e-16  
3.0170228e-16  7.1284903e-16  -5.4554682e-16  -6.2363239e-18  -7.7948618e-17  -7.8160658e-16  1.3190907e-16  2.0438273e-16  -8.4767499e-16  1.0000000   -9.3940697e-16  
-2.4441411e-16  9.6679017e-18  -5.6213087e-16  8.3065853e-16  8.9022034e-16  3.6682371e-16  -1.1831102e-16  -8.2938925e-17  -4.9861950e-16  -9.7085529e-16  1.0000000   
