1.0000000   -1.2253526e-16  4.5625179e-16  1.8587984e-16  -7.8186189e-17  1.0242883e-16  -1.4815540e-16  -4.7605897e-17  -2.6771418e-16  3.7590486e-17  9.1047360e-17  
-1.6381130e-16  1.0000000   8.1665845e-17  -1.8959564e-16  -1.6381120e-16  -5.4208582e-18  -3.3371317e-16  2.1651630e-16  -3.0916284e-16  -4.2177354e-16  5.5401979e-16  
-1.6145470e-16  9.1317232e-17  1.0000000   9.2898924e-17  1.2154162e-17  1.4024334e-16  -1.5776974e-16  -4.3989375e-17  6.6317951e-16  5.2260525e-16  -2.9936851e-16  
4.7739616e-17  -3.4578794e-16  1.2021953e-16  1.0000000   6.1559737e-16  -4.7130521e-16  2.4242745e-15  2.9315244e-16  -3.6437610e-16  1.4352661e-15  3.8752574e-16  
-4.9012796e-17  -1.8559189e-16  1.6037537e-17  1.1593388e-15  1.0000000   1.2371895e-15  5.0531591e-16  2.4782216e-16  -6.0638990e-16  8.6340366e-16  -1.1395724e-16  
1.1757044e-16  -2.1538594e-17  1.4322868e-16  -1.8365602e-17  1.4210732e-15  1.0000000   3.0978253e-16  -3.2667335e-16  5.9251392e-17  4.1437321e-16  -4.1985059e-16  
-4.3938264e-19  -3.4719075e-16  -1.4337843e-16  2.4093723e-15  6.1324069e-16  1.8258645e-16  1.0000000   -3.9380485e-16  -4.1912141e-16  1.3026157e-15  -2.2246273e-16  
-1.4259079e-17  2.0660194e-16  -2.5844453e-17  2.9481780e-16  1.6833276e-16  -1.8652148e-16  -3.9037858e-16  1.0000000   1.4472379e-16  4.1471789e-16  1.0420792e-17  
-1.0172355e-16  -3.3902064e-16  7.7875911e-16  -4.9439768e-16  -5.3775145e-16  6.1654974e-17  -5.0273865e-16  1.3973935e-16  1.0000000   1.7962822e-16  3.7153576e-16  
3.3894803e-17  -3.6332697e-16  5.4088069e-16  1.5540206e-15  6.8066155e-16  3.2384367e-16  1.3020909e-15  2.9963601e-16  1.8428680e-16  1.0000000   2.4430003e-16  
1.7497070e-16  7.4885431e-16  -2.5252363e-16  -7.6440976e-16  2.7620155e-16  -6.6774383e-17  -1.5241021e-16  -9.2902873e-17  3.4433880e-16  9.6343698e-17  1.0000000   
