1.0000000   -7.2625902e-17  -5.0432762e-16  1.6523704e-16  6.8499084e-17  -5.5182595e-17  -1.1601715e-16  -3.0874387e-17  -5.1323349e-16  4.1360132e-17  2.7528527e-16  
-8.9019070e-17  1.0000000   -9.8834585e-17  6.4040538e-16  -2.5385490e-17  9.1935249e-17  5.7656556e-16  -2.3045581e-16  6.3923845e-17  -1.9751020e-17  3.3760816e-16  
2.7794048e-17  -4.2282530e-18  1.0000000   1.7786805e-16  2.0610206e-16  -1.1421489e-15  7.4667436e-16  -1.0310931e-15  2.3784188e-16  -9.4542505e-16  -6.5312127e-16  
2.6714422e-16  6.1810332e-16  5.2099961e-16  1.0000000   1.0224827e-16  2.5921960e-16  -6.8866246e-16  3.0569135e-16  3.1106446e-16  9.0438212e-16  -3.0630638e-16  
-4.4070471e-17  -9.8039097e-17  8.4809230e-17  3.0920018e-16  1.0000000   -1.6416311e-15  4.2811619e-16  6.1274793e-16  -1.3440462e-16  -4.0418535e-18  -1.1060133e-16  
-2.2219389e-16  4.0005082e-16  -1.1213108e-15  -5.5587678e-16  -1.6802036e-15  1.0000000   -2.1421751e-16  7.3495895e-16  -4.7545522e-16  -5.2393091e-16  1.2298749e-16  
7.5647393e-17  6.1035941e-16  6.4128338e-16  -6.9788623e-16  3.1857790e-16  -2.4262709e-16  1.0000000   1.1589379e-15  2.9043502e-16  -5.6981645e-16  1.6756297e-18  
5.8419150e-17  -2.3874036e-16  -1.0138786e-15  3.2402357e-16  7.2308524e-16  7.0448380e-16  1.2163119e-15  1.0000000   1.5439986e-16  -1.5975697e-16  -8.2710733e-17  
-7.1226345e-17  1.3477476e-16  3.5434974e-16  1.7561564e-16  -1.1053158e-16  -3.6356364e-16  3.9575736e-16  7.8587092e-17  1.0000000   -4.2497516e-16  2.0822526e-16  
-2.6571745e-16  3.6363425e-16  -7.7519148e-16  -3.0453171e-17  3.1158066e-17  -5.1331148e-16  -5.8784640e-16  -1.5006023e-16  -3.8620301e-16  1.0000000   6.1618375e-16  
2.3530509e-16  3.6516557e-16  -6.6242169e-16  -3.8543530e-16  -5.2406775e-17  2.7158248e-16  -4.0794668e-17  -2.2382745e-16  1.9055573e-16  6.5572632e-16  1.0000000   
