1.0000000   1.4085488e-18  1.9517563e-16  -5.5215513e-17  -3.2780415e-17  1.0938199e-16  9.5568725e-17  2.4626837e-17  3.6702847e-17  -2.9590670e-17  4.0476455e-20  
1.5149701e-17  1.0000000   1.5706932e-16  4.0792326e-16  1.8598390e-16  8.6359231e-16  4.9856377e-16  8.3577052e-17  -2.6268621e-16  2.2001073e-17  -5.9299357e-16  
-2.0136932e-16  1.0476352e-16  1.0000000   9.5299068e-16  -1.3409377e-15  -4.6245110e-16  -3.9374410e-16  6.7731924e-16  -4.2069784e-16  1.7555551e-15  -1.2859332e-15  
-1.6315627e-17  3.4284145e-16  7.7338725e-16  1.0000000   5.1088815e-17  1.0549595e-15  -2.5722344e-16  4.8098722e-17  8.1857289e-16  -2.3222433e-16  7.7456167e-17  
1.2604063e-16  -1.8591726e-17  -1.4583270e-15  1.3397908e-16  1.0000000   -7.1945423e-17  6.2559806e-16  -2.0314538e-16  -9.8317946e-17  9.4610557e-16  -3.3505024e-16  
-1.5993438e-16  9.0733248e-16  -8.9263058e-17  1.0165455e-15  -1.1367774e-16  1.0000000   -1.7849902e-17  -3.2777965e-17  1.0430014e-16  -4.8667365e-16  8.7962169e-16  
-1.3472843e-16  8.6380593e-16  -8.2011447e-17  -1.9080865e-16  6.2156000e-16  -5.4884936e-17  1.0000000   7.6067397e-18  -2.6665270e-16  -3.0511069e-16  -1.6017139e-16  
3.0916642e-17  2.1285657e-16  6.6148818e-16  -1.7511087e-16  -1.8496404e-16  -8.4679115e-17  -2.5540826e-17  1.0000000   -2.8148957e-16  6.4779074e-16  -5.7481350e-17  
-7.4207413e-17  -3.3311292e-16  -4.9915065e-16  8.2291026e-16  3.5176954e-17  7.6759444e-17  -2.3138236e-16  -2.6662497e-16  1.0000000   4.4520878e-16  1.0414050e-16  
9.3337602e-18  1.4575189e-17  1.7027321e-15  -2.5249290e-16  9.0393509e-16  -4.9408374e-16  -2.1261579e-16  6.6578999e-16  4.0226877e-16  1.0000000   -5.8005546e-16  
1.9365736e-17  -5.8925370e-16  -1.3021539e-15  1.1228735e-16  -5.3940322e-16  9.0454648e-16  -3.0854234e-16  -4.3003863e-17  1.1684551e-16  -5.1778900e-16  1.0000000   
