1.0000000   -1.4563631e-16  -2.6739297e-16  -2.1727558e-17  1.5059301e-16  -1.1722663e-16  -1.4190964e-16  -2.6612960e-16  -2.3053925e-16  1.6582257e-17  -1.4024368e-16  
-2.7844486e-16  1.0000000   -4.9025239e-16  2.2746401e-17  -6.9791198e-17  2.8057210e-16  2.0399175e-16  1.8749594e-16  1.6084933e-16  2.7335097e-16  -4.7962055e-16  
2.3044930e-16  -2.3360054e-16  1.0000000   3.4563282e-16  4.1974053e-16  4.6338145e-18  -3.2058079e-18  -1.9150478e-16  -1.1547633e-16  1.6279997e-16  7.7995217e-16  
5.4004673e-17  5.0814473e-17  3.1891723e-16  1.0000000   7.2070310e-17  4.4876226e-16  7.5504684e-16  1.5452550e-16  -2.4728639e-16  -9.9714968e-17  -1.7389841e-16  
1.3076367e-16  -2.5945642e-17  4.4984666e-16  2.3610962e-16  1.0000000   7.6382028e-17  -5.1375607e-16  -3.5846451e-16  -3.7315186e-16  -1.0356923e-16  -7.6553535e-16  
-1.3210914e-16  4.9682474e-17  1.5657916e-16  5.2976685e-16  8.3903689e-17  1.0000000   3.4685537e-16  -1.7997175e-20  -1.6540728e-16  -3.7393207e-17  -2.1358534e-16  
1.5491655e-16  2.1908029e-16  6.7467888e-17  6.9910107e-16  -6.2817572e-16  2.4286819e-16  1.0000000   2.9242122e-16  4.0242962e-16  2.2281607e-16  -8.7515529e-16  
4.2052137e-18  3.3684232e-16  -1.2154521e-16  2.5714173e-16  -2.8777081e-16  -6.6226423e-17  2.9535570e-16  1.0000000   4.2166646e-16  1.7463661e-16  7.9087975e-16  
-1.5407583e-16  -4.8819502e-17  1.1659784e-16  -2.1705390e-16  -4.1177533e-16  -2.0711320e-16  4.6618402e-16  7.9463009e-16  1.0000000   3.8012852e-16  1.5153250e-16  
-6.0170102e-18  2.3659480e-16  2.5239489e-16  -9.2404201e-17  -5.8131954e-17  -3.6586180e-17  9.5712553e-17  2.3762039e-16  2.8225453e-16  1.0000000   6.4766341e-16  
-1.8398305e-16  -6.7046554e-16  7.2312854e-16  -1.9326073e-16  -7.2612514e-16  -9.9295343e-17  -6.9934852e-16  8.8889586e-16  4.5105775e-16  6.8898338e-16  1.0000000   
