1.0000000   -3.9310353e-18  2.7481651e-16  -3.5395421e-16  -4.2425510e-17  -1.3325114e-16  5.4480461e-17  1.9463311e-16  -5.0470709e-17  -6.2693837e-17  -6.6524168e-17  
-3.4216692e-17  1.0000000   -1.4179258e-16  3.2745809e-16  5.7645610e-16  -2.4287078e-16  1.2176911e-16  -3.4405620e-16  3.7609781e-16  -9.4195523e-16  1.0285369e-15  
-2.7990853e-16  1.0360903e-16  1.0000000   2.9450181e-15  -2.5613584e-16  -3.1194383e-16  -2.5691400e-16  -1.8336430e-16  3.6031829e-16  5.4159444e-16  -1.3552019e-15  
5.2510120e-17  6.1452277e-16  2.9928812e-15  1.0000000   1.2201432e-15  -6.6104485e-16  6.2488955e-16  7.4252589e-17  5.5747122e-16  -6.6004093e-16  -1.7651883e-15  
-5.1649819e-17  5.8398371e-16  -2.0312989e-16  1.2274891e-15  1.0000000   5.8674977e-16  -4.5203700e-16  3.1155206e-16  -1.8835034e-16  3.3061228e-16  7.8796510e-16  
-1.8106238e-16  -4.1753589e-16  -2.4660341e-16  -3.6657614e-16  5.9589724e-16  1.0000000   1.2783154e-15  -9.8953189e-16  6.0915383e-16  -6.4070025e-16  -3.8639780e-16  
-1.8002466e-16  1.3712714e-16  -1.3669212e-16  6.6668171e-16  -5.7743307e-16  1.3095747e-15  1.0000000   -1.9145733e-16  1.2292401e-16  -9.9926797e-17  5.6483270e-16  
1.6997336e-16  -3.3112766e-16  -2.1007705e-16  6.3658776e-17  3.7113478e-16  -9.7305385e-16  -2.3670252e-16  1.0000000   -1.0885382e-16  1.7805279e-16  -7.9045453e-16  
2.0602264e-16  3.9897435e-16  3.5096347e-16  5.0631444e-16  -3.4586139e-17  6.0076409e-16  1.6720892e-16  -6.8506010e-17  1.0000000   -6.0226336e-17  -2.9851220e-16  
-2.7318854e-17  -8.0117149e-16  3.7210175e-16  -9.0367919e-16  3.3662684e-16  -1.3672561e-16  -3.3546997e-17  1.3532304e-16  -1.3589365e-16  1.0000000   -1.1899364e-15  
-1.1548026e-16  9.1298882e-16  -1.2460969e-15  -1.6594501e-15  8.2216258e-16  -8.5238789e-16  5.3617147e-16  -8.3955322e-16  -2.9253215e-16  -1.1678644e-15  1.0000000   
