1.0000000   2.5272442e-17  2.5581448e-16  1.1184058e-16  -4.5932335e-16  1.7306424e-16  6.9562681e-16  3.5942346e-16  3.0182419e-16  -3.0447848e-16  1.0300827e-17  
2.4991333e-19  1.0000000   -1.0919249e-16  -1.1279008e-16  -1.4578333e-16  -8.1938668e-17  1.7146734e-16  -8.8028747e-17  -1.8066381e-17  1.6630288e-16  3.2708743e-16  
-5.6789977e-17  -2.4194925e-16  1.0000000   7.0198321e-17  3.2105210e-16  3.0367357e-16  6.1357407e-16  1.4284997e-16  5.2110666e-16  -1.2440779e-16  1.6269849e-16  
1.6279636e-16  -8.2615405e-17  6.7575315e-17  1.0000000   1.1986117e-16  1.1488563e-16  4.0798525e-16  -4.5776046e-16  6.2471664e-16  3.1886031e-16  -3.6188837e-16  
-3.6337232e-16  -6.1172074e-17  2.4772077e-16  1.0309406e-16  1.0000000   -2.7839619e-16  1.8431643e-16  -2.6925360e-16  -6.8735924e-16  -5.1680007e-16  2.2793403e-16  
6.8914524e-17  8.6416761e-17  3.1511157e-16  1.1579321e-16  -6.5801865e-16  1.0000000   -1.1546874e-16  1.4769196e-16  6.0629509e-17  -3.4736053e-16  1.4056935e-17  
4.3254005e-16  3.9021067e-16  5.4037383e-16  4.4118293e-16  -7.3776724e-16  -7.2408318e-16  1.0000000   -2.2371456e-16  -5.0570739e-16  1.0710663e-16  1.8520799e-16  
4.3249479e-16  -1.7542446e-17  1.2917292e-16  -4.9483805e-16  -6.3939035e-16  -1.0949478e-16  -3.0226408e-16  1.0000000   3.1057445e-16  3.7236990e-16  6.0067807e-16  
3.9206582e-16  -1.3405261e-17  5.9312753e-16  6.5687013e-16  -7.2677313e-16  1.9786981e-16  -6.9610034e-16  2.2764233e-16  1.0000000   -1.3393030e-16  2.2416335e-16  
1.7172946e-16  4.6869510e-17  -8.5815016e-17  3.9990779e-16  -1.3564563e-16  -2.4645889e-17  1.3274088e-16  3.1619510e-16  8.6206436e-17  1.0000000   1.8954395e-16  
1.8232509e-16  3.1306784e-16  1.1913586e-16  -3.2158654e-16  3.1029909e-16  4.1190365e-17  8.3302726e-17  4.9940385e-16  1.4191148e-16  1.2695923e-16  1.0000000   
