1.0000000   -9.1521507e-17  -1.1228186e-16  -4.6051998e-16  2.9056315e-16  1.7327226e-16  6.2668065e-16  4.3363869e-16  4.6878351e-16  2.2001523e-16  3.0770355e-16  
6.6415614e-17  1.0000000   -2.4343793e-16  9.0102645e-16  -2.9287220e-16  2.1128104e-16  9.1608117e-16  -3.3705835e-16  -4.9468100e-16  -5.0869010e-16  -4.7325213e-16  
-1.0694020e-17  -4.5911511e-16  1.0000000   1.7091308e-16  2.1214731e-16  4.8311081e-17  -7.6575571e-16  5.5923712e-16  4.4224059e-16  1.4346742e-16  4.9234531e-17  
-9.1338027e-17  9.1298682e-16  1.2980428e-16  1.0000000   1.8529192e-16  2.9347978e-16  5.9427905e-16  1.2185442e-16  5.9359909e-16  -9.2151018e-16  -9.6700729e-17  
2.6524615e-16  -2.0955595e-16  1.3414540e-16  9.9830613e-17  1.0000000   2.6622719e-16  7.0722112e-16  6.0898826e-16  -3.8710302e-16  4.1735233e-16  -6.9313045e-16  
6.3926100e-17  6.9347262e-17  -1.8434766e-17  2.3398928e-16  1.8616074e-16  1.0000000   -2.3981177e-17  3.9185222e-16  -3.7158488e-17  -8.8093282e-16  -7.6432442e-16  
6.6863176e-16  1.2394544e-15  -4.9122018e-16  5.3481091e-16  6.9816557e-16  -1.6625415e-16  1.0000000   -4.3820634e-17  9.8285872e-17  -4.6811519e-17  -3.1233408e-16  
2.8619601e-16  -2.3309131e-16  8.3472919e-17  7.9537725e-17  6.0890235e-16  3.3825818e-16  3.4692105e-17  1.0000000   -2.4609038e-17  -3.8509799e-16  7.2986140e-16  
6.7889270e-16  -5.2072397e-16  4.3202203e-16  4.3819504e-16  -3.5286377e-16  -2.0454205e-17  7.5096373e-17  -3.4729307e-17  1.0000000   -2.2437016e-16  4.9215071e-16  
2.1467292e-16  -4.8508352e-16  1.3190123e-16  -8.4791949e-16  4.9632915e-16  -7.1926444e-16  -3.5612044e-17  -4.0118522e-16  -1.8681032e-16  1.0000000   -1.1521795e-15  
-3.1900442e-16  -5.0740238e-16  1.4968629e-16  -5.2141308e-17  -5.1561437e-16  -6.5419489e-16  -3.4067453e-16  7.4824138e-16  4.2290661e-16  -1.1660262e-15  1.0000000   
