1.0000000   -4.9128249e-18  3.1596989e-16  -2.6371309e-16  3.6530364e-16  3.9081567e-16  5.7752907e-16  -2.5938178e-16  1.4623450e-16  1.1145287e-16  -1.8903962e-16  
-3.6267330e-17  1.0000000   4.6423362e-16  8.3282667e-16  5.9883813e-16  3.2272580e-16  2.2500031e-16  -2.3771273e-16  -5.3671900e-16  -3.2198502e-16  2.3879151e-16  
-9.8408802e-18  3.4758719e-16  1.0000000   1.4148072e-16  7.7367500e-16  7.8832924e-16  3.6813922e-17  -6.6189094e-16  -3.2419002e-17  -1.0343200e-15  6.0880493e-19  
-1.1279737e-16  4.3346163e-16  -2.4988975e-16  1.0000000   -8.6551541e-16  9.5457747e-16  -3.0555760e-16  -3.4708959e-16  6.6558481e-16  -9.7136006e-16  -3.3999757e-17  
1.9698162e-16  5.7921960e-16  7.2103491e-16  -8.7379088e-16  1.0000000   5.9127011e-17  -1.9444732e-16  1.5058081e-15  2.4144099e-16  7.9459661e-16  -7.5425946e-16  
2.7373351e-16  1.7128323e-17  2.4292863e-16  -2.0048522e-16  -5.2526625e-18  1.0000000   1.0400376e-15  6.8215120e-16  -8.7285859e-16  1.1187092e-15  2.9158432e-16  
3.3444442e-16  2.5733334e-16  1.1521984e-16  -1.1173783e-16  -1.5742433e-16  9.6112546e-16  1.0000000   -4.3834354e-16  1.3649889e-16  -1.9151800e-15  -3.3370726e-16  
-2.0120934e-16  -2.5907752e-16  -6.7064956e-16  -2.5881374e-16  1.4666624e-15  6.2026652e-16  -3.9000783e-16  1.0000000   1.2324837e-15  4.6010014e-17  7.8079416e-16  
7.6938159e-17  -5.3835317e-16  -6.7586665e-17  7.1674545e-16  2.6782335e-16  -9.6090945e-16  1.5725858e-16  1.1866352e-15  1.0000000   2.9959664e-16  -3.2951191e-16  
-6.8751282e-17  -3.3013260e-16  -1.0266597e-15  -1.1096021e-15  8.2838455e-16  1.1607590e-15  -1.9556732e-15  7.5275328e-17  2.0859232e-16  1.0000000   -7.4800463e-16  
-1.2387335e-16  2.6193636e-16  1.8506505e-16  2.2868243e-16  -6.7918682e-16  9.9473405e-17  -3.5385028e-16  8.3908185e-16  -2.9118028e-16  -7.1312212e-16  1.0000000   
