1.0000000   2.0884274e-16  -2.3194249e-16  4.1709862e-16  3.9329393e-16  -1.2058950e-16  -5.3648215e-17  5.7573944e-17  2.7270063e-16  1.1177132e-16  5.3247421e-16  
2.1991864e-16  1.0000000   -3.6379061e-16  2.2458393e-16  -2.7366804e-16  -1.6776592e-16  9.5897069e-18  -5.1563482e-16  -7.4986145e-16  7.6538522e-16  -7.0939529e-16  
1.2785197e-16  -2.9322420e-16  1.0000000   1.3580940e-15  9.9038391e-16  4.0866131e-17  -8.3423677e-16  6.0705534e-16  6.0149916e-16  -7.7395242e-17  3.9400818e-16  
9.4197020e-17  2.3973391e-16  1.1704751e-15  1.0000000   1.5193597e-16  -8.6598660e-16  -1.4596686e-16  -5.7760593e-16  -2.0064194e-16  9.7492273e-16  2.0455592e-16  
4.3773015e-16  -5.4584990e-16  8.4211723e-16  3.1592634e-16  1.0000000   -3.4010634e-16  -2.7153371e-16  9.1647899e-16  -4.4814576e-16  2.7105320e-16  6.6646882e-16  
-2.7636170e-16  -1.6982604e-17  -3.2534578e-16  -8.7623690e-17  -3.7845031e-16  1.0000000   -6.7392750e-17  3.3475070e-16  -2.2091705e-16  3.1624746e-16  -2.9525171e-16  
9.8835244e-18  7.6060180e-17  -8.5172079e-16  -2.3392608e-17  -3.7743766e-16  -3.5363874e-16  1.0000000   1.8223820e-16  -5.6376419e-16  -7.0301778e-16  1.3636214e-16  
-7.3511288e-17  -4.9781162e-16  6.1527577e-16  -5.4773944e-16  7.7069253e-16  -2.2008892e-16  2.2090627e-16  1.0000000   2.2817857e-16  4.1037975e-16  -1.1412863e-15  
-6.6223628e-17  -8.4433955e-16  8.7053282e-16  -2.3383636e-16  -3.7669436e-16  -2.2597567e-16  -6.2439281e-16  2.5803135e-16  1.0000000   5.4372177e-16  -1.9682928e-16  
-1.5737554e-16  7.3264266e-16  -9.9980427e-17  9.2663352e-16  2.1957763e-16  -2.4439180e-16  -9.5619657e-16  -9.3458345e-17  6.6518152e-16  1.0000000   7.5452107e-16  
3.0720715e-16  -5.7112118e-16  4.5582295e-16  1.4495698e-16  8.9448077e-16  -3.3044202e-16  1.6111414e-16  -1.1529093e-15  -2.7536745e-16  9.2346242e-16  1.0000000   
