1.0000000   -1.9464927e-16  -3.1940204e-16  -4.1432809e-17  -8.4402524e-17  5.1579884e-17  4.8543003e-16  -2.5997301e-16  1.2442418e-16  -1.6092516e-16  -4.5404933e-17  
-1.9861926e-16  1.0000000   -3.1395768e-17  1.8711016e-16  -2.8710941e-16  -5.0761693e-16  4.7061223e-16  2.2455719e-16  -2.4462576e-16  7.1949462e-17  -4.7121945e-16  
-3.3183952e-16  -5.6331197e-16  1.0000000   -1.4387925e-16  -7.6985604e-17  4.2210270e-16  -7.8759066e-17  7.9852781e-16  -1.2882643e-15  -7.3953067e-16  -2.8902797e-16  
1.7046159e-16  1.3813336e-16  -1.4401287e-16  1.0000000   -1.9335813e-16  1.7503902e-16  5.2691385e-16  1.3461570e-16  2.1927715e-16  -6.8214441e-17  4.7458480e-16  
4.8687561e-16  -1.5994070e-18  -1.5948752e-16  -1.2945258e-16  1.0000000   2.1120937e-16  -3.8131559e-16  1.4699894e-16  -9.4739922e-16  -7.3978496e-16  -3.7233154e-16  
-8.6895812e-17  -7.1139845e-16  4.6098115e-16  2.4341988e-16  2.0387377e-16  1.0000000   8.0469789e-17  5.4242184e-17  -6.2043626e-16  2.0421363e-16  -7.5979469e-16  
-1.0682612e-16  6.2940813e-16  -3.5285814e-16  4.9475158e-16  -2.5660193e-16  -4.0088652e-17  1.0000000   -4.6610710e-16  -4.8912882e-16  -3.7023561e-16  1.0594434e-16  
3.1976158e-17  1.9499180e-16  7.1524719e-16  2.0566111e-16  4.3086005e-17  2.0223071e-16  -7.3669842e-16  1.0000000   2.1242109e-16  -7.7951896e-18  8.8042299e-17  
4.4943187e-16  -2.1089451e-16  -1.3353454e-15  2.5619397e-16  -8.9106481e-16  -6.3783790e-16  -4.4419993e-16  1.9375855e-16  1.0000000   3.8520318e-16  2.5344835e-16  
-9.3686597e-17  4.4096328e-17  -8.7629540e-16  -4.2829276e-16  -7.4677765e-16  2.3086459e-16  -5.3463882e-16  -7.2017168e-17  3.8703539e-16  1.0000000   -1.2184150e-15  
1.3758108e-16  -4.2801137e-16  -3.6988277e-16  6.5067302e-17  -3.5917755e-16  -7.9010513e-16  1.3387610e-16  3.3473472e-17  2.8759903e-16  -1.1231534e-15  1.0000000   
