1.0000000   -1.4179015e-16  -1.3072620e-16  3.1218657e-17  -5.4353661e-17  2.8051099e-16  -1.6386800e-16  6.0388005e-16  9.8499723e-17  -2.8570833e-17  1.7315592e-17  
-1.8813856e-16  1.0000000   -5.6460064e-17  4.2453561e-16  -1.0256553e-16  -2.1330116e-16  -3.3376189e-17  2.2977565e-16  -2.7734000e-16  -3.0595464e-17  7.2197142e-17  
-1.4755584e-16  -2.7145315e-17  1.0000000   1.1221648e-15  -9.3823895e-17  2.0227555e-16  -4.0183807e-16  -1.8265184e-17  -1.1599543e-16  3.6507701e-16  2.8109856e-16  
1.6500108e-16  2.6005903e-16  1.1154842e-15  1.0000000   2.4110956e-16  -5.1084212e-16  -2.7922576e-17  3.2904729e-16  4.6191174e-17  4.3285406e-16  -6.0490097e-17  
-1.2967816e-16  -5.7390714e-17  -1.5498027e-16  2.1864048e-16  1.0000000   -6.9966695e-17  -7.1475374e-16  -1.0466216e-16  5.8554210e-16  -2.6596245e-16  6.1322669e-17  
6.8287652e-17  -1.7791721e-16  2.0155246e-16  -5.0044413e-16  -1.3973035e-16  1.0000000   -1.7493141e-16  3.8143101e-16  9.1592521e-17  -4.3864521e-17  -1.2395934e-16  
-1.8621747e-16  2.4664155e-16  -3.1524167e-16  1.4061900e-17  -6.7191784e-16  -1.2929358e-16  1.0000000   -5.6169470e-18  1.0807246e-16  -6.7057126e-16  1.2308659e-16  
6.2337764e-16  -1.0375082e-16  -2.5021718e-16  3.3037696e-16  -1.5528317e-16  3.3011477e-16  -1.4965467e-18  1.0000000   1.9814665e-16  -1.2498777e-16  -2.3871282e-16  
-2.6335889e-18  -2.1905146e-16  -1.6018811e-16  1.2445255e-20  4.6755472e-16  1.7478767e-16  1.4816407e-16  4.0839649e-16  1.0000000   4.8345986e-16  6.7779576e-17  
8.2330874e-17  2.4030597e-16  1.8374572e-16  3.6822376e-16  -3.6634258e-16  -9.3562997e-17  -7.2360422e-16  -9.1178059e-18  4.6791887e-16  1.0000000   1.9811762e-16  
4.9453923e-17  7.2934849e-17  3.2279698e-16  -3.9412931e-17  6.5685407e-17  -1.1490558e-16  1.0729599e-16  -2.3233654e-16  4.1200106e-17  2.9407120e-16  1.0000000   
