1.0000000   -1.9450887e-16  4.6509694e-16  9.0122229e-17  -3.4529606e-17  1.2324294e-16  -4.5473114e-17  1.3089338e-16  2.5026632e-16  -2.7573633e-16  -3.6369317e-16  
-1.4759626e-16  1.0000000   -6.8862780e-16  1.4928969e-15  1.0863147e-15  3.4851282e-16  -2.1473165e-16  4.6255646e-16  -3.8357913e-16  4.4830757e-16  -1.3293039e-16  
-5.2200144e-16  -6.7452439e-16  1.0000000   2.4160383e-16  -1.7558681e-16  2.5504360e-16  9.4884324e-18  -1.7585015e-16  -4.9263982e-16  -9.7707032e-17  -1.3729508e-16  
5.4723969e-17  1.6536146e-15  3.3139363e-17  1.0000000   -5.4316856e-16  5.5130480e-16  -2.9364815e-16  -3.3668479e-16  -6.2032784e-16  -4.8287132e-17  6.4461411e-17  
9.7091781e-17  8.3620007e-16  -1.0616950e-16  2.6347392e-16  1.0000000   6.7826691e-16  -2.2157051e-16  -3.4638676e-18  4.7480115e-16  2.0508791e-16  -5.0186130e-16  
2.0986259e-16  3.4136902e-16  3.1901849e-16  4.8025857e-16  6.9867376e-16  1.0000000   4.1283869e-16  9.3041959e-17  -1.0121923e-15  -1.4211966e-16  3.2694522e-17  
2.5365626e-17  -1.9273415e-16  7.6787718e-17  -3.4310323e-16  -1.7311850e-16  4.1505258e-16  1.0000000   -4.5519892e-16  -6.2827828e-16  -2.8725126e-17  1.7433169e-16  
1.0100654e-16  4.5497113e-16  -2.0070522e-16  -3.8832224e-16  -2.9002557e-17  1.5646680e-16  -4.6855826e-16  1.0000000   6.8747368e-16  -1.3196965e-16  2.1499941e-16  
1.7475558e-16  -3.8174066e-16  -5.8254338e-16  -6.1549734e-16  4.8053485e-16  -7.6321261e-16  -4.8679371e-16  6.9405663e-16  1.0000000   -5.9102632e-17  6.3049744e-17  
-2.8589457e-16  4.5521621e-16  -9.2087800e-17  -4.8554669e-17  2.0541638e-16  -1.2380035e-16  -7.7549235e-17  -2.9839781e-16  -5.2462291e-17  1.0000000   2.1807488e-16  
-3.1565895e-16  -2.1667018e-16  -7.8398769e-17  3.2532612e-16  -2.8439703e-16  2.4865771e-17  1.7711360e-16  2.1275615e-16  3.7537959e-17  3.6698232e-16  1.0000000   
