1.0000000   -5.9011617e-17  -6.5565208e-16  1.7812677e-16  -4.9079080e-17  -8.6810838e-16  3.4928952e-16  2.3325503e-17  3.8533802e-17  -5.5327238e-16  1.0957613e-16  
-9.4224509e-17  1.0000000   3.9657225e-16  5.6551701e-16  -1.4632649e-16  9.6986826e-17  -1.8366851e-16  5.5131269e-17  6.2840077e-17  -7.9866281e-17  -4.1948484e-16  
-3.2782168e-17  2.8884284e-16  1.0000000   3.3806357e-16  -6.5042721e-16  1.5132872e-16  -4.5970297e-16  6.8152035e-17  -4.6928582e-16  8.5013972e-17  -4.8017091e-16  
8.6469523e-17  2.5731772e-16  -4.3307489e-17  1.0000000   -1.4082699e-16  4.9500803e-16  1.7668892e-16  1.5580020e-16  4.8600787e-18  2.9354401e-16  5.0427415e-16  
-8.7104451e-17  -1.8524049e-16  -6.1572354e-16  -2.5453596e-16  1.0000000   -2.2274389e-16  1.8163019e-16  1.2508519e-16  -7.9516658e-16  1.8790120e-16  6.8729312e-18  
-7.4029926e-16  -1.1924047e-16  -2.0905781e-16  -2.9879945e-16  -2.5133247e-16  1.0000000   6.6541464e-16  4.2078700e-16  -6.3082959e-16  1.6191823e-16  -4.6529637e-16  
2.5819169e-16  -1.5893252e-16  -4.4567225e-16  1.8964451e-16  1.8747854e-16  6.9351386e-16  1.0000000   7.0271930e-16  5.0979304e-16  2.1163683e-16  5.7801978e-16  
-4.8161813e-17  4.8364900e-17  3.0370074e-17  3.1370314e-17  6.0846208e-17  4.6364904e-16  7.6694228e-16  1.0000000   -2.2573362e-17  2.2344390e-16  -5.3467911e-16  
-2.2289468e-16  1.2586581e-16  -4.4778626e-16  -1.2816667e-16  -7.2700157e-16  -6.0420763e-16  6.3000176e-16  -1.3525317e-17  1.0000000   5.8776664e-16  1.1859139e-15  
-5.4214844e-16  5.9211279e-16  -3.7930994e-16  -7.2602431e-16  2.8803525e-16  2.6484932e-16  1.2937649e-16  1.5946200e-16  5.7407860e-16  1.0000000   -9.4999827e-17  
8.5110221e-17  -3.1261119e-16  -5.6665001e-16  2.7240372e-16  -2.1278209e-17  -4.3343078e-16  4.6491543e-16  -5.1142890e-16  1.1987092e-15  -9.0325899e-17  1.0000000   
