1.0000000   -3.5631777e-17  -3.9075719e-17  -9.6359592e-17  -1.1107198e-17  3.9119900e-16  -2.9412389e-16  3.6460761e-17  -1.5545352e-16  -2.6435423e-16  -2.2284116e-16  
-6.3665335e-17  1.0000000   -6.4700311e-16  6.0884157e-16  -5.2035044e-17  -6.1828245e-17  3.4012566e-16  -2.6829771e-16  2.3621151e-16  2.6581014e-16  -4.4213994e-16  
-1.5455597e-16  -6.4915804e-16  1.0000000   1.7371442e-18  4.6870742e-18  -9.2349390e-17  -1.7072240e-16  -2.0579559e-16  -1.5222621e-16  -1.1631103e-16  9.3775511e-17  
-8.5846350e-17  5.8195425e-16  -1.8644379e-16  1.0000000   -2.2300109e-16  1.9483766e-16  -1.8774351e-16  2.6280852e-16  -4.9475234e-16  -2.8273689e-16  1.5657614e-16  
-1.3600517e-16  -5.6502238e-17  3.2105626e-17  -2.1400358e-16  1.0000000   8.5754276e-16  5.9813808e-17  -5.3921870e-17  1.0271895e-15  -2.1074186e-16  6.5804412e-16  
3.3983947e-16  -2.6912173e-16  8.4759893e-17  -3.8626674e-16  8.4220472e-16  1.0000000   1.0664114e-15  3.2201419e-16  -1.6236165e-16  1.2303316e-16  -8.2610785e-16  
-1.5384969e-16  3.0049276e-16  -1.3457355e-16  -2.5910979e-16  -6.0367778e-17  1.0086805e-15  1.0000000   -2.6535896e-16  -6.2525410e-16  -6.3035335e-17  7.7438293e-17  
1.6600159e-16  -2.7541851e-16  -1.3045075e-16  2.2635895e-16  1.6322001e-17  3.1507799e-16  -5.8835918e-17  1.0000000   -6.7348204e-16  -1.9830963e-15  -4.7435878e-16  
-9.1736167e-17  2.6472881e-16  -1.1671555e-16  -4.6015826e-16  9.5687611e-16  -2.1292866e-16  -6.0406546e-16  -8.8513020e-16  1.0000000   6.2396949e-17  4.0275088e-16  
-3.1990687e-16  4.3868177e-16  -8.6750988e-17  -1.9524866e-16  -2.7866262e-16  -1.9253773e-16  -1.8797530e-16  -2.0804242e-15  1.0641530e-16  1.0000000   -5.4469957e-16  
-1.8210390e-16  -5.9966115e-16  7.0373732e-17  5.8358429e-17  5.8697901e-16  -5.1120132e-16  1.1555986e-16  -4.7469039e-16  5.0454150e-16  -6.5132598e-16  1.0000000   
