1.0000000   -1.3981257e-16  -1.0052999e-16  -2.5968310e-18  5.0955779e-17  6.9006929e-17  -4.7429060e-17  2.3378369e-17  2.6686371e-17  7.7742177e-17  -7.7764507e-18  
-9.1581720e-17  1.0000000   2.3864267e-16  1.5704637e-17  -5.9846823e-17  -2.8180084e-16  -4.7347446e-16  4.0040391e-16  5.4778055e-18  1.0530555e-15  3.9329169e-17  
4.1448143e-17  1.4710256e-16  1.0000000   -7.9403727e-17  -8.4010152e-17  -9.1119071e-16  1.5352064e-16  -8.8307430e-16  3.3943457e-16  -1.3844142e-15  -1.4777403e-17  
5.2253558e-17  -1.8202257e-16  3.6334767e-16  1.0000000   -3.4042024e-16  -9.1507769e-16  3.5756365e-16  7.3368745e-16  4.8929652e-17  1.4376393e-15  -3.5408933e-16  
-2.2358213e-17  -2.0395972e-17  -6.7629741e-17  -4.0626001e-16  1.0000000   9.0962198e-16  -1.5042896e-16  -2.8708058e-16  -3.5724259e-16  -5.5123673e-16  -1.0020523e-15  
-7.0219762e-17  -1.8516649e-16  -3.8213831e-16  -7.1066409e-17  9.2639051e-16  1.0000000   4.3150575e-16  -2.6822698e-16  4.1369954e-16  7.1172008e-17  -6.3252592e-16  
9.7642717e-17  -5.8311590e-16  2.1843415e-16  4.0599682e-16  -1.1986705e-16  2.9890591e-16  1.0000000   4.7335622e-16  3.0906883e-16  -1.4909385e-17  -1.7093125e-17  
-8.2171005e-17  4.3156435e-16  -9.7517946e-16  6.4734036e-16  -2.4223860e-16  -2.6799967e-16  4.6032938e-16  1.0000000   3.8116127e-16  -5.9151919e-17  -3.5720481e-16  
-8.9139388e-17  -4.9832260e-18  3.2036447e-16  5.3911129e-17  -4.1277007e-16  4.4143867e-16  3.3005644e-16  4.1960450e-16  1.0000000   -2.5781601e-16  6.2213839e-16  
-1.4338953e-17  1.1110583e-15  -1.4257909e-15  1.4225570e-15  -5.4362050e-16  7.6923528e-17  1.4905945e-16  -1.6970718e-16  -3.3375585e-16  1.0000000   1.3463102e-16  
-2.5152537e-17  2.5402400e-16  1.2724768e-16  -3.5334494e-16  -1.0741746e-15  -6.9630986e-16  -1.0930028e-16  -3.0642264e-16  6.8545257e-16  1.4466349e-16  1.0000000   
