1.0000000   1.8014317e-16  4.2199141e-16  -2.1325524e-16  -4.6546124e-16  -2.3929041e-16  4.6187075e-16  3.5153898e-16  -1.6489395e-16  -7.3144024e-18  -3.4768062e-16  
1.8777860e-16  1.0000000   -4.6336371e-17  6.1237334e-16  1.8608401e-16  -2.4089977e-16  3.2881748e-17  -5.3859616e-17  -1.4628973e-16  -2.5975911e-16  -5.5520615e-17  
1.8853152e-16  -8.1871319e-17  1.0000000   4.0908738e-18  2.4928911e-16  -7.8981864e-16  5.7560124e-16  -8.8758879e-16  -1.0063045e-15  -2.2659368e-16  1.2143797e-15  
-2.7552198e-16  6.5799190e-16  3.9916491e-17  1.0000000   -2.7942988e-16  6.5197743e-16  -1.9922581e-16  -1.0699495e-15  6.5100177e-16  6.0757708e-16  -4.1954283e-17  
-3.9195327e-16  1.0669230e-16  2.6208913e-16  -2.2053522e-16  1.0000000   -6.6248281e-16  -3.5027785e-16  3.0884004e-16  -5.3007247e-16  7.7727474e-16  4.0583805e-16  
-2.1922366e-16  -3.2625610e-16  -6.5006365e-16  5.9803354e-16  -6.5927055e-16  1.0000000   1.8518046e-16  4.7736867e-16  1.9777417e-16  1.1777954e-15  -1.0109889e-15  
6.3746693e-16  3.7267279e-17  5.1942312e-16  -1.7848145e-16  -4.9266423e-16  1.8845394e-16  1.0000000   2.3301203e-16  6.7532410e-16  1.0797901e-15  -7.2846422e-16  
2.4337368e-16  -1.3657010e-16  -8.6581940e-16  -1.1908750e-15  2.5182954e-16  3.8220350e-16  1.7481447e-16  1.0000000   -1.0249818e-15  -4.9796129e-16  5.3592198e-16  
-3.9152456e-17  -1.1737084e-16  -9.0696345e-16  5.9953035e-16  -4.8385059e-16  1.8944989e-16  7.4901472e-16  -1.2391659e-15  1.0000000   -1.4836868e-15  -5.9141979e-16  
-9.2146462e-18  -2.5934838e-16  -2.3028189e-16  5.8625924e-16  7.5155105e-16  1.2111470e-15  1.1064110e-15  -5.0036744e-16  -1.5825367e-15  1.0000000   1.0681156e-15  
-3.2354299e-16  -5.1096916e-17  1.1998514e-15  -8.8978058e-17  4.3788300e-16  -1.0491011e-15  -6.5963030e-16  5.4734337e-16  -6.9179447e-16  9.8390865e-16  1.0000000   
