1.0000000   -1.3942397e-17  2.7627265e-16  -2.7085195e-16  4.0427094e-16  -3.1598639e-16  5.9309670e-16  2.2441478e-16  -4.5387306e-16  1.1533043e-16  1.6361328e-17  
-4.9151650e-17  1.0000000   9.7304538e-17  -1.0497163e-16  2.5583364e-17  -2.8423581e-16  3.9213955e-16  -5.7196401e-18  -1.7661714e-16  7.0757441e-16  1.9542649e-16  
-1.7417884e-17  1.0150061e-16  1.0000000   2.6816956e-16  1.6538256e-16  -1.8259964e-16  5.9743464e-16  2.2750484e-16  -3.9866229e-16  -5.2005821e-16  7.3201753e-16  
-1.8794076e-16  -1.2160337e-16  2.8010125e-16  1.0000000   -4.2097256e-16  -2.8642187e-16  -1.0267863e-15  -4.5677000e-16  -5.2726141e-16  5.4901764e-16  -3.1098000e-16  
3.6000437e-16  8.1182123e-17  3.3230422e-16  -4.8464733e-16  1.0000000   -1.0894157e-15  9.8454999e-16  -2.0634527e-16  -7.2895484e-16  1.1625463e-16  -3.6493249e-16  
-2.4460161e-16  -3.8735507e-16  -1.2256286e-17  -2.6910462e-16  -3.7465365e-16  1.0000000   5.8605014e-16  -3.7193256e-17  -7.4066729e-18  2.9154609e-16  -6.6070171e-16  
6.3152725e-16  5.8499681e-16  3.0649112e-16  -9.6476293e-16  1.4923617e-17  5.3724787e-16  1.0000000   -1.6529173e-16  -1.8334170e-17  -7.5302036e-16  -3.2236360e-16  
2.2749953e-16  -1.1403078e-17  2.1016263e-16  -4.4352882e-16  -1.8069069e-16  -1.2114561e-16  -1.1768706e-16  1.0000000   -5.3962788e-17  1.7200358e-16  -1.6669329e-16  
-4.7659467e-16  -4.0094275e-16  -2.5182887e-16  -4.8850501e-16  -3.8422152e-16  -7.1603079e-18  -1.8110467e-17  -1.7240497e-16  1.0000000   -7.5861155e-16  -4.3909087e-16  
-3.3173280e-17  7.2232243e-18  -5.1360681e-16  5.4552549e-16  2.7526070e-17  2.7105429e-16  -9.3944022e-16  1.6251217e-16  -7.4711387e-16  1.0000000   -2.3448508e-16  
-6.5330857e-17  5.8625831e-17  8.2619705e-16  -2.7273904e-16  -3.3721931e-16  -6.8648799e-16  -3.6168877e-16  -1.4290682e-16  -2.3079657e-16  -2.2954466e-16  1.0000000   
