1.0000000   -4.0695712e-17  -2.8542997e-16  -3.0332151e-16  7.1049472e-17  -1.1112736e-16  3.2779224e-16  2.8542182e-16  4.0955134e-16  2.9054095e-16  3.6197582e-16  
-7.5561468e-17  1.0000000   2.1230794e-16  -6.2830701e-16  -6.7121444e-16  8.9176406e-16  5.6052937e-16  1.8351381e-16  -1.8962234e-16  9.8668138e-18  -2.9411365e-16  
-1.7443873e-16  2.5207643e-16  1.0000000   -1.9174975e-16  1.4622296e-16  1.5567255e-16  -5.8399073e-16  -1.8578280e-16  -6.4321920e-16  3.5277974e-16  1.0036008e-16  
-5.5582487e-17  -6.6820866e-16  -2.2006584e-16  1.0000000   5.3277394e-16  -2.3664502e-16  1.2270286e-16  1.3540991e-16  -1.2407644e-16  3.2141112e-16  1.7169919e-16  
3.8481576e-17  -5.9736967e-16  4.1693979e-17  4.3744992e-16  1.0000000   9.5414813e-16  4.3309608e-16  3.1507963e-16  -6.0700480e-16  -5.5326283e-16  1.5875304e-16  
-2.1245614e-16  8.7522816e-16  1.4986950e-16  -2.4279878e-16  7.2003778e-16  1.0000000   -7.4127851e-16  1.7050914e-16  4.8579738e-16  -2.9355097e-16  -3.8447969e-16  
2.0690022e-16  5.3603936e-16  -5.9855353e-16  2.8744783e-16  3.8402382e-16  -8.0120960e-16  1.0000000   1.6659369e-16  -1.9730008e-16  1.0538036e-15  9.2692086e-17  
5.0843987e-16  2.3642878e-16  -1.3096893e-16  1.6822023e-16  3.1490983e-16  1.7671673e-16  2.8237065e-16  1.0000000   1.2406657e-16  -8.4309291e-16  2.3611360e-16  
-4.3088597e-16  -1.8251707e-16  -5.9993215e-16  -1.6878229e-16  -5.9537219e-16  5.1351384e-16  -1.8137556e-16  5.7178089e-17  1.0000000   -2.2705519e-17  1.3956392e-16  
3.9407540e-16  5.9965566e-17  3.8407753e-16  4.0884416e-16  -6.4012117e-16  -2.0567984e-16  1.0419503e-15  -7.9844122e-16  -4.2127121e-17  1.0000000   3.1488785e-16  
2.1895434e-16  -2.9098622e-16  1.4324800e-16  1.7419391e-16  1.3801670e-16  -4.8910192e-16  7.3268350e-17  2.2311985e-16  1.8850464e-16  2.1706702e-16  1.0000000   
