1.0000000   -5.8011230e-17  -4.1638654e-17  -3.3884221e-18  1.5289286e-16  5.4604568e-17  -1.4649470e-17  -1.6367706e-17  -1.4711108e-16  1.2736229e-17  -6.4587301e-17  
9.5339775e-18  1.0000000   3.4325718e-16  8.4746172e-17  7.1643688e-16  3.5503171e-16  -1.6783450e-16  2.6699826e-16  4.3665150e-16  6.5890055e-16  2.4750509e-16  
4.3323961e-17  9.5294403e-17  1.0000000   2.8420467e-16  9.7268926e-16  5.5086327e-16  -2.0173131e-16  -2.7616683e-16  4.4823403e-16  -3.4714747e-16  5.4788420e-16  
-7.6772459e-17  2.4760215e-16  1.7902418e-16  1.0000000   4.5771831e-17  3.3263454e-16  -2.7469910e-16  3.6656590e-16  -2.6002347e-16  4.1415966e-16  3.7506619e-16  
-1.7618838e-16  -1.0396198e-16  9.4597209e-16  1.8651563e-16  1.0000000   4.1881535e-16  3.5605226e-17  -1.1202509e-15  4.7522173e-16  5.4382901e-16  -4.9757198e-16  
2.8753295e-17  2.2767961e-16  6.6462070e-16  2.1334824e-16  5.0592822e-16  1.0000000   -7.3578944e-16  3.2240960e-16  -6.4794761e-16  -4.9893994e-16  -3.7733995e-16  
4.8498854e-17  -1.4319370e-16  -2.7940930e-16  -3.6111339e-16  5.4754308e-16  -4.3066234e-16  1.0000000   -1.6657794e-15  6.3882775e-17  -4.7813113e-16  -1.4466476e-16  
-1.2972243e-17  5.2157979e-16  1.0402227e-16  3.5960884e-16  -3.7783566e-16  5.8963941e-16  -1.9171538e-15  1.0000000   -4.8115521e-16  -7.4256589e-16  3.0498099e-16  
7.9885834e-18  5.5346226e-16  5.8736890e-16  -4.5131268e-16  7.1259478e-16  -5.3891625e-16  -7.9564703e-17  -5.7215151e-16  1.0000000   1.2535551e-15  8.9264398e-16  
-4.8533365e-17  6.8999608e-16  -4.2305671e-16  5.7598702e-16  5.9453447e-16  -4.5697441e-16  -5.1050956e-16  -7.4417795e-16  1.4103676e-15  1.0000000   8.4727943e-16  
2.1631395e-17  2.0693433e-16  6.1126911e-16  4.2022321e-16  -5.0344034e-16  -4.4071353e-16  -7.2077422e-17  3.1749844e-16  8.0202331e-16  7.9125413e-16  1.0000000   
