1.0000000   9.4935635e-16  -2.4771496e-16  -9.7517741e-17  -2.7418503e-16  -5.0451310e-16  -1.5355478e-16  2.5253396e-17  1.9817006e-16  -3.2622117e-16  3.2193291e-16  
9.4906746e-16  1.0000000   -6.7902980e-16  -6.5294432e-17  -1.9235720e-16  -4.9354535e-16  -7.9840745e-16  2.5736173e-16  -2.3131667e-16  -2.5316220e-16  3.0442461e-16  
-6.4554874e-16  -6.1355666e-16  1.0000000   5.8504202e-16  -3.9775044e-16  -1.1478187e-15  -1.6724056e-16  1.2247871e-16  -1.3041167e-16  2.3409151e-16  -7.4537211e-16  
-1.1220752e-16  -1.0996815e-16  7.0922120e-16  1.0000000   6.8812025e-16  1.1434826e-16  1.0979468e-15  -4.8356956e-16  -2.0036472e-16  3.2252184e-16  1.2002194e-16  
-6.7347998e-18  -3.8429018e-16  -2.3967595e-16  7.8773099e-16  1.0000000   1.6635089e-16  1.1059848e-15  1.3056245e-16  -6.6654897e-16  3.1228448e-16  4.7960450e-16  
-5.2756827e-16  -4.6888276e-16  -1.3062953e-15  -1.7135612e-16  4.7579572e-17  1.0000000   -6.3030686e-16  2.7292874e-16  6.6916887e-16  -3.6038079e-16  8.9959854e-16  
-2.7362877e-16  -7.7386615e-16  -2.1776766e-16  9.4294889e-16  6.0335121e-16  -5.6197048e-16  1.0000000   5.1126318e-16  1.9239503e-16  -3.2279388e-17  3.1329510e-16  
-7.5815753e-17  1.9747804e-16  4.5841594e-16  -2.0163120e-16  1.2401416e-15  2.3191416e-16  7.0192757e-16  1.0000000   1.3261135e-16  -4.7339839e-16  4.8444205e-16  
4.3671187e-16  -3.6787433e-16  6.0473472e-17  -1.2283430e-16  1.3710400e-16  5.2944641e-16  3.1586726e-16  4.6595281e-17  1.0000000   -2.0170785e-16  -2.4735903e-16  
-3.5352241e-16  -2.4083253e-16  1.1275270e-16  1.5758127e-16  -1.0673500e-16  -4.4580266e-16  -5.7890790e-16  1.0038312e-15  7.2539636e-16  1.0000000   -2.8877127e-16  
3.1824854e-16  2.8598592e-16  -7.6874720e-16  1.4726488e-16  4.2364223e-16  8.4920133e-16  2.7690119e-16  5.2980438e-16  -3.9331128e-16  -2.7347295e-16  1.0000000   
