1.0000000   4.1274920e-17  -6.1570751e-16  2.5089703e-16  -4.2989573e-17  -3.2197516e-16  -4.7875473e-17  1.7934464e-16  -7.0089416e-16  2.7624088e-16  2.0069473e-17  
6.6253984e-17  1.0000000   2.5408733e-16  -2.0821336e-16  -2.7140483e-17  3.7241117e-17  -4.0633186e-16  -1.6344464e-16  -2.4636649e-16  1.0869081e-17  -1.4088149e-16  
-6.8115981e-17  2.2129261e-16  1.0000000   7.6228623e-16  8.2050855e-16  -4.7557809e-16  6.2784161e-16  -2.5511267e-16  -5.9264030e-16  1.0067721e-15  1.2838828e-15  
3.7365891e-17  -4.5969993e-16  8.0773701e-16  1.0000000   -5.0126714e-16  5.5228432e-16  -3.1767522e-16  -8.5888459e-16  -1.3371219e-15  -1.0788785e-15  -1.4575565e-15  
3.7127361e-17  -9.4333058e-18  8.5844163e-16  -4.8027343e-16  1.0000000   -4.1111302e-16  5.1109357e-16  -4.8261078e-16  -1.2280917e-15  1.6990219e-17  1.3171998e-16  
-3.4487665e-16  1.2415544e-16  -4.3325594e-16  4.0891015e-16  -5.6083917e-16  1.0000000   -5.1120491e-16  5.1106312e-16  9.0254407e-16  -6.0542939e-16  -4.2283885e-17  
-9.0435122e-17  -4.3363096e-16  7.1152302e-16  -1.9596460e-16  5.0292151e-16  -5.1189895e-16  1.0000000   -6.9600672e-16  -4.2977515e-16  -8.2189055e-16  1.6285513e-15  
2.1389249e-16  -1.2548242e-16  -2.2834613e-16  -8.9944212e-16  -3.3934916e-16  4.6351078e-16  -7.1407794e-16  1.0000000   9.8592382e-16  -1.7416431e-16  -4.8642561e-17  
-6.3610626e-16  -2.0016847e-16  -6.7947186e-16  -1.3596069e-15  -1.4164300e-15  6.3806132e-16  -4.0386005e-16  1.0791014e-15  1.0000000   -6.4907698e-17  -3.3179636e-16  
3.0817349e-16  3.6093494e-16  7.0707840e-16  -1.6853095e-15  1.1149646e-16  -1.4834627e-15  -5.3977515e-16  -2.0086359e-16  1.8102985e-16  1.0000000   2.9352233e-16  
-4.8183833e-18  -1.3957404e-16  1.3159273e-15  -1.3700011e-15  9.5102742e-17  -7.3077768e-19  1.7991624e-15  -7.9964992e-17  -2.6974781e-16  2.5501113e-16  1.0000000   
