1.0000000   3.8011315e-17  7.5736274e-17  -2.4172444e-16  -1.5857095e-16  -1.7707736e-16  -2.1503872e-16  1.5578609e-16  3.2163629e-16  3.2949811e-16  1.3528380e-16  
4.7174173e-17  1.0000000   1.2913999e-16  -1.3281676e-17  -2.3675343e-16  1.4466541e-16  -2.3900969e-16  3.3547952e-17  -3.6225338e-16  -1.7843507e-16  2.6500134e-16  
1.7085611e-16  -8.2027168e-16  1.0000000   -1.3174264e-16  8.2696422e-16  -1.2144303e-16  5.3689490e-16  -1.0544347e-15  9.3870908e-17  3.1333906e-16  -2.8051910e-16  
-1.3660753e-16  3.9816519e-17  -1.2257351e-16  1.0000000   3.5542392e-17  1.3094213e-16  2.0608856e-16  5.1704961e-17  -2.4503732e-16  5.8750190e-16  -1.7053887e-17  
-8.2103237e-17  -8.8496310e-17  -1.0645808e-15  2.8414179e-17  1.0000000   1.7121298e-16  -2.2749015e-16  -8.9752888e-17  -2.3494347e-16  4.4077034e-16  3.1309133e-16  
5.9243941e-18  1.8492033e-16  -2.5098910e-16  1.2572293e-16  3.0504858e-16  1.0000000   -1.0171032e-16  -1.0219180e-15  -5.3811761e-16  -1.2975639e-17  3.9431417e-16  
-2.0196989e-16  -1.8318504e-16  4.0825015e-16  7.2225680e-17  -2.6987962e-16  -8.9104374e-17  1.0000000   9.3628848e-17  -1.0454650e-17  -4.0508264e-16  -2.1557730e-16  
7.8273557e-17  1.0190441e-16  -9.1160565e-16  -1.4314939e-16  -1.9558473e-16  -1.0645810e-15  1.2046285e-16  1.0000000   3.3420492e-16  8.4289456e-17  -2.2724200e-17  
2.0029405e-16  -3.5623455e-16  9.9591556e-17  2.1804268e-17  -2.4754934e-16  -5.9330002e-16  -1.5142147e-16  3.0794526e-16  1.0000000   1.8981479e-16  -2.7154521e-16  
-9.2381754e-17  -1.5831435e-16  3.2673274e-16  -9.5786387e-17  4.2278725e-16  -1.1490487e-16  -3.3668831e-16  1.7131419e-16  1.5180817e-16  1.0000000   -8.1847487e-16  
-1.2773436e-16  2.1634131e-16  -3.7020729e-16  -6.5072631e-16  2.9451336e-16  4.3114993e-16  -1.2762881e-16  1.6090831e-16  -3.4223519e-16  -3.8371625e-16  1.0000000   
