1.0000000   -2.5362395e-16  2.6572824e-16  5.4091814e-16  -3.1487543e-16  4.0905168e-16  -1.5638645e-16  1.4580503e-16  1.3650027e-16  2.7446459e-16  9.5206964e-16  
-3.3615428e-16  1.0000000   -6.2473220e-16  -4.8427587e-16  5.4033639e-16  -2.1383735e-16  1.0871762e-16  -4.8737273e-16  -7.3600448e-18  7.5879186e-16  -4.8499623e-16  
1.0357688e-15  -5.6464341e-16  1.0000000   -5.6981065e-16  -4.5837350e-17  3.3070282e-16  -3.1313733e-16  -1.6452269e-16  7.6068213e-16  -9.5528857e-16  -2.6897362e-16  
3.5154912e-16  -2.8313546e-16  -1.0182611e-15  1.0000000   5.4267463e-16  2.1348955e-15  4.1603625e-16  6.3345567e-16  8.1414869e-16  1.3597814e-16  -5.4867745e-16  
-4.4324918e-16  2.0186710e-16  6.9755498e-17  5.4733406e-16  1.0000000   -1.0921864e-15  2.5680308e-16  -3.7960702e-17  -6.7027047e-17  7.3565417e-16  -3.1755011e-16  
3.9160824e-16  -4.4077209e-16  7.2527817e-16  2.0650170e-15  -9.9847292e-16  1.0000000   -1.4167056e-18  6.5588114e-16  -2.4231260e-16  4.8516235e-16  1.9660905e-16  
4.3841306e-16  -4.5842738e-17  -3.3862573e-16  -3.2392682e-16  6.4332734e-16  3.0975672e-16  1.0000000   2.6069119e-16  -1.3341028e-16  -1.8347369e-16  -2.9141667e-16  
5.2331710e-17  -5.2359648e-16  -1.8246209e-16  7.6101785e-16  -5.6457135e-17  7.0507268e-16  2.0353465e-16  1.0000000   2.3581715e-16  -5.8459575e-16  -4.8547197e-18  
2.4132279e-16  -9.6706898e-17  7.4427439e-16  8.9048870e-16  8.1175833e-18  -2.0153933e-16  -8.8884612e-18  2.4699684e-16  1.0000000   1.1238883e-16  -2.2643097e-16  
2.7047258e-16  7.5593714e-16  -8.8877722e-16  2.3249641e-16  7.8104182e-16  5.3368894e-16  -1.5891690e-16  -7.4311137e-16  1.4512644e-16  1.0000000   4.6607988e-16  
6.0705814e-16  -1.9602778e-16  -3.4293823e-17  -2.2999824e-16  -5.9374553e-16  8.5399979e-17  -7.4464720e-16  6.1620390e-17  -2.1451406e-16  4.6185403e-16  1.0000000   
