1.0000000   -5.0832367e-16  2.8492135e-16  2.1439594e-16  -4.3236567e-17  5.6167506e-16  -3.4254061e-16  4.8430984e-16  8.0446247e-17  2.9144034e-16  -2.6962714e-16  
-3.6677972e-16  1.0000000   -2.7650336e-16  1.4720033e-16  1.4412008e-16  -3.6806389e-16  1.9683282e-16  6.0973290e-17  -2.1777023e-16  -5.8083547e-16  -2.5097447e-17  
-9.0887916e-17  -2.3168245e-16  1.0000000   2.7524123e-16  8.0251425e-16  1.7861551e-17  2.1970170e-16  2.8202621e-16  1.6552382e-17  -6.0539521e-16  7.4184840e-17  
7.4684834e-17  -1.4688759e-16  2.6765468e-16  1.0000000   6.8324093e-17  3.3655875e-16  2.8816587e-16  2.6971184e-17  3.1409991e-16  -2.7353168e-16  -8.0006666e-16  
2.5900707e-17  2.8324912e-17  8.7651412e-16  -4.3699701e-16  1.0000000   3.0214029e-16  4.0904289e-16  -1.6291712e-16  4.5423608e-16  -4.0621441e-16  -2.4313361e-16  
3.6010111e-16  -3.4568639e-16  -1.5842712e-17  3.6440202e-16  2.9736971e-16  1.0000000   3.5124930e-16  3.3101420e-16  5.1673939e-16  -1.5189259e-16  -1.0181661e-16  
-4.0707500e-16  1.5663783e-16  1.2147179e-16  3.1181977e-16  3.7733456e-16  1.6343213e-16  1.0000000   -1.9849924e-16  -2.3586002e-16  4.0008772e-16  -1.1620628e-15  
3.3645061e-16  1.3652436e-16  2.9461089e-16  1.4593510e-17  -1.7521443e-16  2.8026649e-16  -1.9272438e-16  1.0000000   -3.9466606e-16  1.9075881e-16  -6.2129716e-17  
-4.1565130e-17  -3.1517824e-16  -3.5502279e-17  2.3956990e-16  5.3517762e-16  5.4131343e-16  -2.5446426e-16  -3.6044023e-16  1.0000000   1.8563213e-17  2.2121705e-16  
2.9065854e-16  -1.0471595e-16  -6.7440000e-16  3.6809097e-16  -9.2522382e-16  -1.0343940e-16  3.7781302e-16  2.6641199e-16  5.8012159e-17  1.0000000   -2.6272209e-17  
-2.3956893e-16  -9.5217915e-17  6.4814114e-17  -1.0472648e-15  -1.5491428e-16  -1.2079982e-16  -1.1531665e-15  9.7033441e-17  2.3249784e-16  -4.9388268e-17  1.0000000   
