1.0000000   2.3142112e-16  -4.3960440e-17  2.9475597e-17  5.0823930e-16  -6.0300745e-17  1.7006396e-16  -3.6049162e-16  -1.8595916e-16  -7.8289119e-17  -2.4887117e-16  
2.8122140e-16  1.0000000   1.5051096e-16  -6.1244707e-16  5.2994752e-16  4.8527820e-16  6.0376475e-17  -3.5357476e-17  -1.8888420e-16  -3.0883389e-17  -5.8948618e-16  
1.9455910e-17  6.5364136e-17  1.0000000   -2.8954137e-16  -2.3724873e-16  1.0077947e-15  2.3885853e-17  2.5570105e-18  -6.5360087e-16  -6.1388853e-16  -4.0127762e-16  
-4.7015628e-17  -4.9880980e-16  -2.2747753e-16  1.0000000   -1.6946729e-16  -1.3062895e-16  -3.6732543e-16  -1.8574381e-16  -9.8862480e-17  -1.2272786e-17  -3.2010423e-16  
5.1632292e-16  4.8240841e-16  -2.0488752e-16  5.9779593e-17  1.0000000   -4.9143124e-17  -4.6584028e-16  -2.6683097e-17  5.4060740e-16  -4.1271911e-16  -1.8873509e-16  
7.1166030e-17  4.9643286e-16  1.1931955e-15  -1.4075468e-16  6.4460908e-17  1.0000000   -3.7582587e-16  -1.1817100e-16  3.8045999e-17  4.3917664e-17  3.4108153e-16  
6.0314532e-17  9.2464943e-17  5.0600173e-17  -4.2214841e-16  -4.1231654e-16  -2.9818450e-16  1.0000000   3.5777868e-17  -8.6700789e-16  -5.5651353e-17  -1.7038068e-16  
-3.3327606e-16  1.6723888e-16  -2.5057220e-17  -2.7282477e-16  -2.7966670e-17  -2.7079971e-16  -1.0554454e-16  1.0000000   -3.6875902e-16  -3.1826510e-16  -7.2198971e-18  
-3.3586719e-16  -9.6866822e-17  -5.3033059e-16  -1.1352585e-16  6.2340023e-16  9.8025753e-17  -9.8689046e-16  -1.3157382e-17  1.0000000   -1.1867406e-15  -4.2926296e-16  
-1.1425774e-16  4.3242134e-17  -7.4512365e-16  -8.1081376e-17  -3.7821140e-16  3.2122879e-17  -1.3308439e-16  -7.6689258e-16  -1.4874683e-15  1.0000000   -1.1230225e-16  
3.7754733e-17  -5.4216121e-16  -3.6974852e-16  -3.5887971e-16  -2.0838922e-16  4.2207652e-16  -4.3711982e-17  1.7523820e-16  -3.3582125e-16  6.0311499e-17  1.0000000   
