1.0000000   2.2480312e-17  4.2933389e-16  3.3696600e-17  -1.6502918e-16  1.2974929e-16  3.1628032e-17  1.0924100e-16  -2.4391703e-16  -4.9269017e-17  -3.8703251e-18  
5.6463797e-17  1.0000000   -4.2126140e-16  -2.4559594e-16  -8.4156221e-17  -1.2216746e-16  -4.6542833e-16  1.1604000e-16  -8.9352786e-17  -7.1210123e-17  5.8068648e-16  
-3.5985647e-16  -5.8435763e-16  1.0000000   -2.8805474e-16  -8.9445973e-17  -5.6077981e-16  6.2029034e-16  3.2727317e-16  -3.9087766e-16  -7.4777689e-17  -6.8046178e-16  
-1.8455171e-17  -5.8377784e-16  -1.5566239e-16  1.0000000   5.3322258e-16  -8.9978336e-17  -1.8076483e-16  9.7049155e-16  -4.5723165e-16  -1.1781079e-15  2.9267378e-16  
1.5204968e-16  -1.0220539e-16  -9.6896683e-17  5.2315514e-16  1.0000000   2.2564822e-16  -3.5798246e-17  -3.1917337e-16  3.7630517e-16  9.1130654e-18  4.0734746e-16  
-1.3489525e-16  2.0280705e-16  -5.0696721e-16  -9.2438872e-17  1.4546990e-16  1.0000000   8.4167150e-16  4.6894147e-16  -6.8912338e-17  8.4605659e-16  -9.3265676e-16  
-6.0810633e-17  -4.5933321e-16  7.1958853e-16  -1.3510659e-17  7.5693061e-17  7.3143349e-16  1.0000000   1.6384806e-16  -3.1929358e-16  -5.8226346e-16  1.1120526e-16  
7.7027524e-17  1.1524811e-16  4.1357535e-16  1.1741990e-15  -4.6619036e-16  2.4660288e-16  1.1288667e-16  1.0000000   -3.3561596e-16  -2.7384923e-17  1.6837236e-16  
2.0780363e-16  -5.6063004e-17  -4.9270354e-16  -3.7643287e-16  4.1076797e-16  -1.2406977e-16  -4.6446956e-16  -3.7911806e-16  1.0000000   2.2133669e-17  5.1264869e-16  
-2.3396833e-19  -1.0623354e-16  1.5472925e-16  -4.9360215e-16  -1.7403988e-16  -2.0228516e-16  -6.2053236e-16  -6.5709544e-17  2.7801490e-17  1.0000000   -2.5374142e-17  
4.5951643e-17  5.3813429e-16  -6.9852473e-16  3.0172137e-16  4.0562841e-16  -8.9541039e-16  1.6284547e-16  1.5102682e-16  5.3978286e-16  6.6553496e-18  1.0000000   
