1.0000000   4.9329271e-17  3.0688491e-16  -3.1003974e-17  2.6856333e-16  2.3703694e-17  -3.1037397e-17  1.4162732e-16  -6.7062808e-18  -2.9225620e-17  9.6740851e-17  
2.0541386e-17  1.0000000   -7.6685626e-17  2.6928634e-17  9.6116614e-17  -3.8114621e-16  -2.9282095e-16  2.4231811e-17  -3.7271711e-16  -1.1666295e-16  -3.3666383e-16  
-3.0892157e-16  -5.4449103e-17  1.0000000   -5.9789225e-16  3.3467492e-16  4.0760807e-16  -8.0029480e-16  -2.1253394e-16  1.6085216e-15  6.8535308e-16  -9.1020144e-16  
9.1528781e-17  -5.5032670e-18  -9.1796834e-16  1.0000000   -6.9433008e-16  3.1503008e-16  -2.9962753e-16  -1.9584027e-16  1.1993315e-15  1.1949338e-16  6.6604826e-16  
-1.5614111e-18  2.6829641e-17  4.9416831e-16  -6.9056192e-16  1.0000000   9.9126377e-16  1.0489103e-16  2.3945302e-16  6.1264198e-17  6.2858397e-16  -2.8090492e-16  
-7.4637387e-17  -4.4245967e-16  4.6345592e-16  3.3058720e-16  8.4951809e-16  1.0000000   -2.0157420e-16  -7.5058971e-16  4.0199893e-16  -1.9349721e-15  3.4616542e-16  
-4.3012881e-17  -6.8347424e-16  -3.6744705e-16  -2.8956622e-16  -7.1437714e-16  -1.8832454e-16  1.0000000   3.5207767e-16  -4.9818844e-17  -3.7366783e-17  -2.7166086e-16  
-2.6276252e-16  -7.8492160e-17  -1.1179186e-16  -2.6504318e-16  3.1722563e-16  -7.4370488e-16  3.8704612e-16  1.0000000   5.9446870e-16  5.1976646e-16  1.5207757e-16  
8.6358548e-17  -3.6714943e-16  1.5827234e-15  1.2273139e-15  8.3351089e-17  3.3526702e-16  -4.5707063e-17  6.1408869e-16  1.0000000   -3.4903393e-16  -1.0184195e-16  
-6.3909455e-18  -1.5117111e-16  7.5529712e-16  1.7930847e-16  5.5707502e-16  -1.9900919e-15  -3.9738246e-17  6.0300073e-16  -4.5203450e-16  1.0000000   -5.3021721e-16  
1.9730468e-17  1.5884581e-17  -8.6504410e-16  6.8534749e-16  -2.2489836e-16  2.3605114e-16  -6.5821747e-16  9.4875737e-17  -6.6749373e-17  -5.8369972e-16  1.0000000   
