1.0000000   -2.1606223e-17  -3.5374978e-16  -6.0556004e-18  -1.3336775e-16  -6.8774161e-17  -1.9149729e-16  -7.0170691e-18  2.7241971e-16  -1.5768615e-16  5.4628159e-16  
-6.6792174e-17  1.0000000   -2.9079077e-16  4.9151796e-16  4.8500434e-16  -8.6973557e-16  -5.8698180e-16  -6.2202387e-16  9.6455077e-17  3.4012622e-16  2.3536445e-16  
1.1426024e-16  -2.4099520e-16  1.0000000   -3.3267805e-17  5.1695863e-17  -3.9232131e-16  3.3242567e-17  -1.3221148e-16  1.6144037e-15  -1.2673639e-16  -6.9267813e-17  
1.5323269e-16  1.4098434e-16  1.1042100e-18  1.0000000   -4.7632246e-16  2.9135491e-16  -4.9734194e-16  3.4822311e-17  2.0173311e-16  -4.7658048e-16  7.6785654e-17  
-1.0278325e-16  4.7123727e-16  -9.9070429e-18  -4.4436265e-16  1.0000000   -2.3297549e-16  7.3810822e-16  4.7672351e-16  -1.5251876e-16  3.2664445e-16  -6.4240419e-16  
-1.7178964e-16  -7.5979622e-16  -2.1499586e-16  2.2838666e-16  -1.6178155e-16  1.0000000   -2.8956197e-16  -1.5098103e-16  5.9511126e-16  1.0904292e-15  -2.0441446e-17  
5.6671060e-17  -3.1795778e-16  1.4441762e-16  -9.7706749e-16  7.0020988e-16  -2.2927357e-16  1.0000000   2.3904293e-16  4.0225365e-16  -3.9314961e-16  3.6384343e-16  
1.5282755e-16  -6.3393458e-16  -1.3692377e-16  2.0958873e-16  3.4351665e-16  -3.3551926e-16  2.0754478e-16  1.0000000   -9.3121073e-16  -3.0994893e-16  3.3200994e-16  
1.2188926e-17  7.1014110e-17  1.5941028e-15  1.4862045e-16  -1.3854674e-16  4.5873551e-16  4.3550393e-16  -9.2524208e-16  1.0000000   7.4431945e-17  -3.5399900e-16  
-1.2263802e-16  4.3047349e-16  -1.3926864e-16  -4.1143165e-16  4.3267970e-16  1.1049920e-15  -3.1218813e-16  -1.7003753e-16  2.8781124e-17  1.0000000   1.7438333e-15  
5.7075955e-16  2.9965074e-16  -1.2144377e-16  1.4685624e-16  -6.5207307e-16  8.2353202e-17  2.9150237e-16  3.4956180e-16  -3.7522967e-16  1.7240398e-15  1.0000000   
