1.0000000   1.9842309e-17  3.8682427e-17  -1.2030719e-16  5.1588518e-17  -3.0224547e-17  8.9792683e-17  4.1473936e-17  4.4086637e-17  4.9887357e-16  4.8545893e-17  
5.3407984e-17  1.0000000   -1.2743267e-16  9.4697250e-17  -2.5414642e-16  -5.7636403e-17  3.4580662e-16  1.0712173e-16  -1.1008863e-16  -1.1976041e-16  -3.9273894e-16  
-3.3578470e-16  -3.5084231e-17  1.0000000   -5.5765972e-16  -3.3163308e-16  4.3268229e-16  4.5993169e-16  -7.1245509e-16  -1.6869855e-16  1.4184243e-16  2.6842961e-16  
3.1339597e-17  1.1701594e-16  -5.3188839e-16  1.0000000   1.5564199e-15  3.4944427e-16  -8.5788048e-16  6.3261735e-16  -1.6807826e-16  -1.8091236e-16  -3.1327453e-16  
1.7385264e-18  -3.2207169e-16  -5.0776790e-16  1.5909106e-15  1.0000000   6.4302356e-16  8.5437629e-16  3.7629648e-16  3.5810444e-16  1.7475331e-16  -5.3083809e-16  
2.6903400e-17  -9.5771069e-17  4.0354495e-16  4.2421460e-16  5.2331322e-16  1.0000000   2.6198363e-16  4.6234164e-16  -5.4802199e-16  3.7147924e-16  3.8052135e-17  
8.1292567e-17  6.4324063e-16  5.3061987e-16  -8.0807127e-16  6.5374289e-16  3.4785447e-17  1.0000000   -6.3228322e-16  -7.8692350e-16  -9.0455685e-16  -6.3487322e-16  
3.4857508e-16  1.3155610e-16  -7.1297391e-16  4.9703558e-16  4.3939552e-16  4.2393211e-16  -8.1523924e-16  1.0000000   -6.3946670e-16  2.9788884e-16  -1.0300027e-15  
2.3317684e-16  -2.6045888e-17  -1.3996763e-16  -2.8723859e-16  3.7269042e-16  -6.3503807e-16  -9.6946180e-16  -8.3906718e-16  1.0000000   -6.0202162e-16  -1.0044341e-15  
4.3762286e-16  -2.0149688e-16  1.1349150e-16  -1.2861980e-16  1.5661275e-16  3.4092221e-16  -8.3888585e-16  2.0282240e-16  -5.8027825e-16  1.0000000   8.3388657e-16  
-5.4256537e-17  -1.0043173e-15  1.9907032e-16  2.5313149e-16  -6.5252030e-16  -6.6398489e-17  4.7898612e-16  -1.1498489e-15  -1.0600308e-15  8.3430670e-16  1.0000000   
