1.0000000   1.8791812e-16  1.0290953e-15  5.1548645e-17  4.1286679e-16  5.5003189e-16  -8.3866056e-16  9.1834792e-17  1.1868719e-15  2.6601439e-17  -1.1646347e-16  
1.7402293e-16  1.0000000   -1.8901745e-16  -4.6293378e-17  7.9688936e-16  -3.5305653e-16  1.0141466e-16  3.9173451e-16  5.7416298e-17  -3.3577378e-16  2.2983341e-16  
9.8910067e-16  -8.4546221e-17  1.0000000   -1.7157100e-16  -1.3382816e-16  -3.3406690e-16  1.2119793e-16  1.1397141e-15  -2.1399672e-16  -8.9920767e-17  -3.7621519e-16  
-1.4224461e-17  -2.3353190e-17  -1.7249012e-16  1.0000000   4.8515359e-16  -2.1718855e-17  4.9054782e-16  -2.2732227e-16  -5.2328103e-17  8.9042526e-18  -1.2381853e-16  
4.8574455e-16  8.9557063e-16  -7.2932995e-16  4.8516659e-16  1.0000000   -1.1611369e-16  2.7922670e-16  6.8832686e-17  -3.8421432e-16  6.8956362e-16  8.4722621e-16  
8.9100024e-17  -3.5331911e-16  -3.6134981e-16  -9.2359584e-18  -1.0031862e-16  1.0000000   8.2480627e-16  5.3304214e-17  -3.5215226e-16  -2.5063163e-16  5.4803116e-16  
-1.8137534e-17  9.0357623e-17  9.5828598e-17  4.9576415e-16  2.8547294e-16  8.8280263e-16  1.0000000   -3.6998557e-16  -4.2197598e-16  -1.0031923e-16  -3.0797567e-16  
2.2419784e-16  6.3856394e-16  5.6796266e-16  -2.2504495e-16  9.9522204e-18  1.3224614e-16  -3.8344875e-16  1.0000000   -6.8023668e-16  4.1728636e-17  -6.8740959e-16  
6.8622846e-16  5.9608394e-17  -1.8976060e-16  -9.3868783e-17  -3.8366866e-16  -2.6071808e-16  -4.1864626e-16  -6.9796912e-16  1.0000000   1.1930225e-15  -2.3278710e-16  
5.7253617e-17  -3.4203226e-16  -6.4572126e-17  -9.4478523e-17  6.9559272e-16  -3.5615641e-16  -2.4051846e-17  -1.5246189e-17  9.8627348e-16  1.0000000   3.2225432e-16  
-1.9258751e-16  2.5632221e-16  -3.7393985e-16  -2.0582083e-16  8.4778456e-16  5.6552324e-16  -4.0923571e-16  -7.1083767e-16  -2.2861589e-16  6.4865889e-17  1.0000000   
