1.0000000   3.2647964e-16  3.2239530e-16  1.2695634e-16  -7.2478024e-17  -2.6153628e-16  1.2108868e-16  -3.8505960e-16  3.9293767e-16  1.5719833e-16  -2.9244782e-16  
3.8483652e-16  1.0000000   -4.9662643e-16  2.6913535e-16  2.2568937e-16  -5.7739203e-17  -1.5717692e-16  3.7895002e-16  -1.8834512e-16  -1.3491567e-16  4.4257538e-18  
2.6539934e-16  -2.6956014e-16  1.0000000   6.4166962e-17  3.5120732e-16  1.5648769e-15  -1.7412442e-16  3.0828611e-16  -3.0945706e-16  -4.9270365e-16  4.5824059e-16  
7.5709203e-17  2.6831267e-16  6.6364937e-17  1.0000000   1.5759511e-16  8.3489724e-18  1.0115717e-16  3.3337888e-16  -3.7761325e-16  1.9672818e-16  1.6309282e-16  
2.2024284e-16  2.3110368e-16  5.2261970e-16  1.8095871e-16  1.0000000   -1.3002798e-16  3.0166914e-16  -2.8573712e-16  2.1427414e-16  6.9813779e-18  -5.2502151e-16  
-4.1374774e-16  -3.3172439e-16  1.1439020e-15  7.4182168e-18  1.7606000e-17  1.0000000   -9.5159731e-17  -9.3131268e-16  -5.2505270e-16  2.3202696e-16  -4.5158926e-16  
4.4816519e-16  -1.5984291e-16  -4.5476159e-16  1.1953552e-16  1.6596206e-16  -2.0610454e-16  1.0000000   -2.7652081e-16  -1.2217912e-16  6.6023363e-16  2.3540316e-16  
-2.0562871e-16  1.5520564e-16  4.3609817e-16  3.9444999e-16  -2.7419433e-16  -7.5087588e-16  -2.6585478e-16  1.0000000   -7.8308805e-17  1.2184517e-16  -4.3328785e-16  
8.1421037e-17  -1.3016534e-16  -2.1789798e-16  -1.7894651e-16  1.6907895e-16  -6.0706548e-16  -1.1056001e-16  -4.1595525e-17  1.0000000   8.6736011e-16  4.6481780e-17  
7.2236586e-17  -1.6208290e-16  -5.0227378e-16  2.3814458e-17  2.7284281e-17  2.2083841e-16  5.4560974e-16  6.4620349e-17  9.2873340e-16  1.0000000   2.1698570e-16  
-2.1584895e-16  3.5010228e-17  4.2277447e-16  4.1036571e-16  -5.4539774e-16  -5.6588344e-16  2.9508426e-16  -5.6740535e-16  1.3298587e-16  2.1666806e-16  1.0000000   
