1.0000000   2.2635783e-17  1.2733109e-16  -2.2504147e-16  -3.8878186e-16  1.5400299e-16  1.6868373e-16  -1.7758791e-16  -1.2263798e-16  9.4376997e-18  2.7029989e-16  
1.8526550e-17  1.0000000   2.7209654e-16  1.3618685e-16  -2.5558920e-16  2.8333862e-16  -1.4190271e-17  -3.2426778e-16  6.1167824e-16  -5.4906180e-16  2.3891260e-16  
5.5784301e-16  2.7138876e-16  1.0000000   4.4765075e-16  -5.8718766e-17  -3.3073523e-16  4.3442399e-16  -8.5495718e-16  -3.0213344e-16  2.2221157e-16  -3.6255815e-16  
-3.5644392e-16  7.1317813e-16  4.1551001e-16  1.0000000   2.4762913e-16  -1.3812359e-16  -2.3644446e-16  -9.7604886e-16  -1.3430635e-16  3.4279297e-16  -2.1023965e-16  
-1.8312662e-16  -3.4324231e-16  -1.1614479e-16  1.6552955e-16  1.0000000   1.8635353e-16  -2.1163380e-17  -4.9573488e-16  -6.8614103e-17  5.3300387e-16  -4.4744177e-16  
1.1145183e-16  1.8932935e-16  -3.1553516e-16  -1.1996779e-16  1.8561062e-16  1.0000000   -1.2527963e-16  7.5654484e-17  1.5775710e-16  -3.5215746e-17  5.4514193e-17  
1.7083040e-16  1.0786343e-16  3.9743170e-16  -2.1219931e-16  -4.5413212e-17  -1.4028629e-16  1.0000000   8.4647143e-17  -5.9074620e-16  3.7124246e-16  -8.3676984e-17  
-4.4372135e-16  -2.2351455e-16  -8.7148137e-16  -9.9718456e-16  -4.5728578e-16  9.4061313e-17  1.4511397e-16  1.0000000   -4.2561221e-16  1.9673207e-16  5.5997000e-16  
8.8767215e-17  6.0429832e-16  -2.5315274e-16  -9.9473219e-17  1.1670509e-17  2.3510434e-16  -3.8846868e-16  -3.8348138e-16  1.0000000   -2.6856299e-16  -3.5283838e-17  
2.2859022e-16  -5.1043542e-16  2.1230956e-16  2.8523367e-16  5.2578564e-16  -1.4256742e-17  3.7150049e-16  1.8134341e-16  -2.0979739e-16  1.0000000   -5.4844875e-16  
2.3282450e-16  1.8881535e-16  -4.8452501e-16  -3.5381543e-16  -4.4530809e-16  -1.5545596e-17  -1.4043369e-16  5.6995135e-16  1.3836975e-17  -6.0042862e-16  1.0000000   
