1.0000000   -1.4381673e-16  -9.2690738e-17  3.5950499e-16  2.3512868e-16  4.6848613e-16  1.6805270e-16  5.1728486e-16  5.6242226e-17  1.3860272e-16  -4.4671250e-16  
-1.6978725e-16  1.0000000   -3.6449884e-17  5.3935179e-16  -5.2192475e-16  2.4153682e-17  -1.6293210e-16  -5.1768135e-17  -2.5770552e-16  -3.9250501e-16  3.2113407e-16  
2.6690133e-16  5.9622730e-17  1.0000000   -1.4795333e-16  -3.4864164e-16  -1.1178490e-16  3.6506844e-16  2.6905082e-16  -7.9074288e-16  6.0844057e-16  3.5197607e-17  
4.5862573e-16  5.4004617e-16  -6.1611169e-18  1.0000000   -4.2924443e-16  9.3338305e-16  2.4864826e-16  2.9622340e-16  -2.0871241e-16  5.1142066e-16  -4.9251869e-17  
1.9517849e-16  -3.4987184e-16  -4.2507723e-16  -5.5980558e-16  1.0000000   -1.1109209e-16  3.6587910e-16  -1.8137661e-16  -9.2752002e-16  -4.2115908e-16  1.3020082e-16  
4.7912374e-16  -1.3613130e-16  -1.5363812e-16  9.6103880e-16  -2.0907400e-16  1.0000000   -4.6571851e-16  -6.3427360e-16  4.2695398e-16  -5.8792337e-16  1.5896691e-15  
1.7494754e-16  -1.1225660e-16  2.6930500e-16  2.3131140e-16  -4.7778172e-17  -1.5004769e-16  1.0000000   -2.8463190e-16  4.7910340e-16  9.5351435e-17  -9.2558890e-17  
3.6055160e-16  1.8900994e-17  2.0201823e-16  2.3038757e-16  -1.8688140e-16  -5.8471341e-16  -2.6785488e-16  1.0000000   -2.8208934e-16  -1.4253960e-16  7.2169071e-16  
-1.0073415e-16  -2.6880417e-16  -8.5878856e-16  -2.4102449e-16  -9.1317505e-16  5.3542817e-16  6.1424463e-16  -2.1328580e-16  1.0000000   -7.9811758e-16  -6.1658027e-16  
1.3594070e-16  -4.0691562e-16  5.7326889e-16  6.1846409e-16  -3.8974435e-16  -7.6000396e-16  1.5580590e-16  -1.0556607e-16  -7.6124451e-16  1.0000000   -1.5231770e-17  
-3.6019934e-16  3.1295761e-16  -9.6136545e-17  -6.5572950e-17  7.9596957e-17  1.4229815e-15  -7.3095343e-17  6.6199267e-16  -5.4307094e-16  4.3386722e-17  1.0000000   
