1.0000000   4.8911546e-17  2.1490417e-16  3.6338888e-16  -1.2413345e-16  2.9380090e-16  -2.3190037e-16  -1.9312704e-16  1.6348768e-16  -4.7744913e-16  1.0072453e-16  
4.4272848e-17  1.0000000   -1.5946516e-16  -3.1996761e-16  3.3598186e-16  -4.2557459e-16  -2.0974189e-16  -1.7120738e-17  -1.8038924e-17  3.7822820e-16  -4.8219227e-16  
-3.4409106e-17  -2.2558560e-16  1.0000000   6.6419526e-17  -7.8505949e-16  -7.7005165e-16  1.1326286e-15  -7.2335714e-16  -9.0110517e-16  -5.5951513e-16  -1.8287865e-15  
3.9084485e-16  -4.2128801e-16  2.2395472e-16  1.0000000   -3.2203855e-16  -2.3858276e-16  -1.0555413e-15  -7.5625061e-16  -3.9089356e-16  -6.0165325e-16  5.6580488e-16  
-1.6549961e-16  5.0712814e-16  -8.4395880e-16  -4.0174241e-16  1.0000000   -3.8675369e-16  -6.6942971e-16  -9.1201411e-17  4.1213960e-16  3.2826553e-16  2.7177560e-16  
1.2906882e-16  -3.1825846e-16  -1.0179222e-15  -2.5692507e-16  -3.2020654e-16  1.0000000   -3.5623071e-16  4.8412231e-17  4.5274460e-16  -3.9140430e-16  -2.4100756e-16  
-2.8458741e-16  -1.8274709e-16  1.2490311e-15  -1.0740719e-15  -7.1974231e-16  -4.1609040e-16  1.0000000   4.6078702e-16  7.9395217e-17  -4.7932684e-16  -2.5826627e-16  
-2.1826279e-17  -7.9534201e-18  -7.3395222e-16  -7.8461559e-16  -2.0820357e-16  1.2015749e-16  5.2598875e-16  1.0000000   -3.5991968e-17  -2.1476077e-17  2.4822957e-16  
1.1078006e-16  7.8041613e-17  -8.4547997e-16  -3.7752776e-16  3.8068427e-16  3.2787669e-16  2.0638375e-16  -1.8614310e-17  1.0000000   -5.2872352e-17  -3.8317399e-16  
-4.5539931e-16  2.6777979e-16  -6.2770573e-16  -6.7963155e-16  3.2025080e-16  -4.1952421e-16  -4.4185054e-16  1.2270733e-16  -4.7020122e-18  1.0000000   2.1539709e-16  
-1.3507699e-16  -3.4535847e-16  -1.6957125e-15  6.8093360e-16  1.0061989e-16  -4.3216510e-16  -2.2868365e-16  1.5006502e-16  -3.9721610e-16  3.7095639e-16  1.0000000   
