1.0000000   -8.3324215e-17  7.5182179e-16  -7.5534177e-17  -1.0434934e-16  3.3913502e-17  1.3035169e-16  -6.5242254e-16  -3.7541816e-17  6.2813581e-17  -2.9368442e-16  
-2.1336514e-17  1.0000000   -6.1445155e-17  -1.0846386e-16  -2.7671657e-18  -2.6411812e-16  2.9312287e-16  -2.6153786e-16  2.7491231e-16  -4.7352454e-16  1.3033331e-16  
7.9542062e-16  -3.3964837e-16  1.0000000   7.8101782e-17  2.9464068e-16  2.4278747e-16  1.8388759e-17  -1.3673473e-16  -4.0232490e-16  3.6017814e-16  -1.4623987e-16  
1.3955632e-16  -4.8696652e-17  7.5115922e-17  1.0000000   1.2291658e-16  3.6327558e-16  3.0907131e-16  2.9394314e-16  4.6498442e-16  1.3709684e-16  -5.9942805e-16  
-1.4344732e-17  -2.4767412e-16  2.4904922e-17  1.2343267e-16  1.0000000   3.9117670e-16  -6.1467494e-17  1.4940391e-15  -1.1141591e-15  -1.4304147e-16  -1.0831624e-16  
1.1778236e-16  -3.2069314e-16  2.4310518e-16  3.7027159e-16  3.3002777e-16  1.0000000   -6.0415388e-16  2.8932469e-16  -8.5247355e-16  -9.7356038e-16  -2.9182760e-17  
4.4232391e-16  8.5323313e-17  -9.4625073e-17  3.1411656e-16  -2.3251408e-17  -6.5636320e-16  1.0000000   1.0676645e-16  6.9663582e-16  1.9370270e-16  -1.2544558e-17  
-5.7284350e-16  -2.2072137e-16  1.7470405e-16  3.2041686e-16  1.5760771e-15  1.8528495e-16  2.7599047e-17  1.0000000   -3.2436977e-16  1.1814323e-16  5.4972099e-16  
-1.3873419e-16  3.1276157e-16  -2.6801900e-16  3.9266959e-16  -1.2273027e-15  -8.8272685e-16  6.4556373e-16  -3.8493142e-16  1.0000000   4.6416535e-16  -5.5111521e-16  
-7.6657291e-17  -4.5673614e-16  3.3614990e-16  3.3336843e-16  -1.6143948e-16  -6.9175228e-16  2.4161509e-16  1.1313663e-16  4.7064216e-16  1.0000000   -2.3611467e-16  
-2.8494912e-16  1.2463881e-16  -1.3600562e-16  -3.9692133e-16  -1.3144024e-16  1.4132078e-16  -9.5714723e-19  3.8988334e-16  -6.1091743e-16  -1.6004582e-16  1.0000000   
