1.0000000   1.7158030e-18  1.2237715e-16  -3.3549932e-16  1.2193549e-16  3.4068878e-17  -4.0138089e-16  8.3390088e-17  5.3211006e-16  5.0763040e-17  1.8178817e-17  
3.1476467e-17  1.0000000   1.5778351e-16  2.5615638e-16  1.3606419e-15  3.5106932e-16  -1.9140853e-16  7.2475852e-17  -2.6858586e-16  9.9379048e-17  4.1142680e-16  
-3.7365733e-16  1.8081139e-16  1.0000000   -7.2883627e-16  -2.4421927e-16  -9.5896465e-17  -2.0117783e-17  3.0777699e-16  -8.0153145e-16  -3.6983342e-16  -6.3714416e-17  
-2.8627837e-16  2.6627163e-17  -7.3712967e-16  1.0000000   -3.0418735e-16  -6.3491583e-17  1.7262500e-17  7.1708239e-17  1.0793296e-15  -4.6569578e-16  4.1436169e-17  
1.0778187e-16  1.1258676e-15  -1.5083650e-16  5.4150467e-16  1.0000000   -1.3270342e-16  1.2918820e-16  4.8641932e-17  -4.0551397e-16  -4.9125915e-16  2.3725869e-16  
1.0914160e-16  3.5123173e-16  -5.2949747e-17  -6.0406979e-17  -1.3400418e-16  1.0000000   1.5421079e-16  4.4900409e-16  1.7126415e-16  -3.9441233e-16  1.6264034e-16  
-2.7323248e-16  -2.0433801e-16  6.5423281e-17  -2.3336740e-17  1.3972162e-16  1.5000194e-16  1.0000000   -4.4462073e-16  -4.7071161e-16  -3.7360329e-16  3.1021129e-16  
8.8459859e-17  8.5234321e-17  2.4742352e-16  6.0765466e-17  1.0885310e-16  3.9791062e-16  -4.1467606e-16  1.0000000   -1.0579896e-16  2.5512173e-17  4.8305184e-16  
6.0946031e-16  -8.9258918e-17  -1.0595359e-15  -1.0091577e-15  2.8352150e-17  1.8849718e-16  -4.3289063e-16  4.7820275e-17  1.0000000   1.0522772e-15  1.6559686e-16  
-1.4935888e-16  4.1009221e-17  -3.5215195e-16  -3.8323755e-17  -5.7781746e-16  -3.3952774e-16  -3.7113484e-16  -1.1513804e-17  1.0839155e-15  1.0000000   -2.2943454e-17  
-2.7122361e-18  3.9687297e-16  -6.4797205e-17  9.3454223e-17  2.3503004e-16  1.6267013e-16  2.5739439e-16  4.6311150e-16  1.3754922e-16  -1.6624999e-17  1.0000000   
