1.0000000   4.6543383e-16  -2.0636558e-16  6.0993003e-16  4.5025920e-16  -4.5995537e-17  -1.6588065e-16  1.1253262e-16  1.0042174e-15  3.8512623e-16  -6.3211002e-16  
4.2001046e-16  1.0000000   -4.0368329e-16  6.9199523e-17  5.5241387e-17  -1.2576344e-16  -5.6747495e-17  1.1253793e-16  1.4932576e-16  1.9663823e-16  -1.8762463e-16  
2.1307914e-16  -3.9184102e-16  1.0000000   1.7464754e-16  1.0190155e-15  1.8121026e-16  4.6633385e-16  3.4030891e-16  -8.6258930e-16  -1.4649983e-16  -2.9513820e-16  
6.2496400e-16  -2.5316338e-16  2.0684236e-16  1.0000000   2.8998130e-16  -2.8633103e-16  -4.3713537e-16  -1.3905004e-16  -3.8332216e-16  -4.8049978e-17  -3.8169258e-16  
2.4526776e-16  5.3892203e-17  1.0510291e-15  1.6703712e-16  1.0000000   -3.4269874e-16  -5.2763846e-16  7.9458915e-16  -1.3354567e-16  3.0770118e-16  -1.3171460e-16  
-1.1380931e-16  -8.9786318e-17  2.6317342e-16  -7.3460881e-16  -3.1572213e-16  1.0000000   8.8779118e-17  -5.5556328e-16  -6.9431248e-17  9.9170158e-16  -1.1442351e-17  
-2.1202795e-16  -5.7568408e-17  4.1911811e-16  -4.4607569e-16  -8.0185316e-16  1.6648195e-16  1.0000000   -9.4442007e-16  4.3588861e-17  -1.8749614e-16  -4.3892289e-17  
5.2835568e-17  1.1387640e-16  3.5138524e-16  -1.8053250e-16  8.4527434e-16  -5.1769112e-16  -8.8195002e-16  1.0000000   4.0576423e-16  1.9320750e-16  -1.4146345e-17  
1.0417740e-15  1.6461139e-16  -8.3749494e-16  -3.9611027e-16  -1.9977010e-16  -1.3907953e-16  -1.5739054e-16  4.0087709e-16  1.0000000   -6.0056511e-16  -2.3972790e-16  
2.6188018e-16  4.7090575e-16  -1.5053222e-16  -4.6894696e-17  1.2708445e-16  2.9092804e-16  -1.8116639e-16  8.9258173e-17  -4.8602908e-16  1.0000000   5.4567048e-16  
-6.2133972e-16  -1.7565244e-16  -2.8774824e-16  -3.5354012e-16  -1.5316021e-16  -7.1389599e-17  -4.3876978e-17  2.7065529e-16  -2.6307996e-16  5.0489389e-16  1.0000000   
