1.0000000   3.8592446e-16  2.0594279e-16  -1.3893253e-16  7.9292117e-17  4.2749005e-16  3.4074121e-16  -2.0350036e-16  -3.3667554e-16  1.0271383e-17  -9.6731149e-17  
5.2236675e-16  1.0000000   3.8546582e-16  -1.0349014e-15  -6.0254484e-16  7.4954179e-16  -2.3324974e-16  8.9481765e-17  8.2085619e-17  2.7053151e-16  -3.5220985e-16  
-3.2318642e-16  3.6055297e-16  1.0000000   -3.1179304e-16  -1.9828440e-16  -2.3616695e-16  6.7670467e-16  5.6501646e-16  4.5470558e-16  6.5498556e-17  3.0283715e-16  
-1.3042710e-16  -1.1579330e-15  -3.6150693e-16  1.0000000   -6.8420772e-16  -5.1899752e-16  -1.1519528e-15  1.2675955e-16  -1.0623911e-16  -4.9217137e-16  -4.3894616e-16  
9.8332859e-17  -6.4683930e-16  -2.9858141e-16  -7.4713050e-16  1.0000000   -6.5812895e-16  7.2751444e-16  -1.2355299e-18  5.3910554e-16  -7.5023448e-17  3.3089874e-16  
3.8848724e-16  1.0159050e-15  -1.0808485e-16  -6.2436496e-16  -6.9332073e-16  1.0000000   1.0712178e-15  5.4768310e-16  -1.7046840e-16  -2.1488401e-16  3.4780020e-17  
2.3793696e-16  -1.6742533e-16  5.6191941e-16  -9.4542041e-16  9.9391779e-16  5.7878829e-16  1.0000000   4.2072507e-16  -8.4034059e-17  -4.8818724e-16  1.0522453e-15  
-2.5378888e-16  1.3818869e-16  4.8178592e-16  3.0279813e-16  8.4452182e-17  5.0989943e-16  5.2577300e-16  1.0000000   3.2370378e-16  -3.5932762e-16  1.5379178e-16  
-1.4055172e-16  3.7890140e-17  3.7586923e-16  -1.8227415e-16  4.6365641e-16  -1.2651522e-16  -7.9146970e-17  2.5331884e-16  1.0000000   8.2100852e-16  5.1706279e-17  
-7.4970532e-17  3.1136788e-16  2.3511907e-16  -5.9094628e-16  6.7649531e-18  -2.8867533e-16  -4.9831499e-16  -3.0737018e-16  7.8883104e-16  1.0000000   -1.8155389e-16  
3.1694127e-17  -3.4626537e-16  3.0228573e-16  -3.5558147e-16  3.6668882e-16  -9.5875659e-18  1.1873750e-15  1.7187256e-16  -1.4406336e-17  -2.7245154e-16  1.0000000   
