1.0000000   -6.1556158e-17  -4.4603564e-16  2.9926528e-16  -6.2543275e-16  9.0130712e-17  1.1687424e-16  1.7980383e-16  4.1376632e-17  8.9696576e-17  -1.0215764e-16  
-1.1714429e-17  1.0000000   -3.1761155e-16  3.9403128e-16  6.8361070e-16  -3.5366869e-16  4.3429735e-17  2.4055573e-16  -1.3456175e-16  -2.4671117e-16  -1.0126397e-15  
-2.4533294e-16  -3.3431855e-16  1.0000000   2.6461203e-16  5.0056862e-16  4.2451424e-16  -4.1634165e-16  -3.9014629e-17  1.1919438e-15  7.1795002e-17  -1.3777499e-16  
-2.3349347e-16  3.2362851e-16  7.8104776e-17  1.0000000   -9.7439857e-16  -2.6994086e-17  -1.9609752e-16  -7.2045671e-16  1.4658261e-16  -3.5812818e-16  9.9931084e-16  
-7.6294915e-16  7.8707277e-16  4.4028893e-16  -9.7283080e-16  1.0000000   2.8475332e-16  -3.3873162e-16  -1.2536742e-15  -2.4063042e-16  -4.4512359e-17  3.2713997e-16  
-1.9908596e-16  -3.2172542e-16  4.5780736e-16  -1.9342835e-16  1.7265457e-16  1.0000000   -6.0635752e-16  6.5419768e-16  -1.7469882e-16  7.1167834e-17  -2.0492565e-16  
6.3059918e-17  1.3792433e-16  -4.7407378e-16  -1.5311751e-16  -3.6652675e-16  -4.6784952e-16  1.0000000   -6.9612000e-17  2.2932877e-16  9.9869502e-17  5.9430373e-16  
3.0688102e-16  1.2067848e-16  -1.4143926e-16  -7.9678584e-16  -1.3292374e-15  3.2441047e-16  -6.7371465e-17  1.0000000   -9.0709420e-17  1.6499907e-16  7.8309975e-16  
3.9493106e-17  6.7994789e-17  1.2725381e-15  2.3759694e-16  -2.0358450e-16  5.2659402e-16  1.9502574e-16  -8.7918063e-17  1.0000000   -2.6411571e-16  4.8300021e-16  
-8.0301168e-17  -1.2469448e-16  9.5174673e-17  -3.6233439e-16  -1.1524790e-16  -1.4633684e-16  1.2192265e-16  2.3884588e-16  -1.2329210e-16  1.0000000   8.1829566e-16  
-3.6319449e-18  -1.0921910e-15  -1.5364839e-16  1.2539772e-15  3.5732970e-16  5.9413750e-16  4.5341843e-16  1.2116501e-15  -4.0537303e-17  8.4612260e-16  1.0000000   
