1.0000000   2.0673827e-16  5.2767190e-16  5.0188786e-18  -3.8968757e-16  -1.5883549e-17  1.2950538e-16  -1.4242629e-16  -4.8530745e-16  -1.7479085e-17  2.6907075e-16  
2.4429029e-16  1.0000000   1.9967795e-16  -7.5389466e-17  3.9314420e-16  2.3669900e-16  -5.8799487e-16  1.7358672e-16  1.6998233e-16  -3.8762225e-16  -5.4266643e-17  
4.0654512e-16  3.5902057e-16  1.0000000   4.5645184e-16  5.1548449e-16  3.8624852e-16  1.0945174e-15  5.8473893e-16  -5.0390113e-16  -1.1664614e-16  8.0097680e-16  
5.3017892e-19  -4.6227949e-17  4.5111097e-16  1.0000000   1.4439961e-16  3.1450436e-17  5.0073864e-16  -1.9903826e-16  -5.9033735e-16  -1.7204310e-16  -2.5129467e-17  
-2.3205452e-16  1.2822146e-16  8.8134865e-16  1.4477068e-16  1.0000000   7.1389248e-16  1.2538839e-15  -1.9886328e-15  1.0823819e-15  -5.7230008e-16  -4.8502525e-16  
-1.5918812e-16  2.5991938e-16  4.2437261e-16  3.4564295e-18  6.6486052e-16  1.0000000   -5.1463149e-16  7.1610919e-16  3.8330601e-16  2.0558731e-16  -3.6367529e-16  
3.6411201e-16  -5.5383529e-16  1.1797075e-15  3.9669448e-16  1.5703714e-15  -5.1060627e-16  1.0000000   1.0195838e-15  4.5421248e-16  2.0260696e-17  -2.4207863e-16  
-2.8515102e-18  6.6512497e-19  3.1835825e-16  -2.3332860e-16  -2.3832290e-15  7.3742213e-16  9.6390061e-16  1.0000000   3.5690542e-16  -1.2231331e-15  5.2151056e-16  
-6.0111061e-16  2.0007391e-16  -4.6638175e-16  -4.2283938e-16  1.0248041e-15  3.4966378e-16  4.9560728e-16  3.0378008e-16  1.0000000   -6.7085903e-16  7.2350505e-16  
-4.1017868e-17  -3.7012640e-16  -1.7398919e-16  -2.9467552e-16  -6.6386949e-16  3.3486733e-16  1.5013417e-17  -1.2877342e-15  -6.5182512e-16  1.0000000   2.7947407e-16  
1.3238924e-16  -3.3138918e-17  8.0481894e-16  2.5263123e-17  -4.8523055e-16  -3.4323638e-16  -2.1712165e-16  5.4681610e-16  6.2990876e-16  3.0764067e-16  1.0000000   
