1.0000000   2.6703166e-16  -1.6442073e-16  -1.8186211e-16  -1.0081980e-16  -1.2713282e-16  -3.7951818e-16  -1.7346351e-16  2.1252708e-16  -6.1448494e-16  -7.7409865e-17  
2.6766872e-16  1.0000000   4.8632274e-16  -2.8957086e-16  4.9250756e-16  -2.6438933e-16  -1.1729230e-16  3.5453807e-16  -2.0455542e-16  -2.2722937e-17  8.8852747e-17  
-5.3088592e-17  5.2938608e-16  1.0000000   9.5747156e-16  5.3975762e-16  4.1375536e-16  -9.0698317e-16  2.1810028e-16  1.5666288e-16  2.3410309e-17  -2.0939827e-16  
-3.4938706e-17  -2.9596999e-16  8.8990262e-16  1.0000000   2.9190715e-16  3.9645963e-16  -7.0923725e-17  -3.9742891e-16  -2.7805773e-16  -2.9990062e-16  1.9110164e-16  
5.6555073e-17  5.5986237e-16  5.1404690e-16  7.3975781e-17  1.0000000   -1.2095103e-15  1.1647557e-15  -9.6609596e-16  1.1277525e-16  -4.2678627e-16  -7.7735856e-16  
1.3685024e-17  -1.4973597e-17  -5.9950073e-16  4.7012973e-17  5.6403708e-16  1.0000000   -3.7743245e-16  1.3915163e-16  -1.1440502e-15  7.5193262e-16  -6.6635564e-16  
-3.1871121e-16  -2.3068313e-16  -8.9266426e-16  -1.7557246e-17  9.7871176e-16  -6.8202800e-16  1.0000000   1.9763812e-16  -7.1346381e-16  7.3577548e-16  5.0594887e-16  
-2.7200815e-16  5.5110536e-16  1.7147830e-16  -1.6655357e-16  -7.9367141e-16  3.1004835e-16  1.0149229e-16  1.0000000   7.5438109e-17  -2.8908244e-16  -7.1120783e-16  
1.5429545e-16  9.7747220e-17  -1.4470592e-16  -3.8622901e-16  5.1848122e-16  -3.7768705e-16  -6.9826348e-16  1.1621608e-16  1.0000000   -4.4378456e-16  8.5237686e-16  
-6.2246168e-16  -4.5124730e-16  3.0784103e-16  -2.5561097e-16  -1.1407408e-15  7.9578215e-17  6.5248338e-16  -2.6501862e-16  -4.3730514e-16  1.0000000   6.2426921e-16  
-1.3855544e-16  1.1656713e-16  -2.0482107e-16  1.5477198e-16  -6.8957333e-16  -6.4763867e-16  4.7089060e-16  -7.4497734e-16  8.3106783e-16  6.0608257e-16  1.0000000   
