1.0000000   1.2533641e-16  2.2182100e-16  1.9680022e-16  -1.6704201e-16  2.9499045e-17  -2.4041112e-16  1.8710549e-16  7.3110144e-16  5.7182707e-17  -6.9793906e-16  
3.1184577e-16  1.0000000   3.0352306e-16  6.3779382e-16  -5.7288905e-16  2.7416827e-16  1.2653956e-16  -3.2535390e-16  -4.3945189e-16  -9.2090423e-17  -1.6387372e-16  
-4.6787490e-17  2.7642313e-16  1.0000000   5.8211272e-17  1.8665695e-17  -1.5054121e-16  9.0464332e-16  6.5849725e-16  -3.0791586e-16  1.1914340e-15  -4.3974631e-16  
1.3940838e-16  6.9462547e-16  1.3499442e-16  1.0000000   -3.7819692e-16  4.5448686e-16  -1.7481643e-15  3.5983685e-16  1.4303077e-16  5.3618557e-16  1.1390696e-15  
1.7213459e-16  -6.6816935e-16  -1.1379278e-16  -1.1439516e-16  1.0000000   -5.4347894e-16  1.1710377e-15  1.3728492e-15  -7.1507917e-16  6.5541656e-16  -2.3191762e-18  
1.8122576e-16  2.8324986e-16  -1.9547616e-16  4.2643126e-16  -5.3677695e-16  1.0000000   -4.5719197e-16  -7.8684657e-16  -8.5707087e-16  -3.4893198e-16  5.7394783e-16  
-4.1298441e-16  5.4548271e-16  4.6585912e-16  -1.2669277e-15  1.4760147e-16  -2.2506385e-16  1.0000000   2.8327170e-17  -2.7493127e-16  5.7578351e-16  8.9817903e-17  
1.5001412e-16  -6.2842649e-17  1.8397013e-16  1.2726106e-15  -6.4536643e-16  -2.5556214e-16  -2.5073497e-16  1.0000000   -4.3991162e-16  -3.2138942e-16  -1.1845671e-16  
6.4527671e-16  -4.7931427e-16  -2.1474126e-16  -4.5920816e-17  -4.1354396e-16  -9.6931630e-16  -8.3922435e-17  -3.4652742e-16  1.0000000   -4.3241489e-17  3.3306479e-16  
1.9142873e-16  -1.0987278e-16  1.1464140e-15  5.3023728e-16  6.0534021e-16  -3.8568078e-16  5.5852149e-16  -2.7785772e-16  -1.8434196e-16  1.0000000   1.9237304e-16  
-8.5600845e-16  -1.7645733e-16  -4.7620536e-16  1.1337976e-15  -1.4151125e-16  3.8922180e-16  1.0166365e-16  -2.3210820e-16  3.0339301e-16  1.8386036e-16  1.0000000   
