1.0000000   -3.9053945e-17  3.9540756e-18  1.5643024e-16  -1.6718099e-16  -7.7851997e-17  -7.7481280e-17  1.5655711e-16  3.2601390e-17  1.9502444e-16  8.5673227e-17  
-4.1045872e-17  1.0000000   5.9740667e-16  -1.1045690e-15  2.0855782e-16  8.0890011e-16  -9.2714420e-17  -1.1272465e-16  -5.2399889e-16  -4.1852937e-16  1.1134417e-16  
-6.8134034e-17  7.7233967e-16  1.0000000   -4.0204620e-16  -3.0259519e-16  -6.3003755e-16  4.8090768e-16  3.9459420e-17  -1.2159592e-16  2.3025945e-16  6.1388205e-16  
-2.7030943e-17  -1.1064984e-15  -6.0928777e-16  1.0000000   4.8274631e-17  4.6302991e-16  2.2510689e-16  1.0691872e-15  -5.4629641e-17  1.1452124e-16  -1.3869843e-15  
-1.5528129e-17  2.8816529e-16  -3.0199183e-16  1.3034510e-16  1.0000000   -1.3783424e-16  1.4509060e-16  -6.9265921e-17  -6.4418820e-16  3.8867322e-16  -7.0668721e-16  
-6.7849660e-17  7.5900994e-16  -4.3364541e-16  5.9948037e-16  2.2114608e-18  1.0000000   -1.2468990e-15  1.1081899e-16  5.0880333e-16  -1.0442359e-16  5.5337171e-16  
1.2571038e-16  -4.4167871e-18  -4.9683623e-16  -9.4026733e-16  1.4695678e-17  -1.0878885e-15  1.0000000   8.2002927e-17  -8.6638334e-16  -1.2281579e-16  3.8431409e-16  
4.9640809e-17  -5.7753889e-17  -3.1980579e-16  5.6030254e-16  -2.2712148e-16  2.5593974e-16  1.7323208e-16  1.0000000   4.0509774e-17  -4.1240179e-16  2.0648800e-16  
-4.1559795e-17  -5.1104715e-16  -1.3202313e-16  -1.3331880e-16  -5.6738325e-16  5.1606601e-16  -9.3785313e-16  7.7354463e-17  1.0000000   -7.4991077e-16  1.3620883e-16  
-1.3246303e-17  -5.2423205e-16  2.4457310e-16  2.5766752e-16  3.8527297e-16  -1.0539097e-16  -1.5336098e-16  -4.2532927e-16  -7.4155724e-16  1.0000000   -6.8432469e-16  
-1.2050340e-16  1.7670801e-16  7.1938254e-16  -1.4040736e-15  -6.5486743e-16  7.0216194e-16  4.2857072e-16  1.7923217e-16  1.9588399e-16  -6.1819344e-16  1.0000000   
