1.0000000   -4.2428044e-16  -4.4843838e-16  1.5534885e-16  7.5404430e-17  1.1234770e-16  -1.9064314e-16  2.2980537e-16  3.6726840e-16  -3.1138413e-16  -3.1769891e-17  
-3.9908233e-16  1.0000000   -7.7979324e-16  -1.6383708e-15  -7.6788974e-16  3.2673663e-16  -8.1436067e-16  -5.7462321e-16  -8.1144658e-16  -8.2817186e-16  -1.7458311e-16  
-6.5788697e-17  -8.5397828e-16  1.0000000   4.0393094e-17  -1.0315415e-15  -6.8785310e-16  5.9483584e-16  -1.3822662e-16  -1.0739673e-15  -6.6734019e-16  -1.0143516e-16  
1.4055815e-16  -1.5117328e-15  5.0488649e-17  1.0000000   4.7653224e-16  5.5467948e-16  1.2626304e-15  1.8483504e-16  -7.3725432e-16  -2.2908307e-17  -2.7806248e-16  
1.7727475e-16  -9.8658744e-16  -9.8315978e-16  4.4322257e-16  1.0000000   1.1295230e-15  2.5702499e-16  -1.0588148e-16  -1.8650446e-16  8.2297501e-16  -1.8988038e-16  
1.7826051e-16  9.5167108e-17  -6.2206146e-16  4.8800076e-16  1.1759449e-15  1.0000000   1.0461754e-15  2.1428697e-16  -1.0398382e-17  -1.1207371e-17  4.4734632e-17  
-1.7856891e-16  -7.8637964e-16  7.6745969e-16  1.1855295e-15  1.8453104e-16  1.1431750e-15  1.0000000   -4.8296929e-16  -5.2985729e-16  -8.0271826e-16  -1.1967778e-16  
1.5961828e-16  -4.4656941e-16  -1.3209260e-16  1.3068578e-16  -1.0799837e-16  2.1394932e-16  -4.3526990e-16  1.0000000   -5.4919084e-16  -1.1432352e-16  1.4499508e-16  
1.6276062e-16  -8.4313199e-16  -1.2299463e-15  -6.5030055e-16  -3.3703038e-16  4.5661624e-17  -4.5636465e-16  -5.5379328e-16  1.0000000   -4.5704264e-16  -1.5161821e-16  
-3.1606091e-16  -7.3293537e-16  -5.2769806e-16  -3.0506756e-16  7.4474366e-16  1.8990278e-17  -7.5476808e-16  -7.6026329e-17  -3.3924545e-16  1.0000000   -5.0605468e-17  
-3.8134267e-17  -1.3248969e-16  -5.8895471e-17  -3.3047421e-16  -1.8102248e-16  6.2752896e-17  -1.4529945e-16  1.6976414e-16  -1.6801469e-16  -3.2066262e-17  1.0000000   
