1.0000000   -1.2834928e-16  -1.8152302e-16  3.7856418e-17  -7.9950998e-18  -1.2259279e-16  -9.4887792e-17  2.1572174e-17  7.8140764e-17  -5.6493706e-17  2.0432440e-16  
-4.6806463e-17  1.0000000   3.7284898e-16  -9.8472147e-16  -6.9485111e-16  -3.3029612e-17  -5.3722391e-16  -1.0531642e-15  -1.0465956e-16  5.1092889e-17  3.5756282e-16  
2.2280774e-16  4.2386656e-16  1.0000000   5.2280049e-16  -5.9439260e-16  -7.0124280e-16  -1.0033212e-15  2.2719781e-16  -2.8424187e-16  -5.0587748e-16  7.0909893e-17  
7.0811129e-17  -9.8040572e-16  4.1044197e-16  1.0000000   -1.0423408e-15  1.2988743e-15  -1.0594717e-15  1.0172517e-15  -7.1202781e-17  1.6459231e-16  -5.1365772e-16  
-7.4215292e-17  -6.5395602e-16  -4.2759250e-16  -1.0853179e-15  1.0000000   1.6863154e-15  7.1657897e-16  -6.4632602e-16  -3.7538713e-16  1.6290462e-16  -1.5386438e-16  
-9.9715700e-17  -1.6014552e-16  -6.6470942e-16  1.3408594e-15  1.5759042e-15  1.0000000   -5.4710850e-18  -1.2929996e-16  3.1446925e-16  8.7151651e-16  -1.9551903e-16  
-3.2600830e-17  -4.5490436e-16  -1.0952855e-15  -9.0220848e-16  6.0157023e-16  -1.1384493e-16  1.0000000   -9.1360992e-16  7.9711004e-16  1.4611240e-16  -4.4942288e-16  
9.0818308e-17  -9.0670714e-16  1.5238971e-16  1.0712403e-15  -7.0933355e-16  -1.0479353e-17  -8.9700391e-16  1.0000000   -1.1564397e-16  3.8265822e-16  -1.5366668e-15  
-3.4981886e-18  -8.8970929e-17  -2.7627549e-16  -9.2686183e-17  -5.6197521e-16  3.7064356e-16  9.1789929e-16  -1.0531049e-16  1.0000000   4.4068226e-17  -1.2790790e-16  
-2.5329090e-17  -1.1606641e-17  -4.1600801e-16  1.6907156e-16  1.7608806e-16  8.9244093e-16  2.8180164e-16  4.8284139e-16  7.8619414e-17  1.0000000   5.0065915e-16  
-5.7121520e-17  4.5848661e-16  8.7317027e-17  -3.8162561e-16  -1.9658999e-16  -2.0753726e-16  -5.4848245e-16  -1.3259826e-15  1.9915439e-17  4.5697682e-16  1.0000000   
