1.0000000   1.8567755e-17  -1.9731643e-16  1.1738798e-16  -1.1816263e-16  -5.6591715e-17  1.4583681e-16  -6.1191988e-17  2.7268412e-16  -3.6025982e-17  6.2582586e-17  
1.9460749e-17  1.0000000   -6.4571503e-16  -1.0557086e-15  1.0332865e-16  -5.7737047e-16  -9.4702933e-17  -7.6233572e-16  3.4291473e-16  1.7362627e-16  -4.5003246e-16  
-3.5811285e-16  -5.7589574e-16  1.0000000   -2.3593642e-17  1.4368546e-16  -1.5536882e-16  -9.1814050e-16  -4.5890410e-17  -1.4910270e-17  6.1145365e-16  3.7271359e-16  
6.8591865e-17  -8.7663171e-16  -4.4219775e-17  1.0000000   -4.5522813e-16  -9.5431524e-16  -1.6668095e-16  1.0115927e-16  2.8973858e-16  -6.4786932e-16  1.3840434e-16  
-1.7064894e-16  -3.6584288e-17  2.3793279e-16  -4.5983117e-16  1.0000000   -3.1957059e-16  5.0005281e-16  -3.3402109e-17  9.9171464e-17  -2.0228465e-16  -1.0744511e-15  
-3.9913915e-17  -5.6009854e-16  -1.2839865e-16  -9.4600381e-16  -2.7923580e-16  1.0000000   -1.2071766e-16  3.5296052e-17  -8.2691839e-16  6.9347792e-16  1.2301872e-16  
-8.3878891e-17  -5.3033964e-17  -6.6463925e-16  -1.5762452e-16  5.9842473e-16  -8.8582467e-17  1.0000000   -9.4710125e-16  -5.4409941e-16  -5.2337554e-16  -7.1664493e-16  
1.7887908e-16  -1.1104331e-15  -3.1614666e-16  1.0123970e-16  -8.2525626e-17  7.8169130e-17  -1.3865260e-16  1.0000000   2.3868866e-16  5.4856064e-16  4.9247766e-16  
2.5726044e-16  3.0969841e-16  -8.8174183e-17  3.1360765e-16  8.0310489e-17  -8.3687156e-16  -2.0895851e-16  1.9940421e-16  1.0000000   -1.0600087e-16  -9.3395208e-16  
1.3906014e-16  -1.8667946e-16  5.5629462e-16  -6.8653266e-16  -1.5111640e-16  6.7978917e-16  -9.4239377e-17  5.6897184e-16  -2.4938237e-16  1.0000000   2.9847916e-16  
9.0558337e-17  -4.8892133e-16  4.2029489e-16  1.2221881e-16  -1.0832721e-15  7.8486391e-17  -7.4933363e-16  5.0874916e-16  -9.9201492e-16  3.9187895e-16  1.0000000   
