1.0000000   -3.2818280e-17  4.2826865e-16  -4.6338578e-16  4.0711198e-17  4.2028767e-16  3.8843040e-16  4.8220899e-16  -9.5164634e-17  -5.8609597e-17  6.4190967e-16  
1.2715357e-16  1.0000000   4.1814820e-16  2.5859259e-16  8.5662798e-16  5.8881301e-16  -1.1051099e-15  -1.1880366e-15  -1.0360034e-15  -7.3238409e-16  9.0856650e-16  
1.8281204e-16  4.1530690e-16  1.0000000   3.4787236e-17  -4.6577455e-16  2.8935364e-16  -5.0638639e-16  -8.9575397e-17  -1.3494101e-16  2.2647604e-16  3.2299217e-16  
-6.0903225e-16  2.5010268e-16  -7.4976933e-18  1.0000000   1.2713287e-16  3.0188870e-16  -1.4069471e-16  -8.2765045e-19  -1.1120277e-15  -1.1884332e-16  -1.3979940e-16  
-5.6042954e-17  8.3807036e-16  -6.6962207e-16  2.2048148e-16  1.0000000   -6.5180829e-17  3.5148517e-16  1.0283386e-15  -1.1496475e-15  8.7652188e-16  -7.7177312e-16  
4.6030281e-16  7.1184044e-16  1.2436207e-16  4.1487324e-16  -5.6391359e-17  1.0000000   -1.6666030e-16  -6.7656202e-16  -1.2726281e-16  3.0264442e-16  4.8996960e-16  
1.6314352e-16  -1.0248001e-15  -4.7927943e-16  1.2183113e-17  3.9526713e-16  -2.2586840e-16  1.0000000   6.7259457e-16  1.1322326e-15  -4.2158881e-16  4.2956937e-16  
3.2350956e-16  -1.0661194e-15  -2.2523280e-16  1.8991655e-16  1.0199588e-15  -4.5518160e-16  8.0313574e-16  1.0000000   2.5129791e-16  -1.1785330e-16  7.5153247e-16  
-2.8782756e-17  -7.1714490e-16  5.6791777e-17  -1.2999000e-15  -1.1440845e-15  1.0953467e-16  1.0737961e-15  2.2837507e-16  1.0000000   8.7277682e-16  -2.9565346e-16  
-7.8180082e-18  -9.2586431e-16  2.3486280e-16  -1.2876715e-16  9.0386563e-16  2.7787764e-16  -4.7486186e-16  -1.5055650e-16  9.7358359e-16  1.0000000   5.7464197e-16  
7.8420610e-16  4.3646930e-16  2.6930665e-16  9.5635102e-17  -8.6438608e-16  -3.2744261e-16  4.5345570e-16  4.9099006e-16  -8.7413970e-16  6.0334453e-16  1.0000000   
