1.0000000   -5.9035845e-16  -1.8769466e-16  6.1805246e-17  -2.3065029e-17  -2.2922195e-16  -4.8705019e-16  2.5718764e-17  -2.2898884e-16  -2.7619368e-16  -2.9660798e-16  
-5.2710518e-16  1.0000000   4.7403849e-16  6.1876352e-16  -7.4646788e-17  -2.0522662e-16  3.0908981e-16  -1.2942889e-16  -1.9412327e-16  9.0542130e-16  -3.4047018e-16  
-3.4225782e-16  4.2386283e-16  1.0000000   1.8592618e-16  3.6475836e-16  4.9616810e-16  4.2324112e-16  -3.2415550e-17  5.0107093e-16  -2.9097413e-16  -1.7388115e-16  
1.0717276e-16  7.1996116e-16  1.4509168e-16  1.0000000   -5.0648312e-17  -8.8540531e-16  1.0987652e-16  5.9328159e-17  -1.1857533e-16  -1.0435170e-16  1.3745461e-15  
-1.2863038e-16  -1.4344863e-16  3.8558195e-16  -9.1243142e-18  1.0000000   6.1837038e-16  -1.2341504e-16  3.9651852e-17  -3.1305929e-17  -1.2287401e-16  -9.1979308e-17  
-3.6640088e-16  1.1381962e-16  2.9499657e-16  -1.0562295e-15  5.9755715e-16  1.0000000   -9.4590922e-17  6.1189765e-16  1.4600671e-16  1.9782065e-15  1.6057369e-15  
-3.2566652e-16  3.3278005e-16  5.0794194e-16  7.8589393e-17  -1.5231519e-17  -2.0983556e-16  1.0000000   -2.4625612e-16  6.6814102e-16  7.1205039e-16  -2.4433682e-16  
-3.0728692e-17  -1.7149357e-16  4.0834776e-17  2.9070679e-17  1.3793234e-16  2.7511283e-16  -1.6633271e-16  1.0000000   6.8061686e-16  3.1056960e-16  1.1429104e-15  
-4.1534454e-16  -2.0642642e-16  4.8291339e-16  -8.0333659e-17  -2.3115439e-16  8.2333995e-17  6.3658401e-16  6.6024804e-16  1.0000000   1.7477625e-16  -2.7050082e-16  
-3.9397817e-16  6.3833954e-16  9.2395166e-17  -3.7325886e-16  1.6018921e-16  6.6688993e-16  6.6799198e-16  2.8909324e-16  1.6774331e-16  1.0000000   -9.2399860e-17  
-2.5551769e-16  -3.1281315e-16  -1.6797189e-16  1.3948098e-15  -6.2508490e-17  1.5339940e-15  -1.1537266e-16  9.3640382e-16  -3.0639448e-16  -5.8522353e-17  1.0000000   
