1.0000000   4.9211757e-16  2.8757013e-16  -1.7903107e-16  -1.2793385e-16  1.1342351e-16  1.9667605e-16  3.8799666e-16  8.8472792e-17  -5.0132146e-17  -3.2894811e-16  
5.5736957e-16  1.0000000   6.9994315e-16  3.5993528e-16  -4.0562764e-16  -2.8388895e-16  -1.1836057e-15  -9.5615049e-16  2.1386531e-17  -1.9460237e-16  -1.5570138e-16  
-2.3952322e-16  7.1020297e-16  1.0000000   2.1596999e-16  4.5344422e-16  2.6515107e-16  4.5073469e-17  -4.8673226e-17  1.7696680e-16  -5.8184765e-16  -1.5551525e-17  
-2.4729294e-16  3.2255974e-16  5.4350445e-16  1.0000000   6.8914009e-17  8.4194805e-16  -3.2463359e-16  4.6673722e-16  1.0104199e-16  1.1081744e-15  1.3932382e-16  
-3.4510476e-16  -4.0740428e-16  4.2659942e-16  9.5575222e-17  1.0000000   7.4865686e-16  7.9422168e-16  6.1096070e-17  4.2193074e-16  4.9686798e-16  -4.2977541e-16  
1.0942116e-16  -4.1108760e-16  3.4103679e-16  1.4228534e-15  4.4808740e-16  1.0000000   -5.7507539e-16  -1.6032141e-16  -8.5737057e-16  1.2323703e-16  8.9873584e-17  
1.9624161e-16  -1.2261030e-15  9.1051304e-17  -3.9153043e-16  8.3602455e-16  -4.0350163e-16  1.0000000   2.2337162e-16  4.8313866e-18  5.2847577e-16  3.7167086e-16  
1.6116809e-16  -9.4746157e-16  1.1514261e-17  5.5926724e-16  1.2843588e-16  -1.3998493e-16  1.2342782e-16  1.0000000   6.2665529e-16  4.4123528e-17  -2.2382507e-16  
8.2187599e-17  2.0776311e-16  -2.7749919e-16  2.2662161e-16  4.1322423e-16  8.7596208e-17  1.7915667e-17  4.4987516e-16  1.0000000   3.6067448e-16  -4.2068527e-16  
-4.8996440e-17  -4.5797392e-16  -1.4052270e-16  8.9826848e-16  5.8710289e-16  -7.7715282e-16  4.8192156e-16  -6.3679017e-17  3.1327272e-16  1.0000000   6.6586128e-16  
-3.7192965e-16  -4.6629164e-17  -9.8018653e-18  2.0205833e-16  -3.9115516e-16  9.8973682e-17  3.4826691e-16  -2.0175647e-16  -3.9426758e-16  6.5451273e-16  1.0000000   
