1.0000000   -1.8859246e-17  1.0156841e-16  -1.5647059e-16  1.7032184e-18  1.0029393e-16  -1.4331703e-16  -2.7219033e-17  1.4087759e-17  1.2211292e-16  -5.4633413e-17  
-7.9728344e-18  1.0000000   1.6716500e-17  1.0259147e-15  1.8039938e-16  1.4220377e-16  8.2242554e-16  -2.3894488e-16  1.2323871e-15  -7.3980625e-16  7.6027651e-16  
6.9730530e-17  4.8034400e-18  1.0000000   -5.4719655e-16  9.6751684e-17  -6.2355505e-17  1.9302532e-16  1.6715342e-16  -1.6273643e-16  5.4616276e-17  -4.3434283e-16  
6.6939427e-17  1.0392655e-15  -5.1100904e-16  1.0000000   -2.9210782e-17  -9.1054762e-16  -8.8864004e-16  -4.3082849e-17  -3.0518257e-16  -7.7066706e-16  5.3745935e-16  
-7.7254981e-17  -9.6106940e-17  -7.6512573e-17  -3.0483925e-17  1.0000000   1.1247856e-15  -9.1128604e-17  -1.0933481e-16  -3.2627392e-16  5.6459662e-16  -8.8983140e-17  
1.6216577e-16  1.0696747e-16  -8.0506993e-17  -8.1246557e-16  9.8233847e-16  1.0000000   -2.0470380e-16  1.8358023e-16  -1.4368272e-15  -8.9003760e-16  4.3069952e-16  
1.6669086e-16  8.1835524e-16  2.9230721e-16  -7.9638879e-16  -6.3719338e-16  -3.0660707e-16  1.0000000   -1.9735790e-16  -3.8213004e-16  1.3108146e-16  -2.0352211e-16  
-3.7053579e-17  -2.0820203e-16  7.5545353e-17  -5.0980107e-17  -1.7309796e-16  1.7986343e-16  -1.6925162e-16  1.0000000   9.2440438e-17  1.3116981e-16  -3.0372399e-16  
3.6634648e-17  1.1490935e-15  -2.0643214e-16  -3.2956150e-16  -8.8397827e-17  -1.3910385e-15  -5.5817509e-16  -1.9717339e-17  1.0000000   -7.7814444e-16  4.4171159e-16  
9.3355209e-17  -6.9686081e-16  8.8893026e-17  -6.2848266e-16  4.7255576e-16  -8.3250290e-16  2.2131838e-16  2.4010181e-16  -7.2731830e-16  1.0000000   -2.0213044e-16  
-4.1870956e-17  1.1318411e-15  -2.8236415e-16  7.3333910e-16  -3.2405850e-16  5.5752429e-16  5.8748511e-16  -4.6169394e-16  1.9165137e-16  -1.3622746e-16  1.0000000   
