1.0000000   2.0111004e-17  -5.3218524e-16  5.4073140e-16  -3.7430829e-16  2.4629910e-16  4.1865895e-16  1.1204218e-16  -3.9990696e-16  -5.2248182e-16  -6.4656914e-16  
2.3777179e-17  1.0000000   8.1452116e-17  2.0291275e-16  6.1172149e-16  -3.0579725e-17  -4.2881107e-16  1.3359646e-15  -8.1866236e-17  4.1771376e-16  1.4202644e-16  
1.2283656e-16  3.4061668e-16  1.0000000   2.7190932e-16  8.8868625e-16  5.0270679e-16  2.9601378e-16  1.7469674e-16  2.8920125e-16  -1.1540384e-16  -1.3446706e-16  
5.7495533e-16  3.7868107e-16  1.9723670e-16  1.0000000   -1.0075992e-16  -2.7692420e-16  7.0563483e-16  -8.5115845e-16  1.2094860e-15  8.9479827e-17  3.0310481e-16  
-6.7064642e-16  6.9995482e-16  9.1070150e-16  -2.0601805e-16  1.0000000   2.8430896e-16  2.2502753e-16  6.7269109e-18  -1.6665432e-16  -1.3053260e-16  -6.9023229e-16  
-4.7382370e-17  -1.8829689e-16  4.7991665e-16  -2.5657823e-16  2.1130723e-16  1.0000000   2.9560312e-16  7.7858253e-16  -5.3876212e-16  2.3610046e-17  2.4006354e-16  
7.3678661e-16  -1.2383404e-15  8.3187709e-16  4.4977132e-16  1.1407486e-16  4.7777611e-16  1.0000000   7.8914464e-16  -6.8132810e-16  -1.6744520e-16  2.4673223e-17  
2.4366886e-16  1.0480568e-15  5.9866564e-16  -9.0493056e-16  -3.2554888e-16  5.2065272e-16  -2.3707273e-16  1.0000000   2.0508019e-16  3.4390812e-16  7.4573967e-16  
-1.0699151e-16  8.6387528e-17  8.5499577e-17  1.0488693e-15  -1.1601633e-16  -5.7101839e-16  -4.5276631e-16  2.1168019e-16  1.0000000   3.4773246e-16  5.4709858e-17  
-3.9912807e-16  4.7971114e-16  3.6376672e-17  2.6130052e-17  -1.5816595e-16  2.5365451e-17  -1.5683856e-16  1.4639486e-16  1.6028215e-16  1.0000000   1.4710805e-16  
-7.6595290e-16  7.7332083e-17  -1.2157964e-16  3.3889788e-16  -7.5516449e-16  2.7828929e-16  -9.6726080e-17  6.4792769e-16  -2.8888906e-17  1.0730933e-16  1.0000000   
