1.0000000   -1.3971287e-16  2.9082279e-16  4.3558389e-17  -5.2258598e-17  -1.0975790e-16  1.4139912e-16  -7.2547922e-17  6.2872641e-17  -5.9725561e-17  -1.1008944e-17  
-2.3659237e-17  1.0000000   4.0130215e-16  -3.0345109e-16  -1.3564594e-16  -4.2115649e-16  2.0211241e-16  6.8809473e-16  2.1864358e-16  4.1800017e-18  -4.2492721e-16  
-9.6029888e-17  1.6892702e-16  1.0000000   9.9911938e-16  1.5727617e-15  1.2277367e-16  2.1061206e-15  -8.3427432e-16  6.8441611e-16  1.6922141e-16  3.0036381e-16  
1.2406902e-16  -3.8356571e-16  8.1187144e-16  1.0000000   -1.7503744e-16  -4.6726954e-16  -4.7817685e-16  2.8960509e-16  -1.5235458e-16  3.9909283e-16  -6.6445457e-16  
1.6424576e-18  -5.1851706e-17  1.5353694e-15  -4.4245168e-16  1.0000000   7.6232755e-17  -5.8651491e-17  -7.0410248e-16  -4.0002237e-16  3.1454206e-16  -8.6199896e-17  
1.7680458e-17  -1.0242164e-16  9.9107752e-17  -5.0327736e-16  4.9702778e-17  1.0000000   1.1262105e-16  1.1823564e-16  9.7123884e-16  -2.4677933e-16  1.0717626e-15  
-1.6959442e-17  1.8664341e-16  2.1058514e-15  -5.0317669e-16  -4.8927149e-17  1.5818896e-16  1.0000000   -7.7327419e-16  -7.1561089e-17  2.8798922e-16  -1.3775127e-16  
1.6237708e-16  7.2557179e-16  -5.5343272e-16  2.0546958e-16  -6.6105030e-16  1.0436544e-16  -9.7161818e-16  1.0000000   -6.1572509e-17  -2.4123164e-16  4.5056647e-17  
-1.3067750e-16  3.6704004e-16  3.5491536e-16  9.3963780e-17  -4.3845615e-16  2.8359672e-16  9.6587551e-17  -1.0372363e-15  1.0000000   -6.0271036e-17  -2.1161001e-16  
-9.7537825e-17  1.0762478e-16  6.4640390e-17  3.2845905e-16  4.1169832e-16  -4.4436444e-16  5.9885031e-17  -4.0457999e-16  3.2910377e-17  1.0000000   1.6757912e-16  
-1.6392972e-16  -4.6084013e-16  1.5370599e-16  -5.6192166e-16  -6.2417858e-18  1.1801634e-15  -2.1933071e-17  -8.3481450e-18  -4.8476543e-16  2.1172499e-16  1.0000000   
