1.0000000   -2.0540396e-16  -7.1852218e-17  6.4515876e-17  -1.0179460e-17  4.0300624e-16  6.2243570e-17  1.1467253e-16  -1.9458996e-16  -1.2773928e-16  -6.3672611e-17  
-3.4475214e-16  1.0000000   -4.7809391e-16  -3.9643028e-16  8.7366092e-16  5.6121763e-16  1.8149476e-16  2.7837225e-16  7.8052143e-16  1.2434854e-16  -2.2902970e-16  
-6.8925259e-17  -4.9840606e-16  1.0000000   -1.4505597e-17  7.8221504e-16  -6.1663513e-17  5.7092552e-16  -2.5111754e-16  -1.9265771e-16  2.0927126e-17  3.0168770e-16  
-2.0889657e-16  -1.0856420e-16  -7.6666615e-17  1.0000000   -6.8362528e-16  -1.6792793e-17  9.6812127e-16  -5.5818002e-17  -3.2733625e-16  5.5674065e-16  -2.4231410e-16  
2.1586468e-17  8.1658760e-16  7.9362446e-16  -7.0962218e-16  1.0000000   5.3690242e-16  -3.3927197e-16  -1.2474669e-15  -2.9636502e-16  4.7209715e-16  -2.8100996e-16  
4.0078530e-16  4.0019961e-16  -4.3603405e-17  6.6809607e-17  6.8056270e-16  1.0000000   -4.1200000e-17  -6.9356677e-16  2.7198588e-16  4.3226233e-16  9.8344760e-17  
8.9576437e-18  1.3944551e-16  8.7643872e-16  3.4368344e-16  -1.0948842e-16  2.1330936e-16  1.0000000   -3.4913215e-16  -4.1103132e-16  -7.0546279e-16  5.8145839e-16  
2.9721661e-16  1.9274087e-16  -1.7870186e-16  -1.1789640e-19  -1.0860171e-15  -6.2104648e-16  -3.3217682e-16  1.0000000   3.0116908e-16  -1.1070383e-15  8.6999093e-16  
1.3593816e-16  8.0590984e-16  -3.0346143e-17  -2.8503078e-16  -4.4382187e-16  5.0050218e-16  -3.4038771e-16  3.9133494e-16  1.0000000   -1.9801631e-16  -2.3081648e-17  
-2.3279887e-17  1.6140520e-16  1.5692606e-17  5.4300458e-16  4.6394739e-16  4.5710060e-16  -7.5548125e-16  -1.0645435e-15  -1.2012922e-16  1.0000000   -2.1230796e-16  
-1.2441433e-16  -2.2929423e-16  8.9976181e-17  -3.3043645e-16  -1.1673808e-16  1.8699618e-16  4.9224906e-16  7.5970385e-16  4.2727730e-17  -2.3148606e-16  1.0000000   
