1.0000000   3.1910349e-17  -2.3321994e-16  -1.8740137e-16  7.9556166e-16  -3.4154719e-16  7.4208539e-16  5.5015037e-16  1.4036140e-16  -7.8606016e-17  4.8965059e-16  
3.2755786e-18  1.0000000   -7.2133902e-16  3.5878642e-16  -3.7511113e-16  -1.9212033e-16  -1.2896663e-15  -1.5795818e-16  -5.6114419e-16  5.1680622e-16  -1.5543814e-16  
-1.3041288e-16  -1.0143573e-15  1.0000000   -7.7947687e-16  -8.3461257e-16  -1.7360864e-15  1.1630526e-16  -5.2633852e-16  3.6138204e-18  2.0536309e-16  8.1947807e-16  
-8.0275525e-17  6.4184291e-16  -5.2888810e-16  1.0000000   -6.9601577e-16  1.3755425e-16  9.4409555e-16  1.5323035e-15  -2.3506504e-16  4.4535799e-16  -2.4871005e-17  
9.2169969e-16  -6.7684136e-16  -9.3444590e-16  -7.0226608e-16  1.0000000   -1.1554777e-15  3.2516789e-16  3.3225591e-16  6.1515670e-16  3.4729716e-16  9.4328469e-16  
-3.9039134e-16  1.7539515e-16  -1.5687113e-15  3.4036439e-16  -1.3054008e-15  1.0000000   -6.6626083e-16  -5.9421118e-17  -6.9880491e-16  1.4541214e-15  1.5570054e-15  
7.2122503e-16  -1.1561517e-15  1.4172224e-16  1.0318111e-15  3.8469239e-16  -6.9439580e-16  1.0000000   4.4623566e-16  9.8978709e-16  -5.8570543e-16  5.0830532e-16  
2.1304038e-16  -7.2174933e-17  -5.9278767e-16  1.2945859e-15  2.9853319e-16  -8.4263026e-17  4.4827905e-16  1.0000000   -6.0339790e-16  -7.3914551e-16  -6.2485282e-16  
3.1083918e-16  -5.9049456e-16  -7.2583353e-17  -3.3536954e-16  6.3053302e-16  -7.0801572e-16  9.5312187e-16  -6.2206141e-16  1.0000000   1.2590959e-15  -3.8485958e-16  
-2.5288579e-16  4.1893226e-16  1.1949040e-16  5.4372200e-16  5.1662346e-16  1.4203647e-15  -6.0061934e-16  -7.9089096e-16  1.2821396e-15  1.0000000   4.4906203e-16  
3.5642383e-16  -1.7608486e-16  8.4367573e-16  -1.2759704e-17  9.4225893e-16  1.5502715e-15  5.2862818e-16  -7.5595488e-16  -1.7226109e-16  4.9062578e-16  1.0000000   
