1.0000000   1.3268741e-16  -5.6247538e-16  -2.5539925e-16  -3.9502545e-16  3.9332356e-17  -8.6071185e-17  3.8329811e-16  3.2941459e-16  1.0508952e-17  -2.9338310e-16  
1.3878242e-16  1.0000000   3.4881917e-16  1.3436732e-16  -3.2417740e-16  1.2408691e-16  -4.8322822e-17  1.6777937e-16  3.1265311e-16  -5.2452398e-16  1.7367034e-16  
3.5304763e-16  3.1157891e-16  1.0000000   -3.0419765e-16  4.5369443e-16  4.4352109e-17  2.1586958e-17  -1.4899576e-16  -4.9618351e-16  1.6673533e-16  -6.6363116e-17  
4.9169120e-17  4.2357475e-16  -3.6281828e-16  1.0000000   1.9166139e-16  -5.7741289e-16  4.3604254e-16  -3.2770484e-17  -4.0590754e-16  8.4796475e-16  3.2513931e-16  
-5.0177092e-16  -3.2844618e-16  3.7407331e-16  1.2720716e-16  1.0000000   -4.1229242e-16  -2.7921122e-16  3.7253321e-16  -5.3151892e-16  -4.7177399e-16  5.2748122e-16  
-7.2863442e-17  1.6011924e-16  -1.5723137e-16  3.5756004e-16  -4.3268978e-16  1.0000000   1.7637395e-16  3.9728927e-16  6.7258394e-16  2.0162815e-16  3.1712955e-16  
7.2567179e-17  -7.2909080e-17  1.9589540e-17  2.5958111e-16  -2.7588440e-16  1.7747619e-16  1.0000000   -1.8362046e-16  -2.1587368e-16  -5.6912185e-16  -3.2170483e-16  
3.7387668e-16  1.8583160e-16  -1.8836729e-16  -9.5781786e-17  3.4634779e-16  3.8501450e-16  -1.9267423e-16  1.0000000   3.3327604e-17  -2.4767155e-16  -3.3370336e-16  
2.4880728e-16  2.5078153e-16  -5.0863388e-16  -3.4990510e-16  -5.6286212e-16  7.0728459e-16  -1.8099030e-16  1.0791159e-16  1.0000000   4.1043239e-16  -2.0821467e-16  
-1.0824377e-16  -5.3665193e-16  2.0092770e-16  8.3389826e-16  -4.6583127e-16  2.6898941e-16  -4.3830850e-16  -2.4337782e-16  4.1635167e-16  1.0000000   -4.9434029e-16  
-2.0854147e-16  1.9364444e-16  8.8057261e-17  2.3449117e-16  5.1673606e-16  6.5394184e-16  -4.6998633e-16  -4.2114550e-16  -1.7599778e-16  -5.6954241e-16  1.0000000   
