1.0000000   -2.8487510e-17  -1.0994682e-16  -1.0964996e-16  2.8462662e-17  -1.0571388e-16  -2.1673101e-18  1.1601021e-17  1.0234003e-17  -9.1289271e-17  -2.7130942e-17  
9.0078899e-18  1.0000000   -1.1566596e-15  -1.0888975e-16  -1.8426243e-16  -1.9780598e-16  5.8326285e-16  -1.6485499e-17  3.4031997e-16  -1.2054724e-16  2.4466712e-17  
-5.3071510e-17  -1.1614908e-15  1.0000000   4.5399055e-16  8.9962218e-16  5.8202312e-16  -1.1788344e-16  9.9947950e-16  1.3055617e-16  -1.6031632e-15  7.6862066e-17  
-4.7857133e-17  2.6971251e-16  1.0848496e-16  1.0000000   -3.4308285e-16  -6.4319613e-17  1.7431771e-16  2.0737876e-16  -6.8014793e-17  5.4472553e-16  -2.3288911e-16  
-4.6278047e-17  -2.3291577e-16  9.1586593e-16  -3.5106419e-16  1.0000000   5.8644296e-17  2.0815371e-16  -2.8717865e-16  -1.4999000e-16  4.7626682e-16  -1.1015210e-15  
8.4804328e-17  -9.3777338e-17  5.6292641e-16  -5.0895338e-17  4.2679079e-18  1.0000000   -4.8352305e-16  -1.6238833e-15  4.8183503e-16  -5.1415400e-17  3.8041393e-16  
-4.6704493e-17  5.2409680e-16  -2.8630386e-16  -3.1560397e-16  2.8817616e-16  -5.0263190e-16  1.0000000   -3.3784209e-16  2.0086901e-16  -8.8406930e-17  8.8892223e-16  
5.6092934e-18  -5.4655960e-17  1.1312208e-15  2.9734363e-16  -2.3415224e-16  -1.6276423e-15  -3.5763690e-16  1.0000000   1.6771933e-17  8.9239687e-16  3.8920232e-16  
3.3000483e-17  3.8250757e-16  -1.7673527e-17  -9.6044204e-17  -2.0467191e-16  4.3764481e-16  2.2070574e-16  3.8156385e-18  1.0000000   1.1688943e-16  3.4114256e-16  
2.0220997e-16  -6.6168842e-17  -1.4594868e-15  6.5752416e-16  4.7539729e-16  -1.1474044e-16  -7.2870284e-17  9.2775842e-16  9.3534987e-17  1.0000000   -4.9716472e-16  
2.5548635e-17  -3.9002249e-17  1.6842690e-16  -1.3074335e-16  -1.1470291e-15  3.9136564e-16  8.6854479e-16  3.3295002e-16  2.7082207e-16  -5.3133911e-16  1.0000000   
