1.0000000   1.4803556e-16  -5.2334922e-16  -3.9403218e-16  1.2863945e-16  3.5339154e-16  2.5294105e-16  -5.9776087e-16  5.8427754e-16  -4.1323558e-16  -2.6609977e-16  
1.6306312e-16  1.0000000   -2.3299750e-16  1.3932857e-16  -2.2961751e-17  7.7512680e-17  -2.3200098e-16  -2.3836341e-16  -6.3686166e-16  -1.6587392e-16  -4.2887724e-16  
-2.4741025e-16  -1.9168626e-16  1.0000000   1.2004810e-15  -7.0627693e-16  2.0318888e-16  -2.9051942e-16  1.3765135e-15  -1.2341864e-15  -9.0967695e-16  -4.2309142e-16  
-2.0436925e-16  1.7380175e-16  1.2695376e-15  1.0000000   -4.1145323e-16  4.0067103e-16  -3.0130399e-16  -6.7952710e-16  8.1003971e-16  -4.7177956e-16  7.9397510e-16  
-3.0862572e-17  1.6183086e-16  -7.7599507e-16  -3.4865638e-16  1.0000000   -2.6737302e-16  4.4180692e-16  3.2903621e-16  1.0032283e-15  -7.7101475e-16  -4.0337837e-16  
3.8620027e-16  6.2870332e-17  2.5214062e-16  3.8450715e-16  -4.3871301e-16  1.0000000   3.5130476e-16  -3.3569186e-17  1.7344588e-16  -4.1680443e-16  -3.4658386e-16  
2.1906506e-16  -1.9101326e-16  -2.1402536e-16  -4.2524993e-16  4.6393296e-16  4.2284492e-16  1.0000000   -1.4607282e-17  4.4772305e-17  5.4744831e-16  -6.8282290e-16  
-5.6102576e-16  -2.6287309e-16  1.1609421e-15  -8.4322055e-16  4.3824685e-16  -1.4190772e-16  -3.4221256e-18  1.0000000   -1.0038517e-15  6.8646078e-17  3.5990938e-16  
6.9726939e-16  -7.5381601e-16  -1.7572014e-15  8.6045053e-16  2.5132270e-16  1.1337216e-16  -1.2688412e-16  -8.7968022e-16  1.0000000   -1.8946110e-16  -1.9229543e-16  
-3.8771942e-16  -3.5200971e-17  -5.5925645e-16  -5.0754516e-16  3.5903614e-16  -5.2343470e-16  6.4461629e-16  -2.0062028e-17  -2.8671334e-16  1.0000000   3.0615328e-16  
-2.5930854e-16  -4.3500994e-16  -3.7142035e-16  7.3016430e-16  -3.6943575e-16  -3.0139126e-16  -6.3145120e-16  3.1486671e-16  -4.0039565e-17  3.2325657e-16  1.0000000   
