1.0000000   1.8840104e-16  1.2974425e-16  6.3817650e-16  1.6572438e-17  1.1091695e-16  -1.2498705e-16  3.8860190e-16  -2.8875497e-16  -2.0311398e-16  2.4642111e-16  
4.0941810e-16  1.0000000   -7.2724933e-16  -4.2893471e-16  -1.6754950e-15  -2.2082557e-16  2.1581256e-15  4.2090808e-16  1.2324609e-15  -5.0417712e-16  -1.5989102e-16  
2.8626861e-17  -8.1886377e-16  1.0000000   -3.6677462e-16  -9.2949579e-17  2.1932652e-17  8.4721899e-16  -6.9348846e-16  -2.6242261e-16  7.1549055e-16  -2.5486332e-16  
5.1541244e-16  -4.3114263e-16  -4.7107434e-16  1.0000000   -1.0794831e-15  -3.3675058e-16  -1.6233612e-16  -7.0624224e-16  1.7100000e-15  1.8597246e-16  -1.1128573e-16  
1.4169674e-16  -1.6551056e-15  -3.3734744e-16  -9.6570660e-16  1.0000000   9.2647673e-17  4.0342023e-16  -1.5027102e-16  5.5168046e-16  -4.9805161e-16  -7.4440694e-16  
6.2374950e-18  -2.1061376e-16  -4.2022131e-17  -3.2368171e-16  6.6805503e-17  1.0000000   -7.7751395e-16  7.9144609e-16  4.0749940e-16  3.7234876e-16  -3.6520159e-16  
1.8105223e-16  1.5531688e-15  2.1576700e-16  1.1349447e-16  2.7057706e-16  -8.5639517e-16  1.0000000   -1.3622270e-15  -4.5396964e-16  -9.2846325e-17  8.5268816e-16  
3.8199325e-16  -1.3501679e-17  -9.3377561e-16  -9.2674093e-16  -1.9475613e-16  8.2768840e-16  6.3753172e-16  1.0000000   -5.4120736e-16  3.1116226e-16  -3.7950634e-16  
-3.2300646e-16  9.7863159e-16  -3.3346898e-16  1.6567925e-15  6.8416792e-16  3.5295961e-16  4.2232998e-16  -4.5293753e-16  1.0000000   2.8977868e-16  2.1258325e-16  
5.0073486e-17  -3.5487806e-16  6.5052802e-16  1.4174869e-16  -6.5859589e-16  3.1227767e-16  -3.5211451e-16  5.1759587e-16  3.3963305e-16  1.0000000   1.5203225e-16  
9.7399971e-17  -2.0968978e-16  -2.2245033e-16  -8.9860878e-17  -6.6840259e-16  -4.6282449e-16  9.3027511e-16  -3.8035337e-16  3.5346685e-16  1.3963762e-16  1.0000000   
