1.0000000   -3.9305369e-17  -5.8288025e-17  -8.5583908e-17  -1.6231794e-16  -2.0153719e-16  -3.9566921e-16  -1.3381490e-16  -5.7167575e-16  3.5445287e-16  1.6853309e-18  
-4.1064781e-17  1.0000000   9.4931363e-17  9.7294504e-17  1.8630185e-16  -4.0154819e-16  -1.6621332e-16  7.1436860e-16  -7.8297026e-16  1.4977448e-16  1.1455163e-16  
-3.5369039e-17  1.9632214e-16  1.0000000   -1.0625797e-15  -3.3827006e-16  1.8354433e-16  -2.0110956e-16  3.2194737e-16  8.8414771e-16  1.2029308e-15  1.0351616e-17  
1.1248624e-16  4.0802251e-17  -1.1375581e-15  1.0000000   5.0329680e-16  -6.6716958e-16  4.6045596e-16  1.4890001e-16  2.1657102e-16  -4.2707878e-16  -6.8761663e-17  
-2.9230240e-16  -3.4243419e-17  -4.8358090e-16  4.9132338e-16  1.0000000   -1.2614223e-16  8.6302909e-17  -5.1236104e-17  6.3194696e-17  -3.8858398e-16  4.9090394e-17  
-1.8802340e-16  -4.6743584e-16  5.1448922e-16  -8.0015945e-16  -6.6523883e-16  1.0000000   1.2008250e-16  7.2964368e-16  1.0318422e-15  -5.7529738e-16  5.7939021e-17  
-2.6447626e-16  -1.9466125e-16  -4.3189568e-16  5.8680857e-16  6.2864662e-17  1.1312995e-16  1.0000000   7.3133600e-16  1.3023556e-16  -1.9211135e-16  -6.7120082e-19  
-3.9899044e-16  3.4849981e-16  4.6847881e-17  1.5604450e-16  1.9678193e-16  1.1301909e-15  8.4668037e-16  1.0000000   1.6954617e-15  -2.6224181e-16  -1.2327987e-17  
-8.2189854e-16  -5.3074974e-16  1.0651921e-15  1.9317220e-16  -1.2052427e-16  8.1074176e-16  -5.8956352e-17  1.8016959e-15  1.0000000   2.0116998e-16  8.2570171e-17  
2.2564799e-17  -2.2429024e-16  1.0022168e-15  -4.1716809e-16  -2.7775545e-16  -1.0404449e-16  -2.0393021e-16  -2.2859260e-16  2.2824663e-16  1.0000000   9.7370096e-17  
7.6144639e-18  1.2229814e-16  1.7140186e-17  -8.3891913e-17  4.7468595e-17  6.5180716e-17  -1.7524430e-17  3.2872421e-17  6.4914746e-17  4.2824382e-17  1.0000000   
