1.0000000   8.7734068e-18  -4.1464065e-17  1.7914431e-16  -2.3950345e-17  8.1197836e-17  -2.2631968e-16  -4.8234170e-17  -2.8678292e-17  -1.3823052e-16  -1.0277539e-16  
7.6291388e-17  1.0000000   1.3627543e-16  -2.3992693e-16  -7.4624069e-16  -6.4454985e-17  8.9898210e-17  -4.3596249e-16  3.6985250e-16  -4.6630991e-17  -2.6036724e-16  
3.4841380e-16  4.7152151e-17  1.0000000   2.1552654e-17  -4.6211374e-17  -3.3593653e-16  2.8465621e-16  3.9909402e-16  5.0810914e-16  -7.7751523e-16  3.2379253e-16  
2.6727842e-16  -5.4455755e-16  2.4384526e-17  1.0000000   -6.6159852e-16  -5.5629111e-16  -2.2924039e-16  -1.6577580e-15  -6.9074786e-16  -5.9067880e-18  -6.4235612e-16  
1.3648227e-16  -6.4646658e-16  -1.9793929e-17  -5.6831783e-16  1.0000000   -5.7664748e-16  -4.3438223e-16  7.0578279e-17  -8.8857224e-16  4.8849428e-16  2.1881363e-16  
7.0673520e-17  -7.8210957e-17  -2.6842365e-16  -5.7095816e-16  -5.2990746e-16  1.0000000   -3.8467070e-16  -1.2987474e-16  -4.1962436e-17  5.2272366e-16  3.2179629e-16  
-3.0950364e-16  1.5107571e-16  3.6125894e-16  -2.9155114e-16  -4.5679596e-16  -3.7747594e-16  1.0000000   1.2862346e-15  -1.6166770e-16  3.4988145e-16  9.9159945e-16  
-8.1532185e-17  -4.3053257e-16  8.9667839e-16  -9.2389714e-16  -2.0259782e-16  -7.6515874e-17  1.3290291e-15  1.0000000   1.7742716e-15  9.0151560e-16  3.7587595e-16  
3.0192912e-16  2.6950959e-16  1.6103537e-16  -1.3251061e-15  -5.1985511e-16  1.1093262e-16  -1.6711788e-16  1.8432367e-15  1.0000000   -8.2280620e-16  1.2280622e-16  
1.6976500e-17  1.8684190e-16  -5.9986132e-16  6.4939727e-17  3.1319090e-16  4.5928103e-16  3.2924257e-16  1.2222230e-16  -2.8873045e-16  1.0000000   1.0754375e-16  
-1.3046784e-16  -2.1934102e-16  4.0020719e-16  -5.0185347e-16  1.8610611e-16  2.6856704e-16  1.0434413e-15  2.3026675e-16  1.5070580e-16  1.7814204e-16  1.0000000   
