1.0000000   1.0768182e-16  -8.9344398e-16  4.3306092e-16  2.1141855e-16  1.0579791e-16  -4.5880525e-16  1.3302509e-16  -2.2054435e-16  4.6224073e-17  -7.2565943e-16  
2.3234827e-16  1.0000000   -4.6274681e-16  3.8025150e-16  -3.7248073e-16  -1.8586150e-16  -4.6698114e-16  3.4283226e-16  -3.8657359e-16  -1.5463785e-16  -4.9677042e-16  
-6.8953038e-16  -6.6358737e-16  1.0000000   -9.7199310e-17  5.1449013e-16  1.5406695e-15  -7.9458570e-16  2.5574394e-16  -7.4632361e-16  -3.0871697e-16  -4.5480291e-16  
4.4586749e-16  1.1126567e-16  -4.2250741e-16  1.0000000   -1.8425910e-16  -3.6725807e-16  -2.6904388e-16  3.0256705e-16  1.1649243e-15  -5.7919742e-16  8.8016041e-17  
1.2069809e-16  -1.2570804e-16  6.6852908e-16  -1.7951541e-16  1.0000000   8.9660625e-16  -1.1298113e-16  3.2342077e-16  -3.8815966e-16  -7.2845338e-16  -4.7459881e-16  
1.8834724e-16  -2.4567264e-16  1.5308622e-15  -4.2369430e-16  9.1423438e-16  1.0000000   -6.2634198e-16  -6.7519981e-16  1.1079286e-15  5.0032165e-16  5.5056972e-16  
-3.7659767e-16  -5.6469772e-16  -9.5826663e-16  -3.8395864e-16  -9.9150980e-17  -7.4682750e-16  1.0000000   -9.1750615e-17  -8.6891204e-17  6.9912796e-16  -1.7952736e-16  
-1.0266355e-16  -2.1832335e-16  1.8729447e-16  1.1910099e-16  3.7450803e-16  -8.5628333e-16  -1.8874021e-16  1.0000000   6.1555109e-16  -7.6747435e-16  4.3683861e-16  
4.1006107e-17  -7.0213103e-16  -7.6277507e-16  9.6101801e-16  -2.4003349e-16  1.1363150e-15  -3.8862987e-17  2.3059186e-16  1.0000000   -4.1799930e-16  -1.6136469e-15  
2.2773322e-16  -2.8222560e-16  -2.9150321e-16  -5.2347881e-16  -8.2731455e-16  5.8371828e-16  8.2409786e-16  -7.1644404e-16  -3.4887576e-16  1.0000000   3.9355395e-16  
-4.6900553e-16  -8.9322758e-16  -5.2210560e-16  -7.4511794e-17  -4.6407686e-16  4.8088602e-16  -3.3173664e-16  -1.4131898e-16  -1.8022456e-15  4.7220562e-16  1.0000000   
