1.0000000   -2.5085648e-17  4.0586388e-16  2.5087237e-16  1.0029431e-16  -6.3217343e-17  4.7365328e-16  3.3257128e-17  -1.8803488e-16  -2.8703987e-16  -1.3932718e-16  
1.2736354e-17  1.0000000   3.7833245e-17  -1.6612294e-16  -1.3840835e-16  -6.4306231e-17  -1.0456469e-16  -2.8183107e-16  -1.3510772e-16  -3.2228338e-16  -2.1430824e-16  
-1.2042651e-16  -2.0055275e-16  1.0000000   -8.2215923e-16  -3.8777198e-16  -4.7858346e-16  8.2900126e-16  -2.5024461e-16  2.5673647e-16  4.3133797e-16  4.8791978e-16  
7.9257274e-17  -2.1101282e-16  -8.4776567e-16  1.0000000   9.7104317e-17  -2.9851556e-16  -3.2895462e-17  -1.4205652e-16  2.2302082e-16  -3.7404179e-16  1.0030768e-16  
-4.1224746e-17  -1.8070649e-16  -3.5116394e-16  1.8568761e-16  1.0000000   -3.5199048e-16  -2.6948428e-16  -8.0169124e-17  -6.0085539e-16  -1.7353800e-16  -5.1826081e-16  
-1.3476764e-17  1.7161395e-16  -5.6347198e-16  -2.2826778e-16  -4.2292460e-16  1.0000000   -1.8138113e-16  -4.4653036e-17  4.8959828e-18  3.7939784e-16  1.4202625e-16  
1.2661517e-16  1.9032469e-16  9.1343001e-16  1.1053574e-16  -1.9224896e-16  -3.7315567e-16  1.0000000   4.5442119e-16  -7.1845255e-16  8.9903799e-16  1.7696043e-16  
-2.4685789e-17  -3.5168779e-16  -3.0213879e-16  -6.2984860e-17  -1.3893867e-16  -6.2665509e-17  4.4558512e-16  1.0000000   3.7877111e-16  -4.8105619e-16  -3.1177928e-16  
-2.1393681e-16  -1.4583778e-16  1.2052027e-16  2.4284093e-16  -6.1145408e-16  6.5350842e-17  -6.9730976e-16  4.1604247e-16  1.0000000   4.7537219e-17  -1.2011605e-16  
-2.8896882e-16  -3.0962957e-16  3.4831231e-16  -3.8622386e-16  -3.0483523e-17  2.9797531e-16  9.3496893e-16  -5.2774751e-16  4.5018701e-17  1.0000000   -1.4455965e-15  
-3.1686594e-16  -2.0475448e-16  4.9539569e-16  1.2268049e-16  -4.7309723e-16  2.2019892e-16  1.6501218e-16  -9.4271379e-17  4.7433845e-20  -1.6592045e-15  1.0000000   
