1.0000000   -1.0984830e-17  -6.7646656e-17  1.1632076e-16  -2.1280425e-16  -3.0521935e-17  1.3954305e-16  -1.7676372e-16  -2.7549400e-16  -4.0591901e-17  8.6051186e-17  
-1.1986973e-17  1.0000000   -1.1966261e-16  -1.3781058e-16  -1.9407027e-16  5.0368028e-17  8.5194545e-17  5.8666509e-17  -1.3998922e-17  4.1559749e-17  1.9352925e-16  
-4.8083827e-16  -1.2552897e-16  1.0000000   9.5839733e-16  7.9821401e-16  -1.2508980e-16  7.3857176e-16  -1.9803246e-16  2.6632621e-16  7.5516816e-16  -1.7524977e-16  
6.0571569e-17  -2.0713379e-16  8.0894299e-16  1.0000000   -1.5214218e-16  -5.9366221e-16  -7.6739928e-16  1.1406934e-16  -8.7945115e-17  2.2119749e-16  4.0861801e-16  
-1.5163704e-16  1.9828964e-16  1.1516902e-15  -1.0571000e-16  1.0000000   -4.6148289e-16  -2.4824732e-16  -3.1855266e-16  6.2785617e-16  -2.4878861e-16  -1.0224564e-16  
9.9330484e-17  -1.0958207e-16  -2.1009805e-16  -5.7515977e-16  -7.7588586e-16  1.0000000   -3.0011222e-16  -1.2263872e-16  -3.7236677e-16  -3.9313810e-18  1.0494569e-16  
1.6194063e-16  4.1485676e-16  1.1449213e-15  -9.0025869e-16  3.4628658e-16  -3.9130585e-16  1.0000000   3.3411014e-16  4.7764790e-16  -2.6785412e-16  -1.1322205e-16  
-3.9308099e-16  3.0753198e-16  -3.2329917e-16  5.0636569e-17  -5.5838587e-16  5.9031500e-17  -1.5304638e-16  1.0000000   -7.5926478e-16  2.3839565e-16  -1.4560666e-16  
-1.8059954e-16  1.7482735e-16  2.6847141e-16  -2.3039468e-16  4.6514276e-16  -3.3355407e-16  1.7866109e-16  -7.8889359e-16  1.0000000   -5.8652477e-16  9.8137237e-17  
2.4261228e-16  -1.2005273e-16  8.4724922e-16  1.5206747e-16  -8.1148693e-17  -1.4947636e-16  1.7400027e-16  1.2190030e-16  -4.3240927e-16  1.0000000   -5.6165971e-16  
1.2518647e-16  2.0656213e-16  -1.8152382e-16  4.3224515e-16  -1.2623051e-16  1.3250983e-16  -1.3165603e-16  -1.7934059e-16  -9.0788379e-17  -5.5752513e-16  1.0000000   
