1.0000000   -8.1219176e-17  -5.1319723e-16  -7.2336658e-16  2.7541899e-16  -1.4148104e-17  -1.7031106e-16  -1.9416159e-16  -5.0799374e-16  1.2349082e-17  3.7608987e-16  
5.4318214e-17  1.0000000   1.5484336e-16  -8.2339140e-16  7.0031336e-17  -1.3021656e-16  -9.8068864e-17  -3.7511408e-16  -1.5821543e-16  -3.1900994e-16  5.8817719e-16  
-9.8042613e-16  3.8909177e-16  1.0000000   -2.3987487e-16  -1.1139200e-15  -9.1491871e-16  -9.8121581e-16  1.1458568e-15  -5.0851484e-16  5.1255030e-16  -1.0917831e-17  
-8.3386360e-16  -1.3569734e-15  -5.5194326e-16  1.0000000   7.8049002e-16  3.1692080e-16  1.3433550e-15  -2.1535222e-16  -8.7919584e-17  8.3494452e-16  1.2855620e-16  
3.6480856e-16  -1.1263540e-16  -1.1402041e-15  7.7346273e-16  1.0000000   1.5931069e-16  6.0657947e-16  -3.6085033e-17  -9.8470149e-16  4.4780711e-16  -3.8659558e-16  
7.0935883e-17  -2.4823480e-16  -9.5576545e-16  2.9771082e-16  6.6976692e-17  1.0000000   8.5803897e-16  9.4277899e-16  -1.1338363e-15  -2.4730573e-16  1.9247553e-17  
-3.3105257e-16  -2.4659391e-16  -8.6956085e-16  1.2544554e-15  6.0782739e-16  7.9625132e-16  1.0000000   2.5333366e-16  -7.7194530e-17  3.2999497e-16  -3.0099705e-16  
-3.2203692e-17  -4.6230238e-16  1.0377687e-15  -4.1653272e-16  -9.9867707e-17  9.3369450e-16  1.5946665e-16  1.0000000   -2.1710602e-15  -4.0850580e-16  -5.0171371e-16  
-4.4923516e-16  -1.7939467e-16  -5.2683293e-16  -8.2075870e-17  -8.3073329e-16  -1.1198263e-15  2.3771229e-17  -2.1230232e-15  1.0000000   -1.0905386e-15  -7.4802327e-17  
1.9814555e-16  -3.0509618e-16  5.0198798e-16  8.9593500e-16  3.5744618e-16  -2.0051642e-16  2.8538692e-16  -4.3311933e-16  -1.1160556e-15  1.0000000   -1.9150144e-16  
3.9431834e-16  5.9074439e-16  1.8013850e-17  3.3136247e-17  -4.0480086e-16  5.5276100e-17  -2.7456621e-16  -5.2290097e-16  -1.6295728e-16  -1.2153864e-16  1.0000000   
