1.0000000   1.0966848e-16  1.5777600e-16  -7.2455664e-17  -1.7544818e-16  -9.7491423e-17  3.9810980e-16  3.6063832e-16  2.5354248e-16  -1.0931414e-16  1.7071047e-17  
1.2679508e-16  1.0000000   1.7897214e-16  -2.4734264e-16  -1.7701113e-16  3.2704161e-16  -2.7488789e-16  -1.5520010e-16  -1.5063228e-16  -3.7439304e-16  -1.1636444e-16  
2.5772334e-16  2.9967784e-16  1.0000000   4.7138272e-16  7.7308286e-16  6.3537019e-16  -7.5841721e-16  -8.4949445e-17  -7.8109516e-16  -7.0910197e-16  -5.1742170e-16  
-1.3253911e-16  -1.4537418e-16  5.2287558e-16  1.0000000   -1.8696195e-18  4.1403533e-16  5.6748331e-16  2.0637393e-16  -7.5210808e-16  -6.0366463e-16  4.4811346e-16  
-4.9377571e-17  -2.0718144e-16  7.7334256e-16  1.6709056e-18  1.0000000   3.3583758e-16  1.4253466e-17  1.9003505e-15  -3.8841436e-16  3.3184860e-16  -5.2387697e-18  
-1.7821580e-16  -1.0115969e-16  5.4307048e-16  2.9973595e-16  4.2088346e-16  1.0000000   2.8981568e-16  6.2392800e-16  1.8629179e-16  2.5836728e-16  1.6781904e-16  
6.4736499e-17  -1.8924221e-16  -7.3184481e-16  3.4156938e-16  -1.2429295e-16  2.1389055e-16  1.0000000   6.5310473e-16  -6.5043889e-16  5.4466105e-16  1.4209808e-16  
6.1165552e-16  -6.3023660e-17  -1.0174348e-16  2.3285270e-16  1.9203783e-15  4.0456680e-16  6.1967806e-16  1.0000000   -5.3072067e-18  -2.1090523e-16  1.4438140e-16  
3.4439020e-16  -1.5228727e-16  -6.9653606e-16  -6.2625856e-16  -4.5312026e-16  1.0359277e-16  -5.4837951e-16  -2.9523175e-18  1.0000000   -2.3162076e-16  -2.4697448e-16  
-5.8790639e-17  -9.0559352e-16  -4.7058064e-16  1.3195109e-16  8.0250387e-17  5.8914322e-17  7.3611809e-16  -2.0635514e-16  -1.4523232e-16  1.0000000   -2.0050985e-16  
-1.7634448e-17  -7.4927851e-17  -5.4216677e-16  3.8937026e-16  2.0303810e-17  2.2153617e-16  1.3801825e-16  1.9940226e-16  -2.7021113e-16  -2.0882454e-16  1.0000000   
