1.0000000   -5.5326772e-16  1.3764789e-16  5.4687537e-16  5.0064624e-16  -6.9486414e-16  4.0138989e-16  -8.6625308e-17  3.1474054e-16  1.4284572e-16  -2.8617527e-16  
-5.5374015e-16  1.0000000   -2.5192787e-16  4.4067852e-16  -6.2068991e-16  -7.2037222e-16  -2.0921283e-16  7.8829673e-16  9.4035878e-16  -8.7901026e-16  5.3000174e-16  
-6.7498129e-17  -1.3891090e-16  1.0000000   -2.5862906e-16  -4.3216068e-16  2.6018263e-16  -6.5954064e-16  1.3032886e-17  -2.0569634e-16  6.9083467e-16  5.6706484e-16  
5.7290478e-19  5.1185350e-16  -1.4376589e-16  1.0000000   -1.5294233e-16  -5.2850493e-16  -8.0437918e-16  4.2356778e-17  5.6735605e-16  -1.0409411e-15  -1.2401706e-16  
5.7160167e-16  -1.4032495e-16  -4.9817555e-16  6.9743184e-17  1.0000000   -1.8198515e-15  3.3888708e-16  -5.4850783e-16  -1.2971422e-16  -2.6144612e-16  -4.2187323e-16  
-9.4665408e-16  -9.3096257e-16  2.7073989e-16  -8.0655301e-16  -1.9029357e-15  1.0000000   -2.5705884e-16  4.3488102e-16  1.3858419e-16  3.2053705e-17  1.3959569e-16  
8.9294208e-17  -8.0977405e-16  -3.5489023e-16  -3.9005032e-16  7.3979985e-16  -6.5442462e-16  1.0000000   -8.1795115e-16  -5.9152972e-16  1.6123457e-16  -2.2938584e-16  
9.4478906e-17  7.8805803e-16  4.1537801e-17  5.5721238e-17  -5.1498425e-16  4.2987767e-16  -8.0637699e-16  1.0000000   -2.9233454e-16  6.0859604e-16  6.7438603e-16  
5.9381194e-16  5.1504506e-16  6.9341042e-17  9.0190183e-16  3.5917197e-16  -4.6704551e-16  -6.4294856e-16  -2.6953625e-16  1.0000000   9.9674999e-18  2.6274411e-16  
-9.3353832e-17  -8.3490235e-16  4.2925057e-16  -1.1155151e-15  -2.1652481e-16  4.6371752e-17  1.0287864e-16  6.0560879e-16  -1.0393491e-18  1.0000000   4.1885949e-16  
-4.9009782e-16  5.4350441e-16  6.2956910e-16  -1.1195743e-16  -3.6099020e-16  1.2213537e-16  -1.8446429e-16  6.8092915e-16  2.9049122e-16  4.2729932e-16  1.0000000   
