1.0000000   2.8060055e-16  1.8832468e-16  2.1728330e-17  -1.7426497e-17  -1.5395621e-16  -2.5523026e-16  3.0909102e-17  1.5228343e-16  -3.5512208e-17  1.1436615e-16  
2.8875146e-16  1.0000000   1.8317713e-16  6.2431988e-16  5.6533591e-16  -8.1179621e-16  -9.7848564e-16  1.0901449e-16  2.5827421e-16  1.1997116e-16  2.1131005e-16  
-9.8096688e-18  2.3031182e-16  1.0000000   -6.2949190e-16  5.7667615e-16  -9.7751599e-17  3.5467973e-16  9.6996142e-17  4.9888198e-16  5.3161265e-17  -8.3158942e-17  
-8.2527410e-18  7.4254613e-16  -7.5814409e-16  1.0000000   -4.2731170e-16  8.8271194e-16  7.6631670e-17  -4.5726574e-16  -1.2654074e-15  -1.7346831e-16  -2.3875000e-16  
6.5485327e-17  6.0497148e-16  7.0601981e-16  -4.1727904e-16  1.0000000   -2.4428388e-16  1.8966731e-16  6.7833611e-17  8.2875042e-16  -4.8539054e-16  4.1895513e-17  
-1.7481217e-16  -6.3651897e-16  -2.4441141e-16  3.7291517e-16  -1.9686092e-16  1.0000000   5.7125328e-16  3.8883127e-16  -1.0408081e-15  -4.2050601e-16  -6.2958056e-16  
5.2494800e-17  -9.5814079e-16  3.2677296e-16  5.1649589e-17  8.3918955e-17  4.1727637e-16  1.0000000   8.1160261e-17  -4.6773975e-16  -6.8616994e-17  -2.3995154e-16  
-3.7092295e-17  1.4068526e-16  6.2426648e-17  -4.7825161e-16  3.5429652e-17  3.9713805e-16  5.9914487e-17  1.0000000   -5.2898822e-16  -1.5774035e-16  -3.1993006e-16  
2.1132824e-17  2.4415911e-16  3.6588913e-16  -1.2829740e-15  7.6376865e-16  -1.0412650e-15  -4.8539178e-16  -4.4192335e-16  1.0000000   -9.9425655e-17  4.6671558e-16  
2.4560787e-16  6.2779954e-17  8.5926260e-17  -6.6512384e-17  -2.5590791e-16  -5.0978914e-16  4.5736239e-17  -1.7270102e-16  -1.4280213e-16  1.0000000   -2.8233239e-16  
9.4214284e-17  8.8332619e-17  4.9760856e-17  8.6570155e-17  4.6207022e-17  -6.1272935e-16  -1.8506222e-16  -3.6486643e-16  4.6942269e-16  -4.6443134e-16  1.0000000   
