1.0000000   1.6524904e-16  -1.5103967e-16  1.3827389e-16  -1.5227788e-16  -9.8305433e-18  -4.6400678e-16  -1.8523294e-16  -4.5470632e-16  2.8316459e-16  7.6872038e-17  
1.7182318e-16  1.0000000   1.9446054e-16  -3.2292950e-16  2.0828584e-16  9.0673769e-17  -1.6324059e-16  -4.0999304e-17  2.8445202e-17  -5.2135881e-17  2.3679378e-16  
-8.5898088e-16  1.9256107e-16  1.0000000   -2.3408471e-17  -7.8126851e-16  1.4901832e-17  -1.4413441e-16  -4.4419247e-16  2.3436785e-17  4.3258732e-16  3.1654791e-17  
1.7128970e-17  -4.5014647e-16  -3.1610409e-16  1.0000000   1.3210753e-15  -1.2465544e-16  7.6042513e-17  3.1637017e-16  3.8649432e-16  -3.9665633e-16  -5.4929515e-16  
-1.5874720e-16  3.5243625e-16  -7.4678453e-16  8.4778428e-16  1.0000000   -6.5954963e-17  -1.3479698e-16  -1.7013055e-16  -1.5779110e-16  3.6334730e-16  -1.8562431e-16  
3.1931413e-17  6.8904602e-17  -1.7555911e-17  -2.2221163e-16  7.0309839e-18  1.0000000   -1.1230743e-15  2.3479855e-16  -1.2983993e-15  -4.0155993e-16  4.6732078e-17  
-3.1687846e-16  -1.9527904e-16  -1.1356557e-16  3.6963558e-17  -1.3839230e-16  -1.0182717e-15  1.0000000   -2.3965208e-16  -8.0690614e-17  2.5663110e-16  -3.0367895e-17  
-3.0954417e-16  -3.8239533e-17  -4.1200096e-16  3.7751530e-16  -2.6557556e-16  2.6733628e-16  -2.2859637e-16  1.0000000   -2.6576675e-16  2.1107905e-16  2.2720175e-16  
-4.2610331e-16  8.7682537e-17  -1.2094402e-17  5.0692588e-16  -8.5730276e-17  -1.2611486e-15  -1.4342849e-16  -3.0166842e-16  1.0000000   -2.5254061e-16  -3.7352882e-16  
5.4120092e-16  9.5692154e-17  3.6613438e-16  5.4987263e-16  1.3098715e-15  -1.8742381e-16  3.9268535e-16  -2.1330525e-17  -2.1024883e-16  1.0000000   4.4995872e-16  
7.3405424e-17  2.7962170e-16  1.1517312e-17  -9.0216632e-17  1.3760601e-16  1.1918050e-16  9.3431705e-18  2.7024383e-16  -3.5768761e-16  5.5491288e-16  1.0000000   
