1.0000000   -5.3509157e-17  1.9933538e-16  -1.1780394e-16  -4.0598351e-17  1.2690421e-18  -2.1503085e-16  9.8022960e-17  3.6491472e-17  7.8731000e-17  1.3526477e-16  
-1.8054816e-16  1.0000000   2.2884448e-16  -2.9789118e-16  4.9871002e-16  4.1612318e-16  6.9567196e-17  6.5172856e-17  1.8842595e-16  6.3294916e-17  6.4623474e-16  
-3.6107029e-16  2.7036384e-16  1.0000000   5.6089692e-16  -7.4300312e-16  -1.1335948e-15  -5.5305753e-16  4.4268106e-17  4.4104146e-16  -1.3280744e-15  -2.4714403e-18  
2.9927488e-16  -1.5109037e-16  2.3577900e-16  1.0000000   2.2823348e-16  2.4735201e-16  -6.2659694e-16  -1.6646070e-16  1.0359335e-17  -2.6279081e-16  -1.8315830e-16  
-2.9333630e-17  5.5602729e-16  -7.3055374e-16  2.2423396e-16  1.0000000   5.4005466e-16  -1.4640686e-16  3.4815712e-18  2.7650389e-16  9.3814944e-16  1.0592740e-16  
1.6993250e-17  4.5926283e-16  -1.2296685e-15  2.7895743e-16  5.0489215e-16  1.0000000   3.2570725e-16  7.3515439e-17  4.8282072e-16  -4.5955511e-17  2.3633151e-16  
1.6528834e-16  2.4346062e-16  -3.4635736e-16  -6.8281752e-17  -3.0000892e-17  4.2719141e-16  1.0000000   5.1620120e-17  2.3987837e-16  -1.2321264e-15  1.6357080e-16  
1.9111300e-16  4.7098521e-17  5.7316196e-17  -8.0363093e-17  -4.2690087e-17  9.0660750e-17  1.1677988e-16  1.0000000   -4.5181970e-16  1.3402024e-17  -3.9122652e-17  
3.7834748e-17  1.7297497e-16  3.8075820e-16  1.0626565e-16  2.9357229e-16  4.8723388e-16  1.5578288e-16  -4.3498594e-16  1.0000000   -4.7018356e-16  -7.7689438e-16  
3.5541580e-17  -9.8880024e-17  -1.2564126e-15  -1.5125608e-16  9.5888392e-16  -5.6568897e-18  -1.2333155e-15  1.3277347e-16  -5.0616371e-16  1.0000000   -4.8686819e-16  
4.8855590e-17  5.7342000e-16  1.8482322e-16  4.7842353e-17  1.8526643e-16  2.6048635e-16  1.6797566e-16  -8.8084756e-17  -8.5570741e-16  -5.4664627e-16  1.0000000   
