1.0000000   -2.5551641e-16  -5.3297133e-16  3.2997134e-16  -8.1197431e-16  -7.4884621e-17  -7.8372901e-16  -4.3077647e-16  1.2162345e-16  7.3941797e-16  5.0611383e-17  
-2.4518766e-16  1.0000000   5.2678680e-16  -1.1757808e-16  1.6809432e-16  -5.3022585e-16  4.3254485e-16  7.3024752e-16  6.2347632e-16  1.0715351e-16  -1.7839434e-16  
-4.7107823e-16  5.8737738e-16  1.0000000   3.6532120e-16  4.5156825e-16  6.0245946e-18  7.2679119e-16  -1.4125103e-15  5.9925097e-16  2.0905142e-16  -9.3641186e-17  
1.9794351e-16  -2.0531279e-16  2.9321260e-16  1.0000000   -7.2718616e-17  -6.5632141e-16  3.5400609e-17  -5.3453967e-16  5.2956529e-17  -4.7902752e-16  -3.8156611e-16  
-7.4400157e-16  2.7933193e-16  5.2413446e-16  -2.0393123e-16  1.0000000   6.8511131e-16  -1.2197973e-16  -7.0094708e-16  -1.9289516e-16  -2.8693988e-16  6.4282008e-16  
-1.1091030e-16  -4.5124328e-16  -9.5633238e-16  -5.5060987e-16  5.2091592e-16  1.0000000   -5.7959555e-16  5.0350129e-16  1.3793756e-17  5.5981848e-16  5.6415147e-16  
-7.5303774e-16  2.7552075e-16  3.6573504e-16  -9.0548857e-17  -3.8712159e-17  -7.7532104e-16  1.0000000   1.0454651e-16  8.6315562e-16  4.8525179e-16  -4.8077294e-16  
-2.2920473e-16  6.4981627e-16  -1.5725398e-15  -4.1661270e-16  -8.2233500e-16  -2.8524418e-16  -1.7751295e-16  1.0000000   -4.5336115e-16  -5.1305848e-16  4.9006446e-16  
-3.4384853e-17  6.4966661e-16  6.0401258e-16  -8.3861065e-17  -2.3924869e-16  4.6128220e-17  8.3389452e-16  -4.4002762e-16  1.0000000   5.1603526e-16  1.1034993e-15  
8.0997202e-16  1.0293019e-16  8.5285636e-17  -4.9518096e-16  -2.0863876e-16  5.4146426e-16  5.5691656e-16  -5.4180249e-16  5.1570487e-16  1.0000000   7.1284599e-17  
1.2165534e-17  -9.6613028e-17  -1.6510366e-17  -7.0067656e-16  6.3933369e-16  4.9441525e-16  -5.3924659e-16  4.8241406e-16  1.2161513e-15  -1.5000488e-16  1.0000000   
