1.0000000   3.7113334e-17  -1.6278884e-16  1.4086468e-17  -3.9022429e-17  1.6261885e-19  1.1843692e-16  1.7690695e-17  9.6150273e-17  -4.7710194e-18  4.8805086e-17  
1.2941501e-16  1.0000000   -8.9293878e-16  2.2920937e-16  6.9281421e-16  1.4353050e-16  -2.6512081e-16  9.1872512e-16  3.0123074e-16  4.0152768e-16  -4.8700251e-16  
3.3932225e-16  -4.1289688e-16  1.0000000   -2.2110500e-16  -8.6707244e-16  -8.5072730e-16  6.8487966e-16  9.4837789e-16  -5.6518538e-17  -6.2140079e-16  -8.4151347e-17  
-1.7111970e-17  4.0812162e-16  -2.5076806e-16  1.0000000   1.5835641e-15  -9.7518361e-16  -7.3426062e-16  -1.6778646e-16  -5.6543608e-16  -3.1193350e-16  -9.9658551e-16  
-1.4108477e-17  6.7492846e-16  -1.1042353e-15  1.4560253e-15  1.0000000   2.3044238e-16  5.5310283e-16  -6.1656035e-16  -5.9760451e-16  3.7471472e-16  -8.7687985e-16  
6.0604640e-17  6.7575755e-16  -1.1376160e-15  -9.7764901e-16  3.4082970e-16  1.0000000   2.8331316e-17  -3.2578233e-16  5.1375322e-16  1.0845534e-15  1.2932451e-16  
-2.3736846e-17  -8.4710272e-16  1.7729789e-16  -6.9846675e-16  3.8557754e-16  -1.6377618e-15  1.0000000   8.9050152e-16  -9.8885077e-16  9.6208355e-16  -1.0152838e-15  
6.8456978e-17  8.7059908e-16  8.9211888e-16  -1.9263341e-16  -6.1913258e-16  -3.3181810e-16  1.0970593e-15  1.0000000   8.5391633e-16  -5.2373828e-16  3.7433859e-16  
6.6655928e-17  3.5830975e-16  8.9947224e-17  -5.4126092e-16  -5.8666495e-16  6.4078376e-16  -1.2440553e-15  6.1119362e-16  1.0000000   1.7816829e-16  6.9315925e-16  
-9.2521092e-17  4.5037270e-16  -7.9072182e-16  -6.0978936e-16  3.4053847e-16  1.2682855e-15  1.0374397e-15  -5.0384391e-16  7.3882555e-17  1.0000000   2.0019115e-16  
4.6688033e-17  -4.9703699e-16  -4.0483548e-16  -9.2485272e-16  -8.7976738e-16  3.1223598e-16  -8.0929763e-18  3.1380792e-16  5.8803907e-16  1.9649259e-16  1.0000000   
