1.0000000   -3.3819893e-17  -1.0902187e-16  1.0773950e-16  -9.0468053e-17  1.0305349e-16  3.0729320e-16  -2.7817244e-16  -2.1415339e-16  1.5074755e-16  9.1347630e-17  
-2.8434903e-17  1.0000000   1.5728183e-16  2.5811087e-16  9.4599608e-17  -1.0043081e-16  -9.4499546e-17  9.4120535e-17  -1.0518775e-16  -4.2970234e-16  5.3727823e-17  
-2.1046985e-16  9.9778058e-17  1.0000000   -8.8246300e-17  2.1733904e-16  4.9606555e-16  -9.8602318e-17  5.2212846e-16  7.8132244e-16  7.1731376e-16  -3.0335385e-16  
2.0184153e-16  -1.6969423e-16  -1.7877508e-16  1.0000000   5.1602331e-16  1.3509250e-16  -7.3758268e-16  7.3769689e-16  -1.4468214e-15  -1.2239267e-15  6.5373721e-16  
-2.1666547e-18  2.2008287e-16  1.9995744e-16  3.0296547e-16  1.0000000   2.2782681e-16  4.4248357e-16  -4.2496807e-16  -4.0053021e-16  -8.7633904e-16  -7.3420315e-17  
3.1206441e-17  -7.8743754e-17  4.8395696e-16  -7.4167858e-16  4.5696485e-16  1.0000000   4.6772346e-16  -6.4225484e-16  -6.4009333e-16  -4.0696070e-16  -1.4263852e-16  
4.7756540e-16  -7.7791077e-17  -2.0288633e-16  -8.2490395e-16  4.9978768e-16  4.8183887e-16  1.0000000   3.3521894e-16  -7.5399867e-16  -1.7620149e-16  -9.4926592e-17  
-3.2388320e-16  6.9887049e-17  4.9534771e-16  4.9894678e-16  -3.3818792e-16  -5.7867161e-16  4.0200204e-16  1.0000000   -9.5595970e-16  -5.5021755e-16  -2.0477048e-16  
-3.1239431e-16  -1.3044703e-16  7.3341033e-16  -1.3481837e-15  -4.6590413e-16  -8.5245867e-16  -7.2978598e-16  -9.8257558e-16  1.0000000   -1.6400023e-15  2.8771252e-16  
2.6341479e-17  -5.1182676e-16  7.0868130e-16  -9.9485287e-16  -8.9833775e-16  -6.0903021e-16  -1.9199291e-16  -5.9811476e-16  -1.5971945e-15  1.0000000   -3.6940420e-16  
1.0832601e-16  4.8174658e-17  -2.8752635e-16  6.1905442e-16  -1.1100718e-16  -2.2805704e-16  -1.7773190e-16  -2.0217758e-16  2.4852621e-16  -3.3103996e-16  1.0000000   
