1.0000000   -2.5053646e-16  -5.9974307e-16  8.5473817e-17  5.0690785e-16  -4.0165339e-16  2.2633271e-16  -2.9428673e-16  5.5381708e-16  3.7929656e-17  2.2084683e-16  
-2.8613831e-16  1.0000000   4.7788315e-16  9.7060051e-16  1.0163259e-15  -8.4708483e-16  6.5726304e-16  2.6294721e-16  7.2514299e-16  -2.3563836e-16  4.5002064e-16  
-4.2444960e-16  5.1807540e-16  1.0000000   1.8262859e-16  -7.4606331e-16  7.7566113e-16  7.4274251e-16  5.9090139e-16  4.4666215e-17  2.4007192e-16  1.6387822e-16  
1.9628954e-16  9.3119539e-16  -6.2135222e-17  1.0000000   2.0847362e-16  -3.9392754e-16  -1.4217250e-16  -8.2920348e-17  1.0554615e-15  -2.7109514e-16  8.5479864e-16  
3.6802142e-16  1.0874743e-15  -4.3273158e-16  2.1022966e-16  1.0000000   -3.2703367e-16  5.0052404e-16  -1.0768206e-15  8.6749620e-16  1.3429366e-16  3.4176594e-16  
-2.4368779e-16  -8.3509424e-16  5.9110867e-16  -7.0862091e-16  2.0580029e-16  1.0000000   1.6820117e-16  9.8363494e-16  6.6863824e-16  -2.5444186e-16  6.8759474e-16  
1.3888123e-16  6.8254528e-16  7.0333353e-16  -2.3936349e-16  5.5853910e-16  1.3963700e-16  1.0000000   -4.4647861e-16  2.9108024e-16  5.2928930e-16  -2.9713323e-16  
-1.7121096e-16  2.3538720e-16  6.9237163e-16  1.7043439e-16  -1.2006629e-15  1.0982080e-15  -4.5293782e-16  1.0000000   -1.7023697e-16  -1.1259720e-16  1.0328076e-15  
4.4872426e-16  1.0271633e-15  1.8172543e-16  2.2869080e-16  1.9044758e-15  3.2446191e-16  4.7640698e-16  -1.7567932e-16  1.0000000   4.0280695e-16  8.6614540e-16  
1.5313933e-16  -7.6580727e-17  3.4076639e-16  -4.7262119e-16  5.5718139e-16  -3.5251089e-16  5.2835223e-16  1.2076141e-16  3.7625268e-16  1.0000000   1.0398769e-16  
2.0728830e-16  5.0155861e-16  2.1278611e-16  8.3261165e-16  2.8380749e-16  7.1256181e-16  -2.4814593e-16  1.0197379e-15  8.8328426e-16  2.1758921e-16  1.0000000   
