1.0000000   1.9405694e-17  2.8601871e-16  4.1778193e-16  -1.8969162e-16  -8.9808720e-19  1.4602388e-16  5.1228121e-16  4.0800600e-17  1.1642637e-16  3.2166620e-16  
1.5778516e-17  1.0000000   3.3469458e-16  3.8883472e-16  -3.2676368e-16  1.8962116e-16  -5.5356590e-16  1.7370999e-17  -2.7004067e-16  -2.0785402e-16  -1.8607354e-16  
2.5018349e-16  2.7661956e-16  1.0000000   6.7517593e-16  1.7583519e-17  2.8958491e-16  5.7213247e-17  -2.1102492e-16  -1.8474060e-17  -3.0775818e-16  1.6288655e-17  
5.3559576e-16  3.6142857e-16  6.5843129e-16  1.0000000   2.1668295e-16  1.5044331e-18  3.5862429e-16  -8.2227204e-16  2.0886456e-16  8.9557488e-17  -9.2506162e-17  
-2.3266424e-16  -5.8065890e-16  1.1706741e-16  2.5396848e-16  1.0000000   -1.5474460e-16  4.0100848e-16  2.0369449e-16  3.9295084e-16  5.2665144e-16  1.5754420e-15  
-2.7959359e-16  3.7311124e-16  2.9340377e-16  -5.7800546e-17  -2.1273166e-16  1.0000000   -5.5729927e-16  -6.5605719e-17  3.1424724e-16  4.4817698e-17  -6.0565820e-17  
2.7167753e-16  -6.2115696e-16  -2.4702263e-17  3.1853160e-16  3.3907560e-16  -6.5264483e-16  1.0000000   -1.6393319e-16  -1.2980807e-15  -4.5469572e-16  -9.9490796e-17  
6.1507500e-16  -1.7422406e-17  -2.1028347e-16  -7.2564657e-16  2.0873724e-16  -7.4994094e-17  -1.3879638e-16  1.0000000   1.7543691e-16  -5.0597612e-17  7.1208196e-16  
1.8885837e-16  -1.9277127e-16  3.7229411e-17  1.0788160e-16  1.7661019e-16  4.4303724e-16  -1.3807224e-15  3.2863920e-16  1.0000000   3.3867804e-16  1.1548447e-16  
4.4449885e-17  8.0313953e-17  -3.6059567e-16  2.0452259e-16  3.3316172e-16  5.1685900e-16  -4.7285961e-16  -3.6650335e-17  3.7626083e-16  1.0000000   1.5633048e-15  
2.8382403e-16  1.4224043e-16  2.1804110e-17  -1.1996782e-16  1.3647111e-15  3.6835049e-16  -3.4529298e-16  6.7082299e-16  2.0175986e-16  1.6382803e-15  1.0000000   
