1.0000000   -2.7254506e-16  -2.2281687e-17  -6.5645720e-17  -5.5568793e-17  1.7183074e-16  5.3347916e-18  2.6429904e-16  -2.1768583e-16  2.5589782e-16  2.6589820e-17  
-2.0070942e-16  1.0000000   -2.6809861e-16  5.9829904e-16  -1.3483497e-15  5.7472157e-16  -7.6085182e-16  -3.2842602e-17  3.1215549e-16  2.0741532e-16  3.8912832e-16  
2.8057558e-16  -2.8775389e-16  1.0000000   3.6489901e-16  -5.6402161e-16  7.9270761e-16  2.1249964e-16  -1.1075047e-16  1.6018415e-16  2.2881022e-16  -2.6722804e-17  
-1.8175466e-16  -8.5671351e-17  3.1727096e-17  1.0000000   -8.5755718e-16  -9.6533037e-16  5.2915041e-16  -7.6188102e-16  7.7440952e-16  -2.0217418e-16  8.3834112e-16  
7.5428726e-17  -9.9717462e-16  -3.8881019e-16  -7.3025158e-16  1.0000000   3.2095104e-16  -7.7602080e-16  3.8253670e-16  -2.4633331e-16  8.2331150e-16  -1.4696022e-18  
5.2446528e-17  5.0044242e-16  5.2784552e-16  -6.3654755e-16  -3.9054801e-17  1.0000000   7.1651322e-16  4.0180200e-16  -9.8283912e-17  -4.2885684e-16  -4.1770262e-16  
-8.5063338e-17  -6.1451365e-16  2.6384751e-16  -1.1911809e-16  -3.3803969e-16  7.2662501e-16  1.0000000   2.4548461e-16  4.7875995e-16  2.3454879e-16  -1.0746891e-15  
3.1198898e-16  -3.5506219e-17  -2.6925380e-16  -4.6688414e-16  1.6282909e-16  5.1258872e-16  5.0957125e-17  1.0000000   -1.5282857e-16  7.4608621e-17  1.8022066e-16  
-1.4898980e-18  4.5196419e-16  2.0598315e-16  5.5996293e-16  -2.0679274e-16  -1.3947863e-16  6.4781904e-16  -7.8512821e-17  1.0000000   -8.3794222e-17  3.0136246e-16  
2.4789758e-17  2.0059555e-16  2.0793460e-16  -7.5703204e-17  8.7788264e-16  -4.3182894e-16  2.4842231e-16  7.9799959e-17  -7.7555551e-17  1.0000000   -3.4141423e-16  
1.1776513e-16  4.7780788e-16  -2.4504822e-17  7.6372217e-16  -2.0558506e-16  -3.1966264e-16  -1.0621632e-15  2.0078408e-16  3.3338200e-16  -2.9378327e-16  1.0000000   
