1.0000000   2.4048973e-16  -4.5625311e-16  2.6155371e-16  -1.5544558e-16  2.6301059e-16  -1.3732066e-16  -5.5305180e-16  -2.9661744e-16  2.4703401e-16  -3.3139296e-16  
3.1240506e-16  1.0000000   8.3000439e-17  -3.1451091e-16  -6.4330602e-16  2.8132298e-16  4.4075487e-16  -1.8508619e-16  -2.7554983e-17  5.7716116e-17  7.2871117e-16  
2.8827752e-16  7.5917302e-17  1.0000000   3.9460680e-17  4.9758952e-16  -5.5586255e-16  -2.7559031e-16  3.2278087e-17  -2.2462117e-16  -1.2180522e-16  2.7127374e-16  
1.4582677e-16  -6.3340024e-16  -4.9605195e-16  1.0000000   3.8018666e-16  -1.1670478e-16  -3.8238549e-16  1.3212907e-16  6.1590680e-16  -8.9846604e-16  -4.3511114e-16  
2.2960146e-17  -7.3098665e-16  4.9465658e-16  5.7548875e-17  1.0000000   1.8346763e-16  -1.4562447e-15  4.8943239e-16  3.9862599e-16  3.0626307e-17  4.2817613e-16  
7.3651117e-16  3.9942290e-16  -1.0530403e-15  -1.4114075e-15  2.2321310e-16  1.0000000   -1.0580109e-15  4.9014731e-16  -4.7920032e-16  4.4301791e-16  -2.9617901e-16  
-1.5980538e-16  4.9497868e-16  -3.3995934e-16  -3.8394680e-16  -1.5187607e-15  -9.8092529e-16  1.0000000   -1.4832521e-16  2.2218410e-16  -2.6389486e-16  -4.2425392e-16  
-5.5565020e-16  -2.4867234e-16  -8.5553871e-17  4.3418438e-17  4.2670517e-16  5.9588858e-16  -1.4570891e-16  1.0000000   -1.0279207e-16  3.7021919e-16  6.4070689e-16  
-2.6946200e-16  1.5224297e-18  -3.2979724e-16  5.2891978e-16  3.8781109e-16  -2.8901153e-16  3.5547996e-16  -5.7364530e-17  1.0000000   1.1050952e-16  3.4876582e-18  
3.3553236e-16  -9.5938289e-18  -7.0308318e-17  -8.4808372e-16  5.1684891e-17  5.0938436e-16  -3.1830937e-16  3.4123567e-16  6.2162908e-17  1.0000000   7.5919034e-17  
-1.7271435e-16  7.1826495e-16  3.4282430e-16  -1.8660525e-16  4.5059245e-16  -4.1304732e-16  -4.3865441e-16  6.2434321e-16  -1.5359884e-17  6.1096063e-17  1.0000000   
