1.0000000   -1.1989160e-16  -5.2624709e-17  4.8044931e-16  2.1691861e-16  -4.6285962e-16  1.6459511e-16  -1.5351860e-16  2.3656891e-16  1.3287846e-16  1.1160130e-16  
-1.8987145e-16  1.0000000   -5.5283360e-17  2.2099567e-16  4.9429077e-16  -5.8349251e-16  4.2081153e-16  4.3948597e-16  -6.4717390e-16  -9.8301762e-16  2.8093984e-16  
-1.7241380e-17  -1.7962328e-17  1.0000000   1.6986882e-16  -1.6419339e-16  -3.5283682e-16  -6.5197846e-16  -1.8265718e-16  9.7178285e-16  2.6207428e-16  -7.2146878e-17  
1.8016978e-16  1.9020888e-16  5.1108628e-17  1.0000000   -9.0915703e-16  1.6537320e-15  2.8711926e-16  -5.9011277e-16  2.3425876e-16  1.8755521e-16  -2.6323211e-16  
3.3479314e-16  5.4837670e-16  -3.0534250e-16  -9.0936005e-16  1.0000000   -4.1372390e-18  5.9523050e-16  2.4204266e-16  -4.8445721e-16  -4.7102839e-16  -7.5499091e-19  
-7.4381236e-16  -4.6407733e-16  -3.2549049e-16  1.5486121e-15  2.1801220e-17  1.0000000   1.0705906e-15  3.7005682e-16  -2.1413021e-16  2.8678928e-16  3.5612145e-16  
2.8489985e-16  -4.8766786e-16  -6.9780819e-16  4.9904116e-16  5.3173531e-16  9.8541440e-16  1.0000000   -2.7864338e-16  1.3034011e-15  6.4668780e-16  5.8379205e-17  
2.4765366e-16  -1.8345500e-16  -6.1037062e-17  -5.5576550e-16  4.7382835e-16  -1.3055041e-17  -5.8607835e-16  1.0000000   -6.3753438e-16  -1.0516248e-15  -6.6577721e-16  
-1.1861259e-18  -4.4286835e-16  9.5379703e-16  1.2734508e-16  -4.9627023e-16  -1.9813882e-16  1.3260620e-15  -6.4203677e-16  1.0000000   -1.4245228e-16  -4.8148910e-16  
3.9132646e-18  -1.0008837e-15  3.4308643e-16  3.5820294e-16  -3.3355016e-16  2.7751280e-16  6.1649627e-16  -1.0471225e-15  -2.0618009e-16  1.0000000   -3.5097932e-16  
6.0436145e-17  3.8409699e-16  -7.3771488e-17  -1.8771447e-16  2.9461368e-17  4.6024721e-16  1.1652039e-16  -7.1514399e-16  -4.9637740e-16  -2.7346734e-16  1.0000000   
