1.0000000   -1.6798388e-16  -7.9091089e-17  1.4496389e-16  9.9488115e-17  3.1103650e-16  2.5310824e-16  -8.0837951e-17  5.7352603e-17  2.5419796e-17  -7.1535436e-17  
1.4417699e-16  1.0000000   3.6938188e-16  -1.2585462e-16  3.7385600e-16  4.6188610e-16  3.2195331e-16  9.2256016e-17  -3.9470786e-16  -2.0216188e-15  -5.6253999e-16  
-3.3241664e-16  4.7827080e-16  1.0000000   -4.1436044e-16  -4.0943322e-16  -2.5008705e-16  -1.2121761e-15  4.8057099e-17  -1.6374782e-16  5.5562905e-16  -5.3998943e-16  
2.3229235e-16  -4.7511296e-17  -4.7016099e-16  1.0000000   -5.1320899e-17  2.2830554e-16  -1.0920957e-15  7.1729468e-16  -1.5328233e-15  2.6198797e-16  2.7729656e-16  
-3.7826283e-17  3.4342538e-16  -1.3158963e-16  -2.1622428e-17  1.0000000   9.5202711e-16  -5.4202534e-16  9.9794222e-17  5.3906491e-16  4.5582879e-16  7.7572124e-17  
1.4047086e-16  1.1891989e-16  -8.4150434e-17  2.7564294e-16  8.6126688e-16  1.0000000   4.9584279e-16  -2.6252380e-16  -5.5782930e-16  -3.4502537e-17  2.6034659e-16  
1.8544898e-16  9.3054563e-17  -1.0350283e-15  -1.1151791e-15  -5.3709881e-16  5.8887683e-16  1.0000000   4.2693777e-16  -4.6298186e-16  -3.9844796e-16  -7.6271675e-16  
9.3486243e-17  1.0989315e-16  1.6429796e-16  6.7961415e-16  1.6118530e-16  1.0307440e-16  2.6946792e-16  1.0000000   5.3596931e-16  5.0530761e-16  2.6805025e-16  
-5.0547236e-17  -3.7913511e-16  -8.9425259e-17  -1.5182391e-15  5.5473900e-16  -6.2900225e-16  -5.4444968e-16  3.6044327e-16  1.0000000   5.0879578e-16  7.6310977e-16  
-1.4523787e-16  -1.7137154e-15  2.4411742e-16  4.9214932e-16  2.4313873e-16  -8.7638989e-16  3.0790432e-16  4.5320755e-16  4.4304862e-16  1.0000000   -1.0179015e-15  
7.8007335e-17  -4.8501615e-16  -5.5891893e-16  9.3011841e-17  7.2179489e-17  7.6898733e-17  -5.8165498e-16  4.0745165e-16  7.1462476e-16  -9.8921929e-16  1.0000000   
