1.0000000   9.5043814e-18  1.2941854e-16  3.5405337e-17  -4.8081227e-17  5.9582125e-18  -1.4494131e-17  -6.1772925e-17  -3.2576379e-18  3.8695129e-17  -8.0685606e-17  
-1.4096833e-16  1.0000000   -2.4815624e-16  -5.8855961e-16  5.7105175e-16  -5.3775013e-16  -1.2553905e-16  -1.6884011e-16  3.7593868e-16  2.1726050e-16  6.5231864e-16  
-1.3304547e-16  -3.4892995e-16  1.0000000   5.6088493e-16  -4.4646197e-16  -3.3204778e-16  -2.2041138e-16  4.7258954e-16  -1.9715145e-16  2.3938199e-16  -2.5576160e-17  
-9.8980143e-18  -6.7025566e-16  4.7920766e-16  1.0000000   -4.2124753e-16  -5.0422574e-16  7.1280465e-17  -2.4583432e-16  3.8238542e-16  -6.6560939e-16  3.1817522e-17  
1.0528959e-17  5.0954790e-16  -4.6220503e-16  -4.0308646e-16  1.0000000   -1.3105572e-16  1.4668790e-16  -7.9057004e-16  -5.3943240e-16  7.5054525e-16  -7.6125561e-16  
-6.3412310e-17  -5.3930603e-16  -2.8457330e-16  -5.5627014e-16  -5.3130797e-17  1.0000000   -7.5184861e-16  3.4381051e-17  1.8946826e-17  3.4630232e-16  -3.7161681e-16  
-5.4478406e-17  -2.4777194e-16  -9.6367169e-17  2.1669294e-17  1.6925340e-16  -7.5131065e-16  1.0000000   -4.6478393e-16  3.2009102e-17  1.8974266e-16  -9.5699534e-16  
6.3182795e-17  -2.9339590e-16  7.9462634e-16  -1.1210683e-16  -8.2675237e-16  4.7654475e-17  -5.0048944e-16  1.0000000   9.1341417e-17  -4.6640818e-17  5.1400970e-17  
1.8523493e-16  3.0265172e-16  -1.9350555e-16  2.7394278e-16  -5.1157774e-16  -4.6483015e-17  1.7809999e-16  1.8366289e-16  1.0000000   3.5496775e-16  2.0691822e-16  
-2.7420069e-17  1.3900868e-16  2.6781084e-16  -7.0509161e-16  9.0960340e-16  3.3066535e-16  2.1431882e-16  -1.1684520e-16  4.1111446e-16  1.0000000   -4.8332081e-16  
4.4780329e-17  6.0626130e-16  -2.1346077e-17  1.3073107e-17  -7.6712725e-16  -2.8341564e-16  -9.6356626e-16  7.7371828e-17  1.9087124e-16  -3.6591993e-16  1.0000000   
