1.0000000   -1.1200048e-16  8.3821685e-16  5.0465788e-17  2.3611339e-16  -2.0910140e-16  3.1232940e-17  -1.4230019e-16  8.8646449e-18  -5.5357078e-17  -1.7407928e-17  
-3.4522856e-17  1.0000000   -4.0126942e-16  -4.7889665e-16  -1.2359163e-16  8.5364026e-17  -2.4452830e-16  -4.1039141e-17  -1.5606033e-16  -7.2841834e-17  -1.5498326e-16  
4.9065904e-16  -3.1929392e-16  1.0000000   -7.3014889e-17  9.1152603e-16  -1.8179948e-16  -1.2879617e-16  -5.1278498e-17  2.5684399e-17  -2.7105953e-16  -1.9943989e-16  
-1.9357083e-16  -4.0880358e-16  -5.2548517e-17  1.0000000   -2.3448461e-16  5.6731048e-16  -3.8464521e-16  4.3317546e-16  1.1357256e-17  -5.8893880e-16  1.1108875e-15  
3.4509641e-16  9.2213680e-17  8.3556658e-16  -1.4555774e-16  1.0000000   4.2392656e-16  3.8471664e-16  1.1450511e-16  3.4312942e-16  -8.4416546e-16  -3.8948179e-16  
-1.9907724e-16  -6.2041503e-17  -2.1971099e-16  5.5879548e-16  1.7580201e-16  1.0000000   -7.6939458e-16  -3.2314863e-16  -5.0278720e-16  -4.8727241e-16  5.0977209e-17  
2.5261439e-17  -3.3213720e-16  -9.2617776e-17  -4.7500029e-16  2.5876271e-16  -7.5298805e-16  1.0000000   3.2845893e-16  -5.7519666e-16  -1.8905214e-16  3.2758164e-16  
-3.4638276e-16  -4.8015607e-17  -3.5900060e-17  4.9649923e-16  6.4744850e-17  -4.7855725e-16  3.4556239e-16  1.0000000   2.1341723e-16  1.9510730e-16  -1.4544948e-15  
1.5578030e-16  3.0994593e-17  1.1098723e-16  8.0510177e-17  5.3994962e-16  -2.1893368e-16  -4.2252361e-16  3.3147470e-16  1.0000000   -1.2960620e-15  -3.8616232e-16  
-8.3799972e-17  2.5374752e-16  2.9669178e-17  -6.4781035e-16  -9.2947236e-17  3.0957786e-16  3.0799233e-16  1.3599456e-16  -1.0166001e-15  1.0000000   -1.8067890e-16  
-1.2735638e-17  -8.6114232e-17  -2.0282326e-16  1.0895317e-15  -1.3212285e-16  2.1624793e-16  3.5341980e-16  -1.3588413e-15  -1.3943179e-16  -2.0674888e-16  1.0000000   
