1.0000000   1.6449094e-16  1.3993968e-16  3.6699330e-16  -3.3301070e-16  8.2303659e-16  1.5288596e-16  -2.0824331e-16  -2.4507610e-16  -1.5571949e-16  -1.7378703e-16  
4.5485544e-17  1.0000000   7.3649336e-17  -4.9526863e-16  -1.3096381e-16  -2.8648246e-17  -8.1099699e-17  3.1664854e-16  -6.3259582e-16  3.8368587e-16  -8.6714998e-17  
-1.2414935e-16  3.6401999e-16  1.0000000   -4.8045859e-16  -2.4801818e-16  2.2664276e-16  -3.8243412e-16  9.6660157e-17  -9.4563559e-16  -2.8051793e-16  -3.5777316e-16  
2.5494796e-16  -6.7235887e-16  -4.2249663e-16  1.0000000   -7.8534791e-16  -1.0295070e-16  -6.4936705e-16  1.4185364e-16  -3.9309761e-16  -6.8960771e-16  -1.6250920e-16  
-3.7607351e-16  4.3715069e-17  -7.8198492e-17  -1.0353281e-15  1.0000000   2.3916028e-17  -6.7521247e-16  -4.9123099e-16  4.8115991e-17  1.2302093e-16  9.9841044e-17  
5.4158988e-16  -2.2036810e-16  4.1007341e-16  -1.1603853e-16  -2.1421424e-17  1.0000000   -7.1417240e-17  1.4179352e-15  -3.7309461e-16  5.7702809e-16  -1.8698803e-16  
1.1935182e-16  -1.0788617e-17  -3.2349868e-16  -7.0478024e-16  -6.8253474e-16  -2.2487701e-16  1.0000000   -4.3902131e-16  1.1261610e-16  -6.8295336e-16  -2.7743145e-16  
-3.2410592e-16  4.8722722e-16  -7.7830046e-17  -2.4921695e-16  -3.6346119e-16  2.9462358e-16  -4.0804065e-16  1.0000000   -1.3401675e-16  -2.0124713e-16  1.5939466e-17  
-1.3443677e-16  2.9574863e-17  -6.8370656e-16  -6.4161175e-16  4.6088449e-17  -9.9163588e-16  2.2103158e-16  4.8007679e-16  1.0000000   1.0663674e-16  -4.7764950e-16  
-1.3023565e-16  7.4322451e-17  -2.6730351e-16  -5.8981667e-16  7.4836792e-17  7.5006310e-16  -5.2321850e-16  -3.4231122e-16  1.5791001e-16  1.0000000   4.9522104e-16  
-3.5519627e-16  -1.2488273e-16  -4.1314201e-16  1.3220490e-17  1.5998292e-16  8.3269310e-16  -1.5598832e-16  1.1875402e-16  7.7139291e-18  2.6631245e-16  1.0000000   
