1.0000000   1.8213075e-16  1.2142043e-16  -8.5010446e-17  7.6975657e-17  8.7059279e-17  -1.0042024e-16  9.2045441e-17  -5.3836716e-17  2.2286820e-16  1.7790000e-16  
1.4689671e-16  1.0000000   -3.1184469e-16  -4.8749147e-17  -2.5612524e-16  2.3658524e-16  -5.4592227e-16  1.3327793e-16  -1.8389398e-16  2.8925871e-16  5.2129425e-16  
-3.4120290e-16  -3.4130201e-16  1.0000000   1.3047920e-16  7.8520399e-16  -1.5506658e-15  -2.0871888e-15  7.2178899e-16  -8.5386570e-16  -2.0809943e-16  7.5709414e-16  
1.2542235e-16  -1.1500454e-16  9.2293574e-17  1.0000000   4.6584622e-16  3.7208293e-16  3.1981572e-16  -4.8708107e-16  6.4087232e-16  5.4772879e-16  3.4306401e-16  
2.1584536e-16  2.0244529e-17  7.4786902e-16  5.1446808e-16  1.0000000   2.7207232e-16  1.3020543e-16  -1.0142642e-16  1.3867754e-16  -2.0937024e-16  2.5391297e-16  
6.2112978e-17  2.2143762e-16  -1.4280520e-15  5.0590111e-16  3.7107664e-16  1.0000000   -6.0373584e-17  2.5795383e-16  4.4159933e-16  4.0603009e-16  -4.7500591e-16  
-9.1700606e-17  -3.2672752e-16  -2.0467826e-15  3.6318466e-16  5.4541035e-16  -2.4233922e-16  1.0000000   -8.2775625e-16  1.3621841e-15  -4.2925851e-16  4.5420956e-16  
2.7631603e-16  1.5514976e-16  7.7376468e-16  -4.7365355e-16  -1.0968269e-16  2.3134695e-16  -7.1574223e-16  1.0000000   -2.0536637e-16  -6.6516994e-17  7.3499166e-16  
1.2413617e-16  -2.5139165e-16  -8.3481507e-16  5.0181003e-16  9.6488275e-17  4.8290690e-16  1.2782645e-15  -1.9285007e-16  1.0000000   1.1378537e-15  -8.2251812e-16  
1.4141450e-16  2.9305684e-16  -2.5938662e-16  5.2276146e-16  -1.7373926e-16  2.5361585e-16  -3.8930180e-16  -4.6868795e-17  1.2866107e-15  1.0000000   1.5305021e-15  
7.3415098e-17  7.5987630e-16  6.4391191e-16  3.0212797e-16  -5.2859867e-16  -3.5862274e-16  5.9066996e-17  7.7042305e-16  -7.0754695e-16  1.5371361e-15  1.0000000   
