1.0000000   -1.2853957e-16  -5.3150101e-16  8.8971193e-17  4.8330693e-17  -1.6168910e-16  4.8217169e-17  -4.9846280e-17  8.0097998e-17  -5.5383144e-17  -1.6451185e-17  
-1.6165739e-16  1.0000000   -4.8142340e-16  -3.9912545e-16  4.8513764e-16  5.6964269e-16  -8.4307175e-16  2.1068057e-17  -1.9389457e-16  -2.6387441e-16  -7.6456998e-16  
6.6160605e-16  -5.5332471e-16  1.0000000   -1.9475125e-16  1.8580434e-16  -5.0405329e-17  -6.1171769e-16  5.3837633e-17  5.7288442e-16  -3.2319279e-16  1.0422867e-16  
-3.7929188e-17  -3.1156858e-16  -8.9563933e-17  1.0000000   -5.3917164e-16  3.0396827e-16  1.5926502e-16  -1.0535742e-15  -1.1893288e-16  4.0533271e-16  2.3532163e-16  
-1.7237277e-16  4.3560483e-16  2.5455652e-16  -5.9805383e-16  1.0000000   -1.9866386e-16  4.0854649e-17  -3.8537623e-16  -1.6680721e-16  2.3677356e-16  1.6737667e-16  
-1.2538455e-16  6.0731788e-16  1.4787765e-16  4.6779952e-16  -1.7397520e-16  1.0000000   3.3712332e-16  1.8190344e-16  7.5125322e-17  2.6301198e-16  7.2521055e-17  
2.0945485e-16  -6.8329101e-16  -2.1023313e-16  1.9862601e-16  1.4907032e-16  2.9338318e-16  1.0000000   1.0686946e-15  -1.1316735e-16  -2.6802353e-16  -2.0009205e-16  
-1.2646515e-16  -3.1621390e-17  -1.6603508e-17  -1.1470739e-15  -3.3288511e-16  2.6396412e-16  1.1501826e-15  1.0000000   -1.1313560e-16  8.6585589e-16  -5.5517123e-16  
3.1694186e-17  -1.5111053e-16  7.1901464e-16  -6.4437087e-17  -2.3221085e-16  -4.6060643e-19  -7.0340495e-17  9.4378760e-18  1.0000000   -8.5405612e-16  -7.8776690e-16  
-1.7790068e-16  -2.2975221e-16  -3.3883530e-16  4.1437575e-16  2.2823443e-16  4.1512405e-16  -2.6667440e-16  6.6558137e-16  -8.4563912e-16  1.0000000   7.2670366e-16  
-2.2375133e-17  -7.3788243e-16  9.7879739e-17  1.8073566e-16  1.6264843e-16  -1.6992963e-17  -7.8175212e-17  -5.4435970e-16  -8.5550455e-16  8.6246864e-16  1.0000000   
