1.0000000   1.5577407e-17  -8.5221170e-17  1.7202165e-16  -8.0755329e-17  -8.6975236e-17  -1.5554161e-16  -3.5655074e-17  -1.6500014e-16  -1.5776076e-16  1.3825557e-16  
-6.8510952e-18  1.0000000   7.4090784e-17  3.3384514e-16  -4.2968864e-16  3.3138736e-16  -4.2254298e-16  -1.0765420e-16  -9.4515056e-17  1.5815203e-16  1.9375598e-16  
-1.9528253e-16  5.7115390e-17  1.0000000   7.9564821e-16  2.1319551e-15  4.9591467e-16  1.0631181e-15  3.5158792e-16  -7.6983350e-17  -1.1943813e-16  1.3842975e-16  
1.1577923e-16  1.7860012e-16  6.6277197e-16  1.0000000   -6.4229934e-16  3.3771532e-16  -9.8669467e-16  -3.1385735e-16  8.0928879e-16  3.1756230e-16  5.9414203e-16  
-1.6996979e-16  9.4911713e-17  2.2161894e-15  -9.2338176e-16  1.0000000   2.3064668e-16  -7.5413857e-17  -1.3782942e-17  1.3897801e-15  4.4887131e-16  1.0269720e-15  
-7.2077580e-17  8.2839584e-17  4.1211245e-16  4.5976845e-16  2.3404256e-16  1.0000000   6.9211222e-17  -7.5905401e-17  8.1310253e-16  6.0363563e-16  1.8074074e-16  
-3.5047359e-16  -4.3152772e-16  1.0347783e-15  -1.1114002e-15  -2.9860998e-17  -2.6001640e-18  1.0000000   -1.5547068e-16  -8.5431464e-16  7.7768228e-16  -5.8982628e-16  
2.7991731e-17  -9.8317201e-17  4.1762281e-16  -2.8459415e-16  -2.5287098e-17  -3.0151589e-17  -1.6287447e-16  1.0000000   7.2234734e-17  3.8709452e-16  -2.5015803e-16  
-3.5209663e-16  -3.7409080e-17  -8.4068791e-17  6.2689838e-16  1.4228873e-15  5.8281375e-16  -8.1548092e-16  9.4670837e-17  1.0000000   7.7112503e-16  1.8767590e-15  
-3.2878596e-16  -3.7619880e-17  -2.5430338e-16  9.3363789e-16  2.8705974e-17  8.6210600e-16  6.8945194e-16  4.1278712e-16  7.7254589e-16  1.0000000   -9.2931934e-16  
1.6673441e-16  2.6285999e-16  9.3654739e-17  4.8888890e-16  1.1247131e-15  2.6214907e-16  -5.8972717e-16  -8.9531740e-17  1.8794441e-15  -9.9864099e-16  1.0000000   
