1.0000000   -2.3687218e-17  -1.0120464e-16  9.5378444e-17  1.5698989e-16  -1.9782432e-17  5.6637011e-16  -3.0913549e-16  1.2634786e-16  -1.0966228e-16  1.2702763e-16  
-5.6614812e-17  1.0000000   -5.9737616e-18  2.8736125e-16  2.7375998e-16  4.4962582e-16  7.2378172e-17  5.2005231e-17  5.4649779e-16  1.9251380e-16  -8.2512872e-17  
1.3526704e-17  3.1956225e-18  1.0000000   4.7619909e-16  -9.9609753e-16  -5.3749811e-16  4.4349838e-17  -5.4219561e-16  -7.8112157e-17  -2.9393071e-16  -5.9850501e-17  
2.2942678e-17  2.3135020e-16  5.1813667e-16  1.0000000   -4.7594321e-16  2.0341822e-16  -1.4518542e-18  -4.6804605e-16  -1.5814108e-16  -1.0335950e-16  2.4111640e-16  
2.0207903e-16  2.6187008e-16  -1.0425199e-15  -4.2353993e-16  1.0000000   3.2249378e-16  -8.2942908e-16  -8.2511134e-16  1.0649338e-16  -7.0969907e-17  9.8356089e-17  
5.0740179e-17  5.6342528e-16  -4.3608901e-16  1.0605602e-16  4.5892393e-16  1.0000000   -1.0096558e-15  2.4444115e-16  5.3522381e-16  2.7412473e-16  4.0148388e-16  
8.6204689e-16  1.5010641e-16  -1.8968261e-16  -2.1029380e-17  -6.8404502e-16  -5.6491731e-16  1.0000000   5.0281297e-16  -4.7562144e-16  2.2997564e-16  4.1211583e-16  
-4.0924489e-16  -1.4427091e-18  -4.0357509e-16  -4.8490209e-16  -7.9088188e-16  -1.2100816e-16  5.6438862e-16  1.0000000   -2.3681121e-16  -3.1091162e-16  -7.1080294e-16  
1.4982216e-16  4.8973156e-16  -6.1042855e-17  -1.5468170e-16  1.1096114e-16  4.4895564e-16  -4.1020354e-16  -1.8894946e-16  1.0000000   6.3259177e-16  2.5116941e-16  
-1.2276681e-16  1.6486214e-16  -2.2533564e-16  -1.4488683e-16  -1.1995014e-16  1.5528978e-16  1.8249480e-16  -2.5139177e-16  6.3897926e-16  1.0000000   -9.0979703e-16  
2.4603978e-17  -1.3790659e-16  2.4935803e-16  3.1961941e-16  1.6216022e-17  -5.0862889e-16  1.1598507e-16  -2.8503252e-16  4.1932684e-16  -9.0264024e-16  1.0000000   
