1.0000000   1.5822318e-16  1.4990496e-17  -4.9357628e-16  4.5144900e-16  5.8476211e-16  -3.4141872e-17  -3.5482203e-17  -4.3312618e-16  -5.0660658e-16  -4.8341107e-17  
1.2659478e-16  1.0000000   2.7790082e-16  -2.1688319e-16  -6.2062487e-16  -5.3224067e-16  -2.2663144e-16  -2.0183016e-16  1.1022359e-16  -1.6122800e-16  6.9123997e-17  
-4.7023022e-16  4.2531180e-16  1.0000000   2.5851637e-16  -9.4009316e-16  1.0877480e-15  -2.1161298e-16  5.4589790e-16  -7.1713695e-16  -2.6854954e-16  5.2344959e-16  
-2.3673704e-16  -2.1887001e-16  1.8311025e-16  1.0000000   3.4840244e-16  4.4691450e-16  -4.0186093e-16  -1.4902834e-16  -6.0316239e-16  -2.6075544e-16  -5.7514808e-17  
7.2951931e-16  -2.2594264e-16  -7.3321898e-16  2.8096622e-16  1.0000000   -1.2826149e-15  -3.5207579e-16  9.2002767e-16  -2.2297523e-16  4.4427934e-16  4.9536571e-16  
5.7104048e-16  -4.4517446e-16  1.3930645e-15  4.9719596e-16  -4.9425750e-16  1.0000000   2.8094811e-16  -3.0917569e-16  -9.9749437e-16  -7.4484291e-16  -7.3920735e-16  
6.8899528e-17  -7.2161335e-17  -2.1752386e-17  -3.6954787e-16  1.6572879e-16  1.8178748e-16  1.0000000   4.8543569e-16  1.1437970e-16  -6.1423890e-16  1.3475405e-16  
-1.5514027e-16  -3.7076435e-16  2.5075481e-16  3.7388005e-17  5.0528868e-16  -3.7973914e-16  7.1865597e-16  1.0000000   4.0491689e-17  4.1951672e-16  -4.7242204e-16  
-6.1575076e-16  2.1034399e-16  -7.0001083e-16  -5.2347566e-16  -1.7535612e-16  -1.0968596e-15  2.5975358e-16  1.6575568e-16  1.0000000   5.0240898e-16  -8.3184014e-16  
-3.3095879e-16  2.8836214e-17  -1.1487157e-16  -2.0397658e-16  7.5902562e-16  -7.2574154e-16  -4.7534644e-16  3.4804087e-16  4.6020124e-16  1.0000000   -1.0280767e-15  
-1.6894938e-16  9.3701875e-17  6.6322583e-16  -1.7395854e-16  5.0077869e-16  -7.1595841e-16  1.9347164e-16  -3.6560780e-16  -8.0069770e-16  -8.6881218e-16  1.0000000   
