1.0000000   -1.1700612e-16  3.3700416e-16  -1.2020461e-16  -3.1708579e-18  -3.7720046e-17  4.5875180e-17  -4.9487319e-17  -3.5508178e-17  -6.0422068e-17  5.7150478e-17  
1.3608456e-16  1.0000000   -5.0845437e-16  -1.2708149e-16  -2.8300353e-16  -2.1656857e-16  -7.3515963e-17  4.7256486e-16  -7.6291325e-18  2.9045416e-17  -6.8513131e-16  
-4.8587846e-16  -5.3169320e-16  1.0000000   -4.3098276e-16  1.8055199e-16  -3.0925810e-16  1.9365747e-17  -2.7382184e-17  -2.0255010e-16  6.5356485e-17  -1.0304665e-15  
3.3775305e-16  -5.8552039e-16  -9.5316609e-17  1.0000000   4.7942647e-17  1.7477371e-16  -2.5944149e-16  1.1369077e-15  -9.5205942e-16  1.4794738e-16  -8.2219455e-16  
-6.8303867e-17  -3.8294038e-16  2.3932698e-16  8.5907048e-17  1.0000000   -1.6006253e-16  -3.7513130e-16  -6.9872277e-18  -2.5346243e-17  4.3227069e-16  -1.7633193e-16  
1.7294729e-17  -3.1187312e-16  -1.2251864e-16  3.4637103e-16  -1.5766127e-16  1.0000000   -5.0609442e-16  1.0794596e-16  3.8963147e-16  -8.6534720e-16  4.7538877e-17  
1.3446461e-16  -1.0124335e-16  1.8797556e-16  8.5547325e-16  -9.2595842e-17  -3.6677765e-16  1.0000000   1.9532863e-16  -6.7142779e-16  -5.2732057e-16  3.3251234e-16  
2.0293743e-16  4.9204516e-16  -4.0500210e-17  9.9230013e-16  2.7833344e-17  1.3745333e-16  3.0578088e-16  1.0000000   -7.2083000e-17  -3.5509755e-16  9.2529879e-18  
-8.3850316e-17  1.1099927e-16  -4.1378639e-16  -1.0197441e-15  -2.8261493e-17  4.4778687e-16  -4.3579724e-16  -7.0632013e-17  1.0000000   4.0140566e-16  4.9164799e-16  
1.4367068e-16  3.5563495e-17  9.8547977e-17  1.6412220e-16  4.3473482e-16  -8.5030289e-16  -3.9896434e-16  -3.3093752e-16  4.2080797e-16  1.0000000   -1.3625880e-16  
1.2384119e-16  -7.6562869e-16  -1.4988470e-15  -9.7861062e-16  -4.8655267e-17  2.8409146e-16  1.1423466e-15  -5.7013788e-17  4.8979172e-16  -9.6905651e-17  1.0000000   
