1.0000000   -1.3016188e-16  -6.8567165e-16  -5.9441319e-16  -2.9524112e-16  -2.4931628e-16  2.8704904e-18  2.2413049e-16  -2.5579028e-16  -5.0326086e-16  8.4530924e-17  
-1.4815497e-16  1.0000000   -3.3423301e-16  2.2863781e-16  1.3549718e-16  4.9031792e-17  -7.8153439e-17  -5.1921526e-16  -8.6154230e-17  -1.9126546e-16  5.3549834e-16  
-8.2698980e-16  -1.8305743e-16  1.0000000   -5.9251923e-16  -8.3009894e-16  -1.0692604e-15  4.4745998e-16  1.7208294e-16  -3.6769515e-17  -9.0485713e-16  -5.3796757e-17  
-6.5248869e-16  7.9764437e-17  -5.8105667e-16  1.0000000   1.2454784e-15  -5.4229713e-16  3.5137064e-17  9.8229639e-16  4.2240215e-16  -1.2730539e-16  1.6134974e-15  
-1.9199816e-16  4.5484053e-17  -7.1854789e-16  1.2310642e-15  1.0000000   1.3699079e-15  -9.6175813e-16  -9.4404135e-17  -1.4509897e-16  -8.6735141e-16  7.0329357e-16  
-3.3367969e-16  -3.2334697e-18  -1.0926371e-15  -6.0920903e-16  1.3086012e-15  1.0000000   -1.8665413e-15  2.3921960e-16  -3.8272787e-18  5.4777405e-16  -1.2062257e-15  
3.2165917e-16  3.1554393e-16  3.4538384e-16  5.9156450e-17  -1.8694222e-16  -1.8045769e-15  1.0000000   -9.6464652e-17  9.5676585e-16  -1.5187021e-15  7.3889225e-16  
4.1932059e-16  -6.2489055e-16  2.7930972e-16  8.4580513e-16  -5.1864107e-16  1.4295481e-16  1.0243795e-16  1.0000000   2.4383876e-16  9.5009182e-16  -4.7201927e-16  
-2.6876899e-16  -2.0095564e-16  4.7674694e-17  3.5103694e-16  -1.4211266e-16  -3.1288100e-17  1.0280090e-15  3.6050903e-16  1.0000000   -3.6559711e-16  7.7846563e-16  
-5.4811018e-16  -2.0658060e-16  -9.2022314e-16  -1.6853437e-16  -7.5183123e-16  4.5806316e-16  -1.7445973e-15  1.0260165e-15  -2.5546985e-16  1.0000000   -1.5682667e-16  
9.1766491e-17  6.3313938e-16  1.4361528e-16  1.4662564e-15  4.1054882e-16  -1.3420932e-15  1.9541914e-15  -1.0902136e-15  7.4556856e-16  -2.5379945e-16  1.0000000   
