1.0000000   5.0396122e-17  -1.0382660e-16  7.0293730e-17  -3.0001112e-18  4.3934794e-17  -4.8237575e-17  1.2597710e-16  8.5898486e-17  -5.3491919e-17  1.1385657e-16  
6.5808502e-17  1.0000000   -2.7593392e-16  -3.5334886e-16  -1.9617005e-16  1.0273690e-16  1.1795841e-16  1.5105480e-16  4.9340104e-16  -4.5937826e-16  3.2542520e-16  
1.8232866e-16  -2.3907014e-16  1.0000000   9.9570140e-16  8.7859431e-16  1.3360726e-16  9.0312164e-16  -4.0989099e-16  -1.2010674e-16  2.7297738e-17  3.1997940e-17  
-1.1098237e-16  -3.0960720e-16  8.4269966e-16  1.0000000   -1.2082364e-16  -7.4899120e-16  2.7123876e-16  6.1647830e-16  6.1037603e-16  5.0285165e-16  7.0293283e-16  
1.4699330e-16  -8.6560086e-17  9.1865490e-16  -1.2907208e-16  1.0000000   1.7117847e-17  -2.6975512e-16  4.2449127e-16  1.5024417e-18  -6.3966855e-16  -3.2781235e-16  
-9.9508888e-18  4.0575850e-16  -2.2428367e-16  -4.9557919e-16  -1.3649540e-16  1.0000000   -8.6862223e-17  -5.7915598e-16  -8.2972441e-17  2.9190088e-16  -7.5772885e-16  
-3.1105527e-17  1.6013199e-16  8.2161398e-16  3.8627905e-16  -2.6386981e-16  -1.3753854e-16  1.0000000   -3.8847694e-17  1.2855202e-16  -4.2578439e-16  5.1895794e-16  
-9.7639341e-17  1.1749897e-16  -4.7801244e-16  6.9218660e-16  5.8949865e-16  -6.4829163e-16  2.2958466e-18  1.0000000   -1.8658062e-16  -1.0762329e-16  6.5296645e-16  
-1.6788907e-16  5.1710300e-16  -2.0673238e-16  6.6632107e-16  1.9420328e-16  -9.0249433e-17  1.2565835e-16  -3.0548561e-16  1.0000000   -5.6561864e-16  -1.2688554e-17  
-2.7297566e-17  -4.7921085e-16  2.4099308e-17  5.0785365e-16  -6.3783866e-16  3.4131481e-16  -5.0194563e-16  -1.9583205e-16  -6.6989213e-16  1.0000000   2.6983759e-16  
1.4105465e-16  7.6279896e-17  2.8359955e-16  1.9327592e-16  -2.9376010e-16  -3.0970693e-16  6.0869865e-16  6.6305615e-16  -7.1979166e-17  2.6035760e-16  1.0000000   
