1.0000000   -1.8409289e-18  -5.4995880e-16  -4.2328302e-16  6.1333823e-16  -3.2721947e-16  7.6213522e-17  -1.9261551e-17  1.5350175e-16  1.4651093e-17  -4.5238161e-16  
-2.8270040e-17  1.0000000   -2.9239354e-16  -3.8841184e-17  -3.7490527e-16  -3.3844484e-17  7.6141559e-16  4.2434934e-16  1.0005404e-16  -3.0324527e-17  -2.7444015e-16  
-4.8178403e-16  -2.7576225e-16  1.0000000   7.5971942e-16  7.9099667e-16  -6.9127159e-16  -4.4276847e-16  2.9219667e-16  -1.0806969e-16  -4.3870824e-16  -7.0094570e-16  
-4.0090588e-16  -1.8317016e-17  7.8256793e-16  1.0000000   -1.8267140e-16  2.6737856e-16  8.5962410e-16  -1.6282614e-16  1.2892435e-16  1.0155186e-15  -3.7570940e-16  
5.8476562e-16  -2.6165867e-16  1.0133027e-15  -2.2119916e-16  1.0000000   2.5341768e-16  -2.8940596e-16  3.2039339e-16  -4.5352119e-17  8.7196676e-16  -3.6721642e-16  
-2.2998507e-16  -1.1532335e-16  -7.3656171e-16  1.8226056e-16  -6.5242320e-17  1.0000000   8.0472175e-16  2.1940997e-16  4.2224096e-16  -2.8872070e-16  3.1126721e-16  
2.2134405e-16  7.6272782e-16  -5.3022466e-16  8.0333430e-16  -7.6860754e-17  8.1917653e-16  1.0000000   1.5526317e-16  5.3247755e-16  9.3826536e-17  4.2403880e-16  
1.6221159e-16  4.1233894e-16  4.5216415e-17  -1.0950807e-16  6.0817250e-16  2.7218017e-16  1.5425519e-16  1.0000000   4.7855603e-16  7.6360603e-17  -1.8261099e-16  
-1.4665012e-16  9.6556237e-17  -1.7389237e-16  9.7870893e-17  -1.2866242e-16  3.8641757e-16  6.2838933e-16  2.6928964e-16  1.0000000   -3.3279996e-16  5.4547736e-16  
9.0720150e-17  -4.0565805e-17  -2.2362658e-16  1.0900769e-15  8.2307910e-16  -4.1294938e-16  8.9407822e-17  9.3056892e-17  -3.0138793e-16  1.0000000   -1.6553904e-16  
-4.1727082e-16  -2.9131806e-16  -6.3994281e-16  -3.5284619e-16  -2.7522663e-16  3.9534043e-16  3.6215561e-16  -1.3263392e-16  6.0121552e-16  -1.8814635e-16  1.0000000   
