1.0000000   -2.8691686e-16  1.3917287e-17  1.8493489e-16  3.2210809e-16  5.3266797e-16  1.9181178e-16  -1.0177194e-18  -1.7031473e-16  4.6647638e-17  -7.2722268e-16  
-1.4621602e-16  1.0000000   -4.6499081e-16  5.4410841e-16  -2.2750891e-16  -9.7566831e-17  2.9670505e-16  1.0325211e-15  2.9163812e-16  6.5318229e-16  -7.4003919e-17  
-1.0144391e-15  -4.9059038e-16  1.0000000   -5.7693144e-16  7.4824232e-16  3.6551537e-16  -1.2396481e-16  -5.9426759e-16  -4.6946351e-16  1.1831914e-15  -6.8834789e-16  
6.6282090e-17  5.5383616e-16  -5.7677477e-16  1.0000000   4.3102467e-16  3.5207976e-16  3.8452986e-16  3.2883476e-16  2.9477480e-17  -4.6854363e-16  3.0003389e-17  
3.2560457e-16  -2.8442009e-16  6.8757082e-16  4.0635339e-16  1.0000000   -1.0204687e-15  -6.1579337e-16  3.5593119e-16  1.2090595e-16  7.3380572e-16  3.5490718e-16  
2.7163469e-16  -4.2502257e-16  3.0917209e-16  3.7601254e-16  -1.0593716e-15  1.0000000   2.3021231e-17  2.0138638e-18  -3.5559172e-16  7.8226165e-16  9.1035290e-17  
5.4522775e-16  2.2909701e-16  -3.2774790e-17  2.8105665e-16  -6.1905744e-16  -1.0264544e-17  1.0000000   -2.0793655e-16  1.3429719e-16  3.0381471e-16  -2.0042663e-16  
-2.0292884e-16  1.1221809e-15  -6.6870397e-16  2.4747864e-16  3.3131938e-16  9.5596047e-17  -2.4096346e-16  1.0000000   -1.3090761e-15  8.2268592e-16  7.7534537e-17  
-3.3204982e-16  4.8581281e-16  -5.1111622e-16  2.6099834e-17  7.6189554e-17  -2.9858432e-16  -1.6988564e-17  -1.2939446e-15  1.0000000   -2.8354594e-16  -8.6831920e-16  
-2.8344017e-16  5.6644206e-16  1.2751348e-15  -4.6817539e-16  7.6972491e-16  6.6669899e-16  2.2000881e-16  7.8297852e-16  -3.6613861e-16  1.0000000   -4.6130899e-16  
-1.9704231e-16  2.6822447e-16  -7.0618598e-16  -4.0255241e-19  2.2586335e-16  7.9675307e-17  -4.8756911e-16  1.6417447e-16  -7.9931577e-16  -5.4872124e-16  1.0000000   
