1.0000000   -2.7240240e-17  -5.7026546e-16  -9.6530983e-17  3.1819813e-16  6.2703759e-17  -2.4075736e-16  2.2002237e-17  -1.2792685e-16  6.5460622e-16  -7.3811135e-17  
3.9074811e-17  1.0000000   -5.1278809e-16  -2.8276481e-16  7.2845353e-18  1.3525446e-16  4.0830834e-17  -1.6648624e-16  -3.8509053e-17  -1.7164718e-16  -1.7786254e-16  
-1.0694015e-16  -4.2781808e-16  1.0000000   -2.2509150e-16  -1.8747066e-17  1.2316406e-15  -1.3093086e-16  1.6838067e-16  7.6974836e-16  -1.1699865e-16  1.3197225e-16  
-3.4855514e-16  -3.8566812e-16  -2.1696575e-16  1.0000000   1.1050719e-18  -9.7287917e-16  4.0288886e-16  5.3223777e-16  -1.3823959e-15  -2.8114501e-16  -7.0130122e-16  
4.6581951e-16  7.8439349e-18  1.2886768e-17  6.7821528e-17  1.0000000   -1.1826110e-16  -7.4538370e-16  -7.0852193e-16  -5.8299728e-16  -1.1542612e-16  -1.0698026e-15  
8.0240304e-17  6.6190731e-17  1.2716801e-15  -8.1350079e-16  -1.8200866e-16  1.0000000   5.6129019e-16  3.3987710e-16  -4.5435258e-16  -4.7262165e-17  -1.2812945e-15  
-1.7472961e-16  2.5675048e-18  -9.4562228e-17  1.5967626e-16  -6.9709970e-16  5.0857537e-16  1.0000000   2.0373639e-16  -5.8389923e-16  -1.9979344e-16  -3.9366491e-16  
1.3772901e-16  1.8633823e-16  -9.0264784e-17  -2.9850407e-16  -8.2637834e-16  3.1266106e-16  2.6919426e-16  1.0000000   5.8591492e-17  2.4322711e-16  -5.5667429e-17  
-1.3627348e-16  -1.2153037e-16  9.1591030e-16  -1.1774721e-15  -7.1913175e-16  -3.1305884e-16  -6.0219228e-16  -7.6488280e-17  1.0000000   -3.2866040e-16  8.0989902e-17  
8.3449283e-16  -4.9979207e-16  -9.8031342e-17  -1.4121271e-16  -8.9450117e-17  -6.5390230e-17  -1.2001524e-16  4.0077941e-16  -3.1703457e-16  1.0000000   -4.7489072e-16  
-5.9344291e-17  -1.3010511e-16  1.2417309e-16  -7.7887438e-16  -1.0993708e-15  -1.2960989e-15  -4.5236377e-16  -1.0260872e-16  1.1088339e-16  -4.1624194e-16  1.0000000   
