1.0000000   2.0024279e-17  2.3628897e-16  -4.0940635e-17  3.0491090e-16  -3.6372943e-16  6.9762242e-16  -6.4052601e-16  -4.9698304e-16  1.9185334e-16  -2.5677378e-16  
5.3612095e-17  1.0000000   -2.6318804e-16  1.7092574e-16  2.8846394e-16  -3.6410014e-17  3.9270382e-16  -3.4807455e-16  1.6423024e-17  -2.3052595e-16  -1.4392801e-16  
-4.7872105e-16  -3.3677819e-16  1.0000000   -5.6831490e-16  2.0467859e-16  -2.6029625e-16  8.6179545e-17  2.3614835e-16  8.2163436e-16  -6.9765717e-16  2.9362547e-16  
3.6056254e-17  -1.6394103e-16  -3.7321715e-16  1.0000000   -8.0767516e-16  -7.7419983e-17  -6.0566307e-19  -6.3666667e-16  -5.0367977e-16  -5.2955472e-16  6.6049283e-16  
2.6186230e-16  3.3761266e-16  2.1060633e-16  -8.5211352e-16  1.0000000   4.7992748e-16  4.7573984e-16  1.3879218e-15  3.5186560e-16  -7.0042564e-16  -5.7293170e-17  
-2.8206919e-16  2.7060052e-16  1.1311954e-16  9.1043359e-16  4.4753458e-16  1.0000000   -5.5992358e-17  4.1580850e-16  3.5349186e-16  9.3650829e-16  -2.5293928e-16  
6.2223794e-16  3.5914106e-16  5.0123761e-17  -1.6685563e-16  5.1908256e-16  -5.1756376e-17  1.0000000   1.1076738e-16  1.0159477e-16  -4.6800953e-16  -6.3348217e-17  
-5.4933634e-16  -3.5482274e-16  2.5451747e-16  -6.0399057e-16  1.5051112e-15  2.9634264e-16  2.0088005e-16  1.0000000   -1.1094842e-15  -4.1535512e-16  -2.1081553e-16  
-6.4338805e-16  1.1334281e-16  9.2994069e-16  -3.3457234e-16  3.1953297e-16  3.3618108e-16  -2.0546859e-17  -1.1071696e-15  1.0000000   2.9103180e-16  -2.6350009e-16  
2.9468414e-16  3.1352818e-16  -2.7793478e-16  2.7604303e-16  -7.0738910e-16  7.5397092e-16  -3.9417210e-16  -3.4611004e-16  2.9413423e-16  1.0000000   -3.6122011e-16  
-3.4733534e-16  -3.8771515e-16  1.1735848e-16  2.9389391e-16  -1.8116751e-17  -2.3717770e-16  -6.2242860e-17  -1.9153418e-16  -2.0828201e-16  -4.8948716e-16  1.0000000   
