1.0000000   1.3820328e-16  4.1076759e-16  3.2849177e-16  -2.7243023e-16  -5.1203272e-16  -1.9746080e-16  -1.8260895e-16  -1.7620075e-16  -3.9936050e-16  -4.0564204e-16  
1.5997377e-16  1.0000000   -4.0917838e-16  2.2678455e-16  2.6305297e-16  -2.9051902e-17  1.8730209e-16  4.0908177e-16  1.9202980e-16  -2.3994627e-17  -2.0193085e-16  
6.2923273e-16  -4.2772498e-16  1.0000000   5.7571553e-16  -6.1467637e-16  1.6354143e-16  -9.2260933e-16  -1.4772891e-16  -1.3149266e-19  -7.6240087e-16  4.1872781e-16  
3.5118450e-16  2.1841151e-16  3.7224297e-16  1.0000000   -2.1189189e-16  -2.0991731e-17  2.7631897e-16  -1.0312598e-16  5.7691442e-16  8.2911950e-16  -1.5235569e-16  
-1.8517451e-16  2.3061256e-16  -4.4204337e-16  -1.6182752e-16  1.0000000   2.7655531e-16  -2.5577540e-16  1.6751679e-16  -4.5699086e-17  1.1568227e-15  1.4386363e-16  
-4.2585857e-16  -1.0998419e-16  1.2468780e-16  -3.7129357e-17  -9.4957991e-17  1.0000000   -3.1559241e-16  -3.6121801e-16  4.4463262e-17  3.7529746e-16  -8.6133126e-17  
-1.8511491e-16  8.2933684e-17  -6.3028867e-16  2.7846257e-16  -7.8213896e-16  -3.5750365e-16  1.0000000   5.5962061e-16  7.6055782e-16  -3.9856912e-16  2.3990218e-16  
-1.8695698e-16  4.5744270e-16  -1.4962180e-16  -2.4894105e-16  2.2338903e-16  -3.9653456e-16  5.0376329e-16  1.0000000   9.9191884e-17  -4.5056477e-16  4.2882138e-17  
-1.6773903e-16  1.8950118e-16  -6.1871334e-17  6.2894247e-16  1.1053142e-16  6.4192657e-17  7.4510861e-16  8.0373709e-17  1.0000000   -9.0457579e-17  8.3804254e-16  
-4.3425697e-16  -1.5824604e-16  -5.7747581e-16  8.1636929e-16  9.0713987e-16  2.4070664e-16  -5.3462024e-16  -6.0375714e-16  -1.5159057e-17  1.0000000   1.7515175e-16  
-3.7528694e-16  -2.1956580e-16  5.2628947e-16  -7.4425794e-17  6.3172035e-17  -1.2743228e-16  2.3733651e-16  4.8478290e-17  8.2306276e-16  2.3779238e-16  1.0000000   
