1.0000000   -5.4169048e-17  3.7860344e-16  1.0905304e-16  -5.1227867e-16  -4.2132407e-16  1.6031585e-16  1.3346545e-16  -2.5366943e-17  3.5895497e-16  1.2092077e-16  
-1.7344970e-16  1.0000000   -7.0387438e-17  2.7600974e-16  1.5124789e-16  -4.4010189e-16  1.8978941e-16  -7.5671763e-18  1.3254187e-16  5.3249148e-16  5.8651517e-16  
-2.6349963e-16  -9.6802306e-17  1.0000000   -3.1269445e-18  1.5859242e-16  -2.5203374e-16  5.5184403e-16  -6.3563986e-17  -8.3474069e-16  -2.7320507e-16  6.2076885e-16  
6.7613969e-17  2.2659243e-16  1.8870392e-16  1.0000000   -1.8184816e-17  -7.0365869e-16  -1.0204827e-15  -1.4696325e-16  1.3430266e-16  3.0492332e-16  -3.6975169e-16  
-5.1868159e-16  -1.6114114e-16  4.9973068e-16  -8.3976090e-17  1.0000000   3.6135230e-17  8.8286258e-16  2.2767031e-16  -2.0452757e-16  3.9816572e-16  -2.3181005e-16  
-5.2253714e-16  -1.3162501e-16  -3.6084654e-16  -6.4243041e-16  4.7793436e-16  1.0000000   2.2836723e-16  2.8199619e-17  1.0187568e-17  8.8368826e-16  -2.0757262e-16  
2.8119520e-16  2.5874195e-16  5.0352447e-16  -9.2426066e-16  7.4712830e-16  3.3391050e-16  1.0000000   5.3733614e-16  -1.1847727e-16  7.9362021e-17  9.3509049e-17  
-1.5689373e-16  1.4562425e-16  -3.3013182e-16  -1.2644536e-16  -6.8247536e-17  5.8875417e-16  5.4162115e-16  1.0000000   -3.2909237e-16  -1.3138168e-15  -1.0681916e-15  
-9.6616121e-17  1.6496921e-16  -6.9393856e-16  -3.0838953e-17  -2.2123406e-16  1.2759348e-16  -8.1778910e-17  -3.8176129e-16  1.0000000   -3.1903500e-16  -5.3653566e-16  
2.9315973e-16  8.4867137e-17  2.8405957e-16  4.0468198e-16  7.3798256e-16  -2.5536317e-16  1.7959650e-16  -1.1048801e-15  -4.8571143e-16  1.0000000   -2.2359298e-16  
1.4664670e-16  5.0752229e-16  8.1415325e-16  -3.6416847e-16  -7.9825232e-17  -4.1054332e-16  1.5026492e-16  -1.0288875e-15  -5.3913901e-16  -2.6831674e-16  1.0000000   
