1.0000000   1.4197820e-16  -4.1763672e-16  -2.4000268e-16  -5.6231567e-17  3.9184548e-16  -1.1871996e-16  7.0549800e-17  -7.7759509e-18  2.8952851e-16  1.9341824e-16  
2.0932893e-16  1.0000000   9.4576333e-18  -4.9752571e-17  -1.7204092e-16  -6.8648254e-17  2.7714019e-16  -1.9753675e-16  -2.4986723e-16  -1.3622499e-16  -8.5429344e-18  
2.7609162e-16  -5.5191347e-19  1.0000000   4.1243537e-17  -3.6743439e-16  5.0384963e-17  -3.4869873e-16  -1.0356346e-16  3.9169775e-16  9.5409669e-16  -2.3635830e-16  
-2.0699200e-16  2.3339581e-16  -1.5182183e-16  1.0000000   -7.0935231e-16  2.5176061e-16  -3.5751310e-16  -3.5834400e-16  3.2395514e-16  2.4833196e-16  4.9157494e-16  
-2.8423258e-16  -2.9008504e-17  -3.5477028e-16  -6.7183406e-16  1.0000000   1.2246870e-16  3.1401468e-16  2.7226430e-16  -2.9694015e-16  1.2852825e-16  -9.4492804e-18  
4.8990368e-16  1.0747134e-16  1.1989745e-16  6.0257822e-17  1.4688031e-16  1.0000000   -6.6548960e-16  2.8630260e-16  1.1702598e-17  1.0780264e-15  -1.6696075e-16  
-2.3537436e-16  2.4133718e-16  -2.6013244e-16  -3.3256934e-16  1.7668183e-16  -7.0617076e-16  1.0000000   6.8025475e-20  7.0780101e-16  -2.5689569e-16  4.9480711e-16  
-1.5018382e-17  -2.3699455e-16  -1.0826360e-16  -2.6176389e-16  3.0836557e-16  3.0406821e-16  -1.1237565e-16  1.0000000   2.8447224e-17  5.4280145e-16  7.9926854e-17  
-4.9035297e-18  -1.4380567e-16  4.5993215e-16  2.4031920e-16  -2.9441430e-16  1.1847800e-17  7.4440632e-16  1.7522008e-16  1.0000000   1.6496016e-16  5.7634451e-16  
1.6581650e-16  3.1486503e-16  8.5198569e-16  -9.2938608e-17  -6.6534746e-18  9.7633986e-16  -2.9481872e-16  5.2670888e-16  1.3308721e-16  1.0000000   5.9502370e-17  
2.9605933e-16  5.8096683e-18  -3.0413067e-16  5.3863872e-16  -2.7898274e-17  -2.2968301e-16  4.7121574e-16  -7.9776944e-17  5.9375612e-16  4.9698811e-17  1.0000000   
