1.0000000   7.3080537e-17  2.7576719e-16  -3.6782809e-16  -1.2156706e-16  4.0736858e-16  -4.2586586e-16  -7.7293018e-16  2.2892546e-16  4.3210812e-16  -8.0792888e-17  
9.6383153e-17  1.0000000   1.3654731e-18  -4.5424284e-16  -1.0544711e-16  4.3668527e-16  1.6658330e-16  -1.4570173e-16  -3.3959486e-16  -1.9845325e-16  -5.5502945e-16  
-1.5515641e-16  1.3996054e-16  1.0000000   -3.5720538e-16  -5.3663198e-16  6.3014124e-17  -5.7825313e-16  -5.2708175e-16  8.6371286e-16  -4.5156388e-16  -1.7041521e-16  
-2.4110395e-17  -4.8761529e-16  -3.6716617e-16  1.0000000   -1.5531161e-16  5.2964252e-16  1.6171767e-16  -1.1983271e-15  -4.5846075e-16  1.5797226e-15  3.8908895e-16  
1.1027711e-16  6.9089219e-17  -3.5049269e-16  -1.3592689e-16  1.0000000   3.5003990e-16  5.3493380e-16  7.7547793e-16  -5.9683738e-16  1.4388385e-15  -9.5465973e-17  
2.4236598e-16  2.0642149e-16  -9.3349741e-17  4.3780746e-16  5.1578194e-16  1.0000000   -2.0107030e-16  6.4228323e-16  -1.0451269e-16  7.4819759e-16  2.9304629e-16  
-3.6195220e-16  1.6216624e-16  -6.9033686e-16  2.8589418e-16  4.7656148e-16  -3.3851405e-16  1.0000000   -9.7274615e-17  4.9808157e-16  6.7815051e-16  -2.8573794e-16  
-7.4458874e-16  -4.7259751e-17  -5.9197838e-16  -1.1820123e-15  6.2688220e-16  4.5972338e-16  -5.6379203e-17  1.0000000   -2.6213507e-16  -5.2076668e-16  -8.8188179e-16  
1.4439971e-16  6.8348407e-17  7.0103835e-16  -5.7448424e-16  -1.2808655e-15  -6.2009039e-16  5.4370566e-16  -3.5950013e-16  1.0000000   -9.7144732e-16  -9.2883939e-16  
2.8210395e-16  7.3749611e-16  -9.4344864e-16  1.5414879e-15  2.9771099e-16  -3.7019085e-16  5.7199227e-16  -4.3598864e-16  -8.2783053e-16  1.0000000   -1.0418234e-15  
-2.3724456e-17  -5.2739221e-16  -1.7842659e-16  3.7393638e-16  -1.9352188e-16  2.8702982e-16  -2.4311090e-16  -7.7877437e-16  -8.3418346e-16  -1.1639723e-15  1.0000000   
