1.0000000   -8.8169259e-17  -3.1841821e-16  -1.7494013e-16  2.1665011e-16  -2.2970183e-16  1.6820265e-17  -2.4728975e-16  -1.1565949e-16  4.1075198e-16  -2.8368056e-16  
-6.3796245e-17  1.0000000   -4.5388447e-16  2.3162722e-16  -5.2904854e-16  1.0932586e-15  -2.9546716e-16  -3.8453745e-16  -2.3598494e-17  -3.6045828e-16  1.7898462e-16  
-2.5441665e-16  8.4434402e-17  1.0000000   -9.7233122e-17  -7.9835791e-16  -2.9928158e-16  -1.9998580e-15  -6.5078938e-16  -1.2944809e-16  -2.7572869e-16  -3.8283856e-16  
-1.7444629e-16  1.6702751e-16  -9.7543336e-17  1.0000000   6.1685016e-16  8.2173295e-18  -4.9088091e-17  -2.3297279e-16  -5.7181992e-16  6.7506665e-17  -6.7992548e-16  
2.5281111e-16  -8.2077879e-16  -1.0452988e-15  6.1621607e-16  1.0000000   -1.1109143e-16  -5.7711682e-16  1.0237590e-15  -8.0240278e-17  -7.4179259e-16  -2.3245972e-17  
-3.3099812e-16  1.0766853e-15  -3.0018902e-16  -6.8851125e-17  6.1609577e-17  1.0000000   -2.8867053e-16  -3.8317197e-16  5.2713911e-16  -8.0563502e-17  4.7878622e-16  
-1.5471405e-17  -3.5505164e-16  -1.8022144e-15  1.5530459e-18  -3.6455651e-16  -2.2831841e-16  1.0000000   -1.5880101e-16  -3.6928837e-17  6.5656856e-16  -3.3016497e-17  
-7.3679592e-17  -3.5676214e-16  -7.2602692e-16  -1.5658511e-16  9.2824908e-16  -4.2702579e-16  -1.4477993e-16  1.0000000   -5.6811137e-16  1.1287156e-15  6.1623299e-16  
-7.9247095e-17  5.5697379e-17  -5.0397822e-16  -4.8916347e-16  -3.4356810e-16  4.4170935e-16  9.7402794e-17  -6.2798954e-16  1.0000000   3.6722562e-16  -1.0313880e-15  
3.1105456e-16  -3.7753389e-16  -1.7910752e-16  1.5047034e-16  -7.3018336e-16  -1.0308374e-18  7.5280979e-16  1.2535997e-15  3.6352635e-16  1.0000000   1.0381209e-15  
1.1310668e-16  1.7561000e-16  -2.5729642e-16  -1.7032180e-16  -1.2690248e-16  3.3604550e-16  -2.6345266e-17  5.6119257e-16  -7.5462165e-16  9.8509911e-16  1.0000000   
