1.0000000   9.0091767e-17  1.1704754e-16  -7.3741491e-17  1.1080260e-16  -6.2735674e-16  7.3745460e-17  6.6501013e-16  -3.0418464e-16  1.8410520e-16  -5.6463534e-17  
1.4605182e-16  1.0000000   -5.6787188e-18  -3.4747775e-16  5.4737444e-17  2.3014524e-17  -1.0248402e-15  -3.6511432e-16  -1.3664158e-16  1.3183140e-17  -4.6281115e-16  
-1.4088848e-15  -5.8031539e-17  1.0000000   4.5576095e-16  1.0803062e-15  -4.4692052e-17  -3.5137600e-17  -7.7859474e-16  -7.2381970e-17  -1.4392254e-17  1.5451135e-15  
-6.7324549e-17  -4.3488394e-16  4.4696446e-16  1.0000000   -5.4176919e-16  4.9577025e-16  7.7704711e-16  7.2585430e-17  9.7919841e-17  -6.6833265e-16  -2.2173883e-16  
1.0111414e-16  6.3447712e-17  1.1843263e-15  -6.5667185e-16  1.0000000   1.1528842e-16  2.2569224e-16  -1.7026458e-16  -6.6406870e-18  -2.2933828e-16  -6.5866129e-17  
7.7386151e-17  9.9019433e-17  -3.5525896e-16  4.5466916e-16  1.0641309e-16  1.0000000   -8.5531790e-16  7.1996299e-16  -4.7780705e-16  -7.6483160e-16  -1.3702044e-15  
3.7445517e-16  -1.2208260e-15  -2.1122306e-16  7.5971152e-16  1.8888419e-16  -6.7660547e-16  1.0000000   -2.9357057e-17  -1.5471703e-16  -4.6997649e-16  -6.6539351e-16  
5.1194321e-16  -2.7864436e-16  -1.0356997e-15  3.5400313e-17  -5.5402552e-17  -2.2843966e-16  2.4675406e-17  1.0000000   2.6306448e-16  5.7023930e-16  5.9426222e-16  
-2.7818547e-16  -6.8451085e-17  4.9542587e-17  1.1043490e-17  -1.0521528e-16  -5.1567237e-16  -2.0987780e-16  2.1143138e-16  1.0000000   2.4942384e-16  4.5939467e-16  
1.5389484e-16  1.8495376e-17  4.3123506e-17  -6.1829980e-16  -2.3259203e-16  -6.9411095e-16  -4.2837734e-16  4.0688074e-16  1.7450286e-16  1.0000000   9.3732666e-17  
2.0728431e-16  -8.6020047e-16  9.3176674e-16  -2.2362263e-16  -2.7121571e-17  -9.2439818e-16  -7.3740698e-16  7.5871197e-16  4.4594633e-16  8.5653666e-17  1.0000000   
