1.0000000   -8.8806956e-17  -5.0746097e-17  2.0305756e-16  1.9304499e-17  2.8905335e-16  1.6151089e-17  1.0892157e-16  2.5674573e-16  2.6450491e-16  1.1647242e-16  
1.6032179e-17  1.0000000   -2.6385772e-16  -8.3662517e-17  3.1662516e-17  1.7115937e-16  -1.6506621e-16  2.7909822e-16  8.2977889e-16  1.0773701e-17  7.8415264e-17  
-1.4571604e-16  -2.9552407e-16  1.0000000   1.3350901e-16  -1.2877954e-15  -1.8413168e-16  5.4698486e-16  -4.1554053e-16  -6.9825353e-16  -1.8819748e-16  -5.6610633e-16  
1.9986526e-16  -6.6242375e-17  1.2251687e-16  1.0000000   4.5518219e-16  4.2196792e-16  -1.4104232e-15  6.5516779e-16  7.9770958e-18  -2.5405048e-16  -5.3659812e-16  
-6.5505436e-18  1.1018472e-16  -1.1311671e-15  4.3254095e-16  1.0000000   -5.8750842e-16  -6.6770821e-16  1.6109055e-16  -5.9746760e-17  2.4239572e-16  1.1930603e-15  
3.2141307e-16  1.1885307e-16  -2.2672742e-16  3.4880426e-16  -9.3241067e-16  1.0000000   3.0811723e-17  1.7895959e-16  -3.6968495e-16  3.5268672e-17  2.6791652e-16  
-1.1412976e-16  -2.6541924e-16  5.6164636e-16  -1.3073344e-15  -8.4353015e-16  4.4934006e-17  1.0000000   -1.3911605e-15  -1.9437439e-17  1.0622602e-15  -8.6847135e-17  
1.7112885e-16  4.4687656e-16  -3.4088061e-16  7.9375906e-16  3.8452146e-16  2.1975017e-16  -1.3133871e-15  1.0000000   2.5943932e-16  -1.0639258e-15  -1.4315280e-16  
1.0713851e-16  7.9478166e-16  -6.8443794e-16  5.2842188e-17  -8.5923922e-17  -3.1238612e-16  -3.8882702e-17  2.6821063e-16  1.0000000   -3.3399800e-17  1.9356245e-16  
6.4395402e-17  -1.5394947e-16  -3.0261029e-16  -2.2685870e-16  -5.3108106e-18  -2.3809898e-17  9.9624791e-16  -1.1344617e-15  -5.8215570e-17  1.0000000   -6.9465341e-16  
1.4106487e-16  6.6855955e-17  -6.3548024e-16  -5.1136290e-16  1.1621559e-15  2.6963303e-16  -1.9189277e-16  -2.7080702e-16  2.0423492e-16  -6.4020952e-16  1.0000000   
