1.0000000   5.1636193e-17  -8.5854612e-16  -4.8231633e-16  1.0503888e-16  -2.6064039e-16  -5.3226664e-16  -5.1265099e-17  -2.1684369e-16  4.5562313e-16  -1.9697799e-16  
2.9542250e-17  1.0000000   4.5310816e-16  -2.6085123e-16  6.2098194e-17  1.3899255e-16  -2.7264897e-16  -2.0049385e-16  7.4992261e-16  -1.4198253e-18  -7.9795778e-17  
-3.4726028e-16  5.3599647e-16  1.0000000   -1.3710652e-15  -1.5712160e-16  7.9951250e-16  -9.9506529e-16  1.2216342e-15  1.0268391e-15  -6.9927015e-16  -7.7284514e-16  
-4.4621004e-16  -1.5191037e-16  -1.5022942e-15  1.0000000   9.8506918e-16  4.1347075e-17  5.1323653e-16  2.1504830e-16  -1.2793205e-15  9.3260167e-17  -1.5909820e-17  
4.7808252e-16  -6.5994900e-17  -1.8428326e-16  8.9661187e-16  1.0000000   1.1782404e-15  -3.0187997e-16  5.0092432e-16  -2.5204723e-18  -3.4946295e-16  2.7419939e-16  
-3.3337477e-16  1.1782189e-16  7.6202311e-16  -5.6947227e-17  1.1204832e-15  1.0000000   -1.0039087e-16  -8.6513446e-16  -6.5065976e-17  1.5417657e-16  2.1984338e-16  
-3.4391328e-16  -3.1315159e-16  -1.0449868e-15  4.3865408e-16  -4.5117532e-16  -8.9602158e-17  1.0000000   9.5478312e-16  2.0478019e-16  -5.0149923e-16  -1.6500202e-18  
1.8394347e-16  -1.1751168e-16  1.3298676e-15  2.8257382e-16  5.4799507e-16  -9.9517185e-16  1.1091605e-15  1.0000000   4.7446448e-16  2.7056071e-16  3.9739228e-16  
-9.7562740e-17  6.5845033e-16  1.1794421e-15  -1.2616154e-15  -1.4050620e-16  8.5526232e-18  1.9097419e-16  3.6209095e-16  1.0000000   -7.1166738e-16  -5.4320858e-16  
3.7531963e-16  1.4379761e-17  -7.4656356e-16  7.1709789e-17  -2.9396296e-16  1.1439231e-16  -4.5914685e-16  2.2340904e-16  -8.5831717e-16  1.0000000   -4.0301531e-16  
-3.3987245e-16  -1.7732948e-16  -7.0538829e-16  -5.3136918e-17  2.2040920e-16  2.4650978e-16  1.9445335e-17  7.1155087e-16  -1.2866397e-15  -2.4647176e-16  1.0000000   
