1.0000000   3.5201958e-17  -2.4968825e-17  4.9125233e-17  1.3868555e-17  2.8774055e-16  1.5776342e-16  3.5878860e-16  -5.8131496e-16  -1.9554894e-16  1.3604353e-16  
1.9125301e-17  1.0000000   -4.0604203e-17  4.8111433e-16  -2.5200467e-16  -2.7516474e-17  -1.7717279e-16  -9.1338295e-17  -2.7409547e-16  -1.4747572e-16  2.8037285e-16  
2.2909090e-17  -3.5036203e-17  1.0000000   1.0744746e-16  2.2346541e-16  6.3156393e-16  3.7837437e-16  -3.6042688e-16  8.8750796e-16  9.7443150e-17  -2.8372760e-17  
1.3253531e-16  4.6493500e-16  9.4114313e-17  1.0000000   -4.6116810e-17  -1.9374073e-16  3.6462438e-16  -3.2324588e-16  -5.6366542e-16  2.6786967e-16  2.3033484e-16  
-7.8977586e-17  -1.7489593e-16  4.4515755e-16  8.7704514e-18  1.0000000   -1.3482618e-16  2.0038523e-16  2.6234250e-16  5.3074118e-16  -2.0894843e-16  -6.8185014e-16  
1.7320122e-16  -6.2428422e-17  8.3162578e-16  -9.1311693e-17  -5.8003777e-17  1.0000000   5.2561616e-16  6.7965024e-16  -7.0567275e-16  3.4160342e-16  -2.8255962e-16  
1.5762628e-16  -1.6991930e-16  3.6215306e-16  3.6203829e-16  2.4397384e-16  6.1729124e-16  1.0000000   4.1535568e-16  -1.9217699e-16  5.8585285e-16  -8.2073100e-17  
4.8549024e-16  -7.9961607e-17  -4.9273079e-16  -2.3647358e-16  3.0054825e-16  6.9975100e-16  3.5338472e-16  1.0000000   -5.3101974e-16  4.6507476e-16  4.3086018e-16  
-5.7856546e-16  -4.0966869e-16  7.0467125e-16  -5.7562997e-16  7.2704961e-16  -5.5884438e-16  -2.2376466e-16  -5.4816100e-16  1.0000000   2.0870735e-16  2.8230769e-16  
-1.0654870e-16  -1.2948800e-16  5.1733463e-18  2.7178185e-16  -1.7891808e-16  3.9883875e-16  6.5397639e-16  4.2313098e-16  3.1543409e-16  1.0000000   -1.3349366e-16  
1.7150698e-16  3.0033082e-16  -2.0793177e-17  2.2339177e-16  -6.7570529e-16  -2.5054061e-16  -1.0019453e-17  3.7572848e-16  3.1611300e-16  -1.2476160e-16  1.0000000   
