1.0000000   1.7516099e-16  -4.2485250e-16  -1.7732382e-16  -3.6340343e-16  7.4066014e-18  1.1251137e-16  -1.1006768e-16  -5.1627698e-17  1.6030221e-16  -1.3176985e-16  
2.0980343e-16  1.0000000   -6.9443646e-17  3.0001970e-16  -1.2882965e-16  2.8340761e-16  -2.2887123e-16  -3.3790241e-16  8.5165345e-16  -1.0713098e-15  -6.4918053e-17  
-2.7727140e-16  1.1564894e-16  1.0000000   -4.5073754e-16  1.2760062e-16  2.3560652e-16  -2.6485497e-16  -4.2230740e-16  2.7942730e-16  -3.4425678e-16  2.7118357e-16  
-2.4071869e-16  2.8422869e-16  -5.2922350e-16  1.0000000   6.7188888e-16  -4.2074112e-16  -5.8525461e-16  2.0039041e-17  3.2594783e-16  -4.0200660e-17  6.9682012e-17  
-3.3180917e-16  -1.1044950e-16  1.0718565e-16  7.3985333e-16  1.0000000   -1.2039268e-16  3.9288642e-16  2.1019168e-16  -1.8001246e-16  -8.2571828e-18  -8.5728443e-16  
-1.6090856e-16  4.4305808e-16  2.2373733e-16  -5.0259945e-16  -9.6175425e-17  1.0000000   3.8950208e-16  -2.2031691e-16  -1.2713083e-16  6.1949302e-16  3.6717602e-16  
1.8573623e-16  -6.9907235e-16  -7.1686255e-17  -5.6730852e-16  4.4369198e-16  6.2023270e-16  1.0000000   -8.4772314e-16  9.8104664e-16  4.3850631e-18  -3.7961645e-16  
2.8389342e-18  -5.5493943e-16  -3.6879144e-16  7.2156197e-17  2.8618272e-16  1.1999070e-16  -9.0539743e-16  1.0000000   3.5207549e-16  -5.2095948e-16  -4.1296467e-16  
-1.0495239e-17  7.4003689e-16  3.0263792e-16  2.7414260e-16  -3.0939921e-16  -1.1283371e-16  1.0006787e-15  3.8968377e-16  1.0000000   4.5445951e-16  1.6048310e-17  
6.3006564e-17  -9.3043944e-16  -3.0001221e-16  -7.9871157e-17  -1.3049097e-18  2.0055831e-16  3.2800782e-17  -4.0018287e-16  4.9694315e-16  1.0000000   -4.5062661e-16  
-5.0403384e-16  -2.8351706e-16  4.6066820e-16  8.9466161e-17  -8.5062421e-16  7.4360838e-16  -5.0897363e-16  -2.4059569e-16  8.0350392e-17  -4.1068647e-16  1.0000000   
