1.0000000   2.5624731e-17  6.2537321e-16  -3.4785801e-17  -1.6569655e-16  -1.6118439e-16  6.0018838e-17  -1.1226081e-16  -1.7803589e-16  -1.6257392e-16  7.5484152e-18  
-2.2353416e-17  1.0000000   1.1159160e-16  -2.8353259e-17  1.3247244e-16  8.4505697e-16  -7.3804459e-17  1.9740258e-16  -2.2917059e-16  1.6872111e-16  -1.2767486e-17  
-2.1291837e-16  2.1189122e-16  1.0000000   -1.2202419e-15  -1.7208377e-16  1.3737536e-16  1.1981651e-15  3.4830863e-16  4.6216651e-16  -8.3063627e-16  6.0335724e-16  
3.0932155e-16  9.9734001e-17  -1.0477304e-15  1.0000000   4.4134455e-16  -7.3316489e-16  -9.5412576e-17  -1.7511948e-16  1.7251458e-16  2.0051507e-16  -1.7088704e-17  
-2.8271612e-16  6.3254264e-17  -5.4784225e-17  5.4790819e-16  1.0000000   -1.1579489e-15  1.2783173e-16  3.5906779e-16  -3.9633348e-16  -7.8248531e-16  8.0900295e-16  
-7.4471368e-17  2.4833915e-16  5.7859013e-16  3.5946505e-16  -1.2945430e-15  1.0000000   -1.8568954e-16  2.6909810e-16  6.1407453e-16  7.1655047e-17  -5.2486924e-16  
-2.7409395e-17  -8.9495496e-17  1.1816433e-15  -1.2049002e-16  2.1339140e-16  -2.2651631e-16  1.0000000   3.8923498e-16  -1.0378875e-16  -1.1290334e-15  5.7260125e-16  
-1.6853031e-16  1.3002075e-16  4.4444191e-16  -3.9971580e-17  3.6344637e-16  2.4515829e-16  2.7354221e-16  1.0000000   -5.4965650e-16  7.2827619e-16  1.8013735e-16  
-4.7449546e-17  -2.3724721e-16  5.3219968e-16  5.7745125e-17  -3.3180826e-16  6.6485210e-16  2.0854757e-17  -5.2671354e-16  1.0000000   -2.0843381e-16  -3.9478512e-16  
-2.5053667e-16  5.6826004e-16  -1.1714379e-15  -8.2725134e-16  -6.9894256e-16  4.8865150e-16  -1.0870772e-15  8.0339852e-16  -9.4462657e-17  1.0000000   1.9666627e-16  
5.5398701e-17  -3.3001010e-18  5.9914283e-16  -7.9827561e-19  8.3054400e-16  -6.4786056e-16  5.5734111e-16  2.7562718e-16  -3.0408483e-16  1.1502408e-16  1.0000000   
