1.0000000   -2.0868465e-16  4.2717973e-17  -7.9644210e-17  3.0361840e-16  -2.8011876e-16  -1.6613897e-16  1.5626454e-16  -2.3219728e-16  -7.7029248e-16  -3.7012343e-16  
-1.3949808e-16  1.0000000   -3.9717529e-16  -4.6593110e-16  2.6532489e-16  9.4413720e-16  5.7503456e-16  -7.4800495e-17  -7.5846530e-17  2.3474237e-16  6.1428042e-16  
-3.1606219e-16  -4.1011598e-16  1.0000000   -1.3038756e-16  1.0414301e-16  2.4928163e-16  -1.0968637e-16  -6.8160123e-18  1.3029898e-16  1.3057675e-18  2.5551215e-16  
-2.0295651e-16  -3.7239781e-16  1.6734788e-17  1.0000000   -5.9734549e-16  -1.2450036e-15  5.8927553e-16  3.7436712e-16  1.7770656e-16  2.5050148e-16  1.1362583e-15  
2.5618857e-16  3.5301400e-16  2.1798720e-16  5.0667501e-16  1.0000000   -3.5409019e-16  6.9455074e-16  9.6744816e-17  -5.0807189e-17  4.0406906e-17  -1.6155766e-16  
-3.0213805e-16  1.0005871e-15  2.7233176e-16  -1.1730498e-15  -2.5168509e-16  1.0000000   -3.9537797e-16  2.5256194e-16  -2.9700294e-16  1.3840786e-16  -2.8989091e-16  
-7.2659079e-17  5.4161848e-16  -1.2764753e-16  6.1766938e-16  6.3293872e-16  -5.6739498e-16  1.0000000   2.1736312e-16  -8.5971739e-16  -5.1273441e-16  -5.1423814e-17  
1.6127596e-16  -3.5980472e-17  6.3347158e-18  3.9240103e-16  3.5242573e-17  2.7326086e-16  1.5578708e-16  1.0000000   2.5309852e-16  -1.6557893e-16  -1.8525137e-17  
-2.0439366e-16  -8.0327650e-17  1.2715258e-16  1.6314375e-16  -5.3191418e-17  -2.9218000e-16  -8.1651446e-16  1.9261097e-16  1.0000000   7.6506484e-17  2.9738216e-16  
-6.8780340e-16  2.4580974e-16  -1.8089748e-17  2.4736552e-16  3.3630261e-17  2.4299655e-16  -5.2760834e-16  -1.1632243e-16  1.1254813e-16  1.0000000   -6.9604509e-17  
-2.1642793e-16  8.0817239e-16  2.5390490e-16  1.0725417e-15  3.2869337e-16  -3.0706169e-16  -3.2628424e-17  1.1258633e-17  3.7745171e-16  -4.4775856e-17  1.0000000   
