1.0000000   -9.3426604e-17  -7.7369292e-17  3.0417369e-17  -1.4501659e-16  2.6593784e-16  5.4391729e-17  1.6370379e-16  -1.5302905e-17  1.9860312e-16  3.8082380e-16  
-4.2124495e-18  1.0000000   -6.2093544e-16  -1.4501670e-16  -2.0597095e-16  5.9815087e-16  2.1289362e-16  -4.1465874e-16  -2.5291365e-17  1.3223235e-16  1.4724583e-16  
-3.3187946e-16  -5.6242066e-16  1.0000000   4.0725296e-16  7.6996092e-16  1.7354658e-16  2.1244791e-16  9.0792369e-16  -1.0466839e-16  -5.0428173e-16  -1.7436851e-16  
5.5468228e-17  -2.6374609e-16  4.3947337e-16  1.0000000   1.7508243e-16  -2.3297418e-16  -6.1576857e-16  -3.8766845e-16  7.3105616e-16  1.4211827e-16  1.2758688e-16  
-1.0461732e-16  -1.7843723e-16  7.8857035e-16  2.6569064e-16  1.0000000   -1.0570446e-16  -1.9489398e-16  5.6709084e-16  9.6632258e-17  -1.0774602e-15  5.4126639e-16  
2.8455490e-16  1.0234589e-15  -2.0832974e-17  -2.8381705e-16  -2.0912265e-16  1.0000000   -5.6979072e-16  -4.3826158e-16  3.5631023e-16  1.3424030e-17  5.5527245e-17  
-1.5432080e-16  1.7597387e-16  2.4503271e-16  -4.3585419e-16  -9.8334861e-17  -1.1331893e-15  1.0000000   1.2454405e-16  -2.4424923e-16  2.3101498e-16  -2.9780831e-16  
-1.5064659e-16  -5.4167649e-16  1.0324417e-15  -5.8702005e-16  5.1248039e-16  9.0010519e-18  -8.4963537e-17  1.0000000   -4.7170765e-16  9.0836843e-16  -1.2308363e-16  
-1.8843136e-17  6.5242139e-17  -1.9417422e-16  6.4226253e-16  1.5258608e-16  5.9147920e-17  -1.2950788e-16  -4.5355045e-16  1.0000000   -6.3174920e-17  5.2897800e-16  
1.6568161e-16  4.4645645e-16  -6.8036213e-16  6.1098970e-16  -9.5116630e-16  -1.2115246e-15  7.0511150e-16  8.0262948e-16  -1.9172198e-16  1.0000000   -7.3358982e-17  
2.0996251e-16  1.4466160e-16  -2.9716965e-16  2.7758964e-17  5.4761966e-16  -7.2722014e-17  -2.9253215e-16  -1.7947781e-16  4.7255460e-16  -7.5424049e-18  1.0000000   
