1.0000000   8.9511383e-17  3.0778787e-17  1.2333230e-16  -3.3209225e-17  3.1997030e-16  3.1506137e-16  6.6030020e-18  9.0967954e-17  -2.3295862e-16  5.3528992e-16  
6.6473931e-17  1.0000000   -3.2768672e-16  5.8686562e-16  -1.3705065e-16  -1.9416638e-16  3.3285436e-16  3.3458835e-16  2.2525906e-16  -4.5989014e-17  -2.3317678e-16  
4.6813759e-16  -4.4858602e-16  1.0000000   -5.3796966e-16  -7.6266322e-16  -3.8791548e-16  -8.8243783e-16  -4.0598019e-16  2.1425310e-16  7.6564108e-16  -3.0036208e-16  
7.5776222e-17  3.8199377e-16  -6.2065589e-16  1.0000000   -2.9763001e-16  4.5650551e-16  3.0082463e-16  4.8422929e-16  -4.0238031e-16  -3.6486693e-16  4.4350848e-16  
-1.4864290e-16  -8.5777109e-17  -6.1252733e-16  -3.4717539e-16  1.0000000   -2.4440186e-16  -4.8027848e-16  -3.6307461e-16  -4.2593087e-16  -7.4612736e-16  -8.7868700e-16  
3.9548682e-16  1.8918413e-16  -4.5708393e-16  -1.2562774e-16  -1.6911572e-16  1.0000000   1.0702600e-15  9.4593929e-17  2.1026288e-16  5.0213686e-16  1.2256320e-16  
3.8131276e-16  2.8990902e-16  -9.8732245e-16  4.0148722e-16  -5.9506933e-16  1.1203941e-15  1.0000000   -2.2886746e-16  -8.1974805e-16  -3.0193294e-16  -6.2875862e-16  
2.5111968e-17  2.6125853e-16  -4.7834335e-16  5.9640590e-16  -3.9124620e-16  9.9146456e-17  -3.1843461e-16  1.0000000   9.4026834e-17  -7.6913101e-16  -2.2871980e-16  
1.5753744e-16  1.8519305e-16  2.6388125e-16  -4.0851034e-16  -3.6375947e-16  -2.3253402e-16  -8.2521358e-16  1.6331743e-16  1.0000000   -5.2147524e-16  -1.2850676e-16  
-6.0097219e-17  -4.8303990e-18  6.3982117e-16  -8.1014764e-16  -6.5015559e-16  -9.0590049e-16  -2.3826780e-16  -5.9049859e-16  -2.4299789e-16  1.0000000   -3.8057296e-16  
5.2437970e-16  -2.4416412e-16  -3.4073636e-16  4.1554879e-16  -8.9879119e-16  2.0124104e-16  -6.4025782e-16  -3.0453461e-16  -6.6501404e-17  -3.7950761e-16  1.0000000   
