1.0000000   5.5505028e-17  6.5424053e-16  -1.0292083e-17  1.0697532e-16  -3.1820993e-16  3.9565138e-16  -1.4635901e-16  2.6314917e-17  -5.0768144e-16  -5.7384617e-16  
-8.7748847e-17  1.0000000   4.1024980e-16  2.0717173e-16  2.7968751e-16  -5.8006365e-16  -1.7308046e-17  -3.7560850e-16  1.2486113e-16  -4.7830459e-16  -5.9790947e-16  
1.2623796e-15  6.1177166e-16  1.0000000   8.8024108e-16  5.2564451e-16  6.9710972e-17  -7.0647174e-16  -1.9290346e-16  2.8190466e-16  5.1299738e-16  7.2082281e-16  
8.7271195e-17  1.4141838e-16  7.8553791e-16  1.0000000   -2.1551152e-17  -1.1370369e-16  -1.9518241e-16  4.5807096e-16  1.0175369e-16  -3.7826583e-16  5.0374066e-16  
5.6520321e-17  2.1495611e-16  6.6604438e-16  -2.1124618e-17  1.0000000   -7.4111964e-16  4.2061735e-16  4.5979393e-16  2.5979914e-16  -8.0493324e-16  -6.5683466e-16  
6.4817698e-17  -8.0346626e-16  -8.5433414e-17  -1.0451534e-16  -9.0497057e-16  1.0000000   -2.4749943e-16  1.3404108e-16  3.2082141e-16  2.8558135e-16  -3.3728852e-18  
3.4513009e-16  3.7071693e-16  -8.1637595e-16  -3.0622697e-16  4.7982908e-16  -3.8212126e-16  1.0000000   1.9605603e-16  -1.4557449e-16  7.6527243e-17  2.8394238e-16  
-8.6434830e-17  -3.2328684e-16  -2.5785788e-16  5.1018142e-16  4.9589954e-16  4.1140914e-16  8.2277591e-17  1.0000000   -5.3556638e-16  5.4016129e-16  -1.8655054e-17  
1.1846148e-16  4.5500680e-16  -3.7468123e-17  4.3610252e-16  2.4556202e-16  1.1945111e-15  -6.2345434e-16  -4.7652562e-16  1.0000000   -4.8711173e-16  2.1063666e-16  
-4.5349850e-16  -4.0920430e-16  5.2745375e-16  -3.0306078e-16  -8.8572955e-16  5.3549841e-16  -1.0415500e-16  5.6516647e-16  -3.8400804e-16  1.0000000   -4.4347850e-16  
-3.8848415e-16  -7.3302660e-16  8.0657050e-16  3.3907915e-16  -5.4227388e-16  -2.4428345e-16  3.4392502e-16  2.7398128e-17  1.0359795e-16  -3.9649782e-16  1.0000000   
