1.0000000   2.0561094e-18  2.3864613e-16  -2.0590551e-16  -4.2925918e-16  2.5151919e-17  -1.6796574e-16  3.5116807e-16  7.1477603e-16  -3.4307589e-16  2.5760273e-16  
-7.5523698e-17  1.0000000   1.2687514e-16  -1.8563500e-16  1.8270090e-16  -1.8535553e-16  -6.4062765e-17  -3.7262195e-16  5.0394508e-18  7.8186522e-17  1.4143578e-16  
1.9884214e-16  6.1762316e-17  1.0000000   2.1867689e-16  -5.8478100e-16  9.4636381e-16  -3.5191484e-16  -8.8699228e-16  7.4987659e-16  -2.4775983e-16  -7.5436013e-17  
-5.2897686e-17  -1.8227401e-16  1.5776649e-16  1.0000000   -4.9095768e-16  -2.5510880e-16  1.4455217e-16  6.3110134e-16  -3.5153168e-16  -7.0348547e-16  2.2676346e-16  
-4.7076447e-16  1.5170382e-17  -5.2486419e-16  -5.1441106e-16  1.0000000   1.0195276e-15  1.0609023e-16  9.0893042e-16  -5.2464823e-16  3.8073065e-16  4.3207191e-16  
2.6524141e-16  -1.3533913e-16  8.2379621e-16  -1.4708180e-16  9.5171485e-16  1.0000000   -2.1685559e-16  -5.2694085e-16  5.5826145e-16  2.4503981e-16  -2.1711414e-16  
-1.2206136e-16  -6.2597193e-17  -3.9365424e-16  8.4835324e-17  1.4734689e-16  -2.3733797e-16  1.0000000   -4.2840393e-16  7.3237591e-17  -6.3393364e-16  -7.5199175e-17  
4.9241378e-16  -4.5817802e-16  -7.3222944e-16  6.3444563e-16  1.1348837e-15  -4.3516397e-16  -4.7151480e-16  1.0000000   -6.2736175e-16  -4.9461656e-16  -1.5465466e-16  
5.8225596e-16  7.9269265e-17  1.0515531e-15  -5.4220929e-16  4.2222759e-16  5.5442634e-16  3.0884242e-17  -8.5746209e-16  1.0000000   1.8698161e-16  -1.9095045e-16  
-5.9857272e-16  -3.6303201e-16  -5.1966096e-16  -6.3026171e-16  -4.0177009e-16  1.3442811e-16  -4.6270524e-16  -1.2678373e-17  9.6956005e-16  1.0000000   -3.1312574e-16  
3.1492499e-16  1.6996712e-16  -8.0238266e-17  1.2822723e-16  4.7144215e-16  -2.5158150e-16  -1.9732294e-17  -1.7691765e-16  -2.5347757e-16  -3.0108506e-16  1.0000000   
