1.0000000   -6.3009233e-18  -1.1319251e-16  -1.8930158e-16  -3.6028652e-16  3.1993655e-16  -2.5939495e-16  -1.8361465e-16  -7.4762358e-17  9.0561056e-17  -9.8496652e-17  
5.6678934e-17  1.0000000   -2.9914615e-16  -1.3342237e-16  2.5793059e-16  -7.4400174e-17  1.6172964e-16  -3.9444737e-16  -3.0610448e-16  -2.6083885e-16  2.2970027e-16  
-4.4909918e-16  -3.6765906e-16  1.0000000   9.7043598e-16  1.0424452e-16  5.2458785e-16  4.2554384e-16  -6.8194074e-16  -7.9298430e-17  1.1582321e-15  -8.0548396e-16  
-2.0264784e-16  -1.3726523e-16  9.1050445e-16  1.0000000   -7.5033439e-16  6.5314504e-16  8.4539905e-16  -7.4640742e-17  -2.0268221e-16  9.4354790e-16  -5.2977676e-17  
-4.4561581e-16  2.4575236e-16  9.5316022e-17  -9.0658919e-16  1.0000000   2.6703999e-16  -2.7176587e-16  3.5156348e-17  -3.7691977e-16  3.8500104e-16  1.4188181e-16  
4.4068543e-16  1.2721404e-16  6.8159382e-16  7.4060032e-16  6.0220696e-16  1.0000000   1.9524275e-17  -9.2187476e-16  -1.1270564e-15  -8.8916099e-16  -9.9096457e-16  
-4.9947915e-16  5.9571245e-16  5.3532296e-16  8.1534374e-16  -2.3844761e-16  -3.5066600e-16  1.0000000   6.1327885e-16  -1.3689707e-15  -4.4678502e-16  -3.2793389e-16  
-1.5944996e-16  -3.5755673e-16  -6.8836909e-16  -2.0130626e-16  5.3588354e-17  -9.0345877e-16  5.2260143e-16  1.0000000   9.5413764e-16  1.6182391e-16  8.1706153e-16  
8.8974572e-17  -1.8870164e-16  1.9340091e-17  -1.3231693e-16  -4.7020520e-16  -1.1849889e-15  -1.4102611e-15  9.5755149e-16  1.0000000   -1.0327056e-16  -5.7989061e-16  
-9.1271206e-17  -3.3355370e-16  1.1673733e-15  6.3822632e-16  4.3966687e-16  -7.5773279e-16  -4.2555514e-16  1.1515028e-16  -5.1649402e-17  1.0000000   -7.5060587e-16  
-1.4652234e-16  2.2172949e-16  -8.7606458e-16  -1.9400866e-17  1.1564178e-16  -1.0030003e-15  -3.9477156e-16  1.0831307e-15  -5.4228066e-16  -8.3925846e-16  1.0000000   
