1.0000000   -4.0452303e-17  1.8320247e-16  -5.0256760e-16  -7.3540175e-17  1.2573805e-16  -5.4364363e-17  -2.8133835e-16  -1.0349806e-16  -1.2553721e-16  -3.7415632e-16  
-1.3200956e-16  1.0000000   9.5158831e-17  5.0445264e-16  5.3116985e-16  -1.0660786e-16  -7.2544584e-16  -3.5232110e-16  -1.5841087e-15  2.3939761e-16  -1.5521455e-16  
3.8215287e-16  1.2804952e-16  1.0000000   7.3837833e-16  -5.6078013e-16  -3.0122948e-16  -7.0603256e-16  -2.5619102e-16  -1.9522350e-16  3.0545906e-16  5.3274561e-16  
-4.4237947e-16  4.7466463e-16  7.5038453e-16  1.0000000   9.7086126e-17  5.2608320e-17  -5.3985292e-16  9.0475939e-17  1.0640423e-15  -5.1331499e-16  -4.4246269e-16  
-1.1797797e-16  6.1194149e-16  -4.6901034e-16  1.9985243e-16  1.0000000   1.5592512e-16  4.2950085e-16  -8.6091375e-17  9.2077037e-17  1.7233439e-16  -9.9682395e-16  
9.6087879e-17  -5.6505081e-16  -1.7479083e-16  -8.9266089e-17  1.6545140e-16  1.0000000   5.0624671e-17  -1.2363388e-16  3.8063165e-16  5.9724735e-16  2.5902268e-16  
1.5558439e-16  -7.1679943e-16  -7.7497900e-16  -5.0659473e-16  3.9074010e-16  5.1420829e-17  1.0000000   -1.3487328e-16  3.5697257e-16  5.2386412e-17  -1.2453671e-15  
-5.1599768e-16  -3.7068220e-16  -2.3277113e-16  1.4111755e-16  -1.2414331e-16  -1.8248852e-16  -1.6173918e-16  1.0000000   2.1823466e-16  6.8705694e-16  9.7398370e-16  
2.8863253e-16  -1.3412707e-15  -1.8614380e-16  1.1082931e-15  6.5295313e-17  4.8147408e-16  5.0208101e-16  2.6045028e-16  1.0000000   -4.8517394e-16  -7.0562080e-18  
-1.2559521e-16  -2.2155032e-17  3.4881942e-16  -5.0390121e-16  1.7920868e-16  6.8613252e-16  1.3685761e-16  6.7670892e-16  -4.3903314e-16  1.0000000   1.1885630e-16  
-1.6855365e-16  -3.7066501e-16  8.9530112e-16  -4.3104543e-16  -1.0605661e-15  4.2243905e-16  -1.2305695e-15  9.3788316e-16  -3.4523369e-17  1.1776352e-16  1.0000000   
