1.0000000   9.9189790e-17  -3.0858525e-17  -3.4669927e-19  3.1784237e-16  -1.7720850e-16  2.1664614e-16  -1.5756136e-16  -1.0023360e-16  2.8450627e-16  4.0144874e-16  
1.8728249e-17  1.0000000   -1.7331634e-16  -2.5857912e-16  -1.8456102e-16  -1.4815679e-16  -4.1463135e-16  6.4597936e-16  3.9572084e-16  5.8091349e-16  1.4206107e-16  
-8.3579363e-16  -1.0880495e-17  1.0000000   7.7638830e-16  3.9975254e-16  3.0737607e-17  6.8842758e-16  -1.8539356e-16  3.3494441e-17  -5.6069005e-17  -2.4472511e-16  
-2.3729486e-16  -2.2562651e-16  7.6112914e-16  1.0000000   8.7656592e-18  6.8521932e-16  -4.4116264e-16  4.8622120e-16  1.0916736e-16  -3.0879918e-18  -5.8257007e-16  
2.6320063e-16  4.2477188e-16  3.7258157e-16  -1.9822548e-17  1.0000000   1.8524040e-16  5.2708938e-17  -1.1259028e-16  2.6494011e-16  -1.0262614e-15  -1.8348406e-17  
3.2255136e-17  -4.8473018e-16  -1.0418732e-17  6.1875608e-16  2.8424785e-16  1.0000000   5.1583340e-16  -1.0414860e-15  2.5825981e-16  -7.2934056e-16  -6.1118086e-17  
1.3513353e-16  -3.7096560e-16  5.8668359e-16  -4.7298250e-16  -8.6628375e-17  4.0083086e-16  1.0000000   1.1483918e-15  2.5383491e-16  -8.1153858e-16  -3.4227839e-16  
3.3664244e-16  8.2767563e-16  -9.6923439e-17  4.6055618e-16  5.8351961e-16  -3.2620274e-16  1.0300442e-15  1.0000000   7.3726886e-16  1.6918577e-16  1.0363618e-16  
-1.9286087e-16  3.2692263e-16  -1.4854432e-16  2.1135955e-17  1.0275689e-16  -1.1616878e-17  2.8282151e-16  6.8912454e-16  1.0000000   -1.3247052e-16  -3.8097678e-16  
2.1560559e-16  8.5268210e-16  -1.1407902e-17  -5.9859110e-17  -2.3696198e-16  -1.4512679e-17  -9.5826777e-16  2.1993217e-16  -6.0330934e-17  1.0000000   -3.8116991e-16  
2.6639233e-16  1.1696530e-16  -2.9769556e-16  -7.3250954e-16  -1.2526171e-16  -2.1728343e-16  -4.4794194e-16  2.6503492e-16  -3.4529298e-16  -4.7109008e-16  1.0000000   
