1.0000000   -1.0995725e-16  -2.0356985e-16  -1.4063747e-16  -9.3439483e-17  2.9502700e-17  -3.6360752e-16  -3.1420715e-17  7.1447008e-16  -1.8437551e-16  5.9620462e-16  
-9.5806337e-17  1.0000000   3.1742122e-16  -2.0998122e-16  -6.4006905e-16  1.1928229e-16  -6.2660335e-16  5.1039215e-16  1.3975572e-16  4.1162780e-16  1.4677589e-16  
6.2823621e-16  3.0849516e-16  1.0000000   -9.4564216e-18  -4.8288562e-17  -4.2980518e-16  -7.5080101e-18  2.0449576e-16  9.7772609e-17  1.6882620e-16  -4.2830593e-16  
-1.4662234e-16  -8.3731977e-17  7.0480701e-17  1.0000000   -5.8161358e-16  -1.6860092e-16  -3.5581952e-16  4.1465379e-16  2.7472646e-17  4.2329959e-16  -3.2234777e-16  
-2.7724703e-16  -6.3288533e-16  -8.2781188e-17  -5.8086757e-16  1.0000000   4.8051070e-16  -4.8244076e-16  -7.6186738e-16  1.4916499e-16  1.6028746e-16  2.5049475e-16  
-1.5177990e-16  -1.6544949e-16  -4.4044710e-16  -2.0513017e-16  4.7853506e-16  1.0000000   3.6431793e-17  1.9172784e-16  -1.4388202e-17  -4.8581353e-16  -2.3172576e-16  
-3.8781653e-16  -5.6942318e-16  -5.6160636e-17  -3.6140370e-16  -3.7786253e-16  2.4458791e-17  1.0000000   2.6814857e-16  -2.7139971e-16  4.8377068e-16  8.3846660e-17  
-4.1687235e-17  5.3807146e-16  2.0636043e-16  4.1925462e-16  -8.7287859e-16  1.5055664e-16  2.7534547e-16  1.0000000   2.9335046e-17  1.6283399e-16  -4.0805075e-16  
8.8432387e-16  1.3277875e-16  1.3385948e-16  2.7158396e-17  1.2389281e-16  -3.7653616e-17  -4.2697616e-16  1.3230565e-17  1.0000000   6.2682935e-16  -2.8957549e-16  
-1.7852492e-16  3.4946003e-16  2.7643028e-16  -5.9486069e-16  1.4924750e-16  1.0692411e-15  2.9270436e-16  8.6417853e-19  6.2683550e-16  1.0000000   -4.2424069e-16  
5.8146841e-16  1.5231212e-16  -3.9589873e-16  -3.1366355e-16  2.5197265e-16  -1.6169489e-16  9.2948237e-17  -3.9954050e-16  -2.8930423e-16  -2.0570026e-16  1.0000000   
