1.0000000   5.9844075e-17  -2.0950932e-16  -8.1040931e-17  5.2220108e-17  1.9147666e-17  -4.6446972e-17  -5.3087121e-17  4.2121727e-19  -4.4246124e-17  -7.1064675e-18  
4.6433492e-17  1.0000000   -4.3271677e-16  1.1364881e-16  6.1055404e-17  -1.0315089e-16  -1.5992879e-16  -3.7032784e-16  9.0531908e-16  -2.7472148e-17  -2.5427209e-16  
1.8823373e-16  -5.2982331e-16  1.0000000   4.8076643e-16  2.1817442e-16  -3.6800851e-16  -6.7634219e-16  -1.1656286e-16  -6.0272348e-16  -1.2996595e-16  3.5450531e-16  
-4.2626939e-17  1.7936388e-17  4.1767867e-16  1.0000000   -5.4016381e-16  -4.4389881e-16  5.7673625e-16  9.7988166e-17  2.1109594e-16  2.6445196e-16  -8.9371717e-17  
2.5172007e-17  -8.6060063e-17  2.4226994e-16  -5.2584572e-16  1.0000000   3.3610241e-16  1.5311785e-15  -3.5872885e-16  -8.1253301e-17  9.7981302e-17  -1.9286978e-15  
-3.8158452e-17  -4.9069362e-17  -2.4817026e-16  -5.0700155e-16  3.9341584e-16  1.0000000   4.0657126e-16  -2.4941534e-16  -1.3867973e-16  -1.4916283e-16  8.4082589e-16  
5.9513131e-17  -1.1401650e-16  -5.4417431e-16  3.9562357e-16  1.5802443e-15  4.0198209e-16  1.0000000   5.7669005e-16  6.1079787e-16  -1.3793521e-17  8.9533585e-16  
-2.7468982e-17  -2.6633386e-16  -1.5450083e-17  1.3038965e-16  -5.0464896e-16  -3.3458429e-16  5.1406760e-16  1.0000000   -2.6875450e-16  5.9458950e-16  -1.5548137e-17  
-8.9226763e-17  1.0366722e-15  -3.7822082e-16  3.6736779e-16  -1.5936165e-16  -1.4849714e-16  6.7573843e-16  -2.8915297e-16  1.0000000   3.0439772e-16  -2.7954099e-16  
-3.1869079e-17  -2.9022812e-17  -1.6071802e-16  2.8435885e-16  6.2115651e-17  -2.1671592e-16  -2.8601748e-17  4.4799246e-16  2.4624221e-16  1.0000000   1.4829387e-16  
-1.1900170e-16  -4.6919944e-16  4.6009263e-16  1.4723889e-16  -1.4103048e-15  1.0090788e-15  7.5698487e-16  -3.7576923e-17  -3.2859944e-16  1.6621751e-16  1.0000000   
