1.0000000   1.3538675e-16  1.5569982e-16  -1.1512224e-16  1.8584114e-16  -1.2131377e-16  -1.3815500e-16  5.2391216e-17  3.3038072e-16  1.8261570e-16  -2.0542430e-17  
7.8452199e-17  1.0000000   -7.1967430e-16  -2.2320208e-16  2.1086183e-16  -9.3543733e-17  2.8793587e-16  3.1835032e-16  4.4838410e-16  2.1020767e-16  -7.2431422e-17  
8.5858503e-17  -7.4953707e-16  1.0000000   2.9326221e-17  5.6277736e-16  1.2400272e-15  -8.0106780e-17  -4.0909607e-16  -3.7610309e-16  4.7528374e-16  -9.1337172e-16  
-1.7470538e-17  -1.9944689e-16  2.8949255e-17  1.0000000   -6.5777477e-17  -8.0220173e-17  2.6562045e-16  -1.1076666e-16  1.7946282e-16  -1.2621623e-16  3.9975841e-17  
-9.6030878e-17  1.0610632e-16  5.0131274e-16  -4.0011880e-17  1.0000000   -1.4707609e-16  1.8919955e-16  -5.6709207e-16  3.8967388e-16  -8.1501792e-16  9.4115525e-17  
-8.8007374e-17  7.8656774e-17  9.7486304e-16  -9.7054208e-17  -2.1046087e-16  1.0000000   -4.1933468e-16  5.6218715e-17  -2.3665569e-16  5.9804779e-16  -7.0692862e-16  
1.1340521e-16  1.4878597e-16  3.9627767e-16  2.3536934e-16  2.3876759e-16  -7.2686606e-16  1.0000000   8.0849903e-16  6.9783270e-17  1.4466217e-15  2.5714412e-16  
-2.1198806e-17  4.1849532e-16  -4.3321086e-16  -9.3040635e-17  -3.7013975e-16  -7.7259728e-18  8.6480802e-16  1.0000000   5.0159536e-16  -8.3173509e-16  1.1182360e-16  
-1.9718699e-17  4.7268093e-16  -3.5789960e-16  2.4103577e-17  3.4654642e-16  -2.0187676e-16  9.0343126e-17  6.3170325e-16  1.0000000   -4.0007417e-16  -4.4680628e-16  
-9.6649656e-17  2.2173712e-16  4.5801791e-16  -1.0317916e-16  -8.8723234e-16  3.1789886e-16  1.4170461e-15  -8.6496343e-16  -4.4942858e-16  1.0000000   -7.1355432e-16  
1.7402836e-16  -1.0255456e-16  -8.9252370e-16  1.5621841e-16  4.8080131e-17  -6.3164263e-16  3.2659071e-16  9.4893101e-17  -3.4445781e-16  -8.1126910e-16  1.0000000   
