1.0000000   1.4029953e-16  -3.0635973e-16  1.0748511e-17  1.7665409e-16  -3.3589136e-16  -3.1011164e-16  4.1350276e-16  1.8956035e-16  -2.5316939e-16  5.1926906e-16  
1.2515222e-16  1.0000000   -9.6886292e-16  1.2866350e-17  4.1924309e-16  3.4596889e-16  8.2323297e-16  -9.0880896e-17  4.6900957e-16  -9.2419888e-17  -1.3386700e-16  
-1.8621753e-16  -7.6611088e-16  1.0000000   1.2939411e-16  -2.1399713e-15  -2.6047271e-16  -4.8643751e-16  5.0522130e-17  -6.8706166e-16  6.5547899e-16  3.8162773e-16  
1.6080916e-16  -2.0781545e-17  1.3274592e-16  1.0000000   4.3134688e-16  -1.4690785e-17  4.7759417e-17  -1.9858404e-16  -1.7466114e-16  -9.1032149e-16  1.9291073e-16  
3.0147460e-17  1.7132924e-17  -1.9398150e-15  4.2250699e-16  1.0000000   -1.7882300e-16  1.2074515e-15  -7.1532700e-16  -7.2467004e-16  3.4320652e-16  9.5773846e-16  
-3.3824977e-16  2.6633196e-16  -2.4257216e-16  -4.9782036e-17  -9.1228519e-17  1.0000000   -1.8364350e-15  -1.8583649e-15  2.0607324e-16  4.2262136e-16  -1.5155452e-16  
-1.8757638e-16  6.1554351e-16  -3.9526489e-16  6.3312110e-17  1.3816252e-15  -1.8024744e-15  1.0000000   -1.6865890e-16  8.7837757e-16  -6.5556333e-16  -6.4778793e-16  
4.3607695e-16  -9.3718980e-17  1.1373240e-16  -2.3701769e-16  -5.7484254e-16  -1.8312405e-15  -4.8030110e-17  1.0000000   4.9172915e-16  -9.5767236e-16  -4.5878438e-16  
1.3466216e-16  5.9983635e-16  -6.1201640e-16  -1.7045825e-16  9.5610538e-17  3.0624834e-16  1.1968243e-15  4.5927643e-16  1.0000000   -6.4698189e-16  -1.0648034e-15  
-2.6158979e-16  -1.3400321e-16  6.0250276e-16  -1.0215741e-15  2.5714904e-16  4.2067006e-16  -6.8944872e-16  -9.1062064e-16  -6.3141440e-16  1.0000000   9.1218495e-16  
-3.9405706e-16  -1.5506978e-16  4.2818828e-16  4.1123763e-16  9.2771114e-16  -2.9204341e-16  -6.5261136e-16  -5.3580128e-16  -1.1339908e-15  8.1929103e-16  1.0000000   
