1.0000000   1.0377487e-16  -2.8817446e-16  -1.1090544e-16  -1.2681490e-16  4.3527132e-17  8.2513453e-18  1.3279640e-16  -8.9884775e-17  -1.1419467e-16  7.7673310e-18  
7.9833204e-17  1.0000000   5.9453595e-17  -1.1155373e-15  -2.2652671e-16  4.9822598e-16  -5.6222529e-16  1.0535276e-17  4.2794293e-17  5.9544884e-16  -6.4455748e-16  
3.0524557e-16  2.8496729e-17  1.0000000   -4.2246773e-16  6.8470046e-16  8.7678038e-16  7.0885943e-16  -3.5039921e-16  2.5870893e-16  -6.8752275e-17  -1.8166993e-16  
1.4662933e-18  -1.0591826e-15  -3.0593106e-16  1.0000000   -1.0323011e-15  -2.0093380e-16  4.4778112e-17  3.6642166e-16  1.8448204e-16  2.9967450e-16  -2.8636109e-16  
2.2006584e-16  -1.2897600e-16  7.6565780e-16  -1.0047598e-15  1.0000000   -6.0725763e-16  1.6923209e-16  -2.7995114e-16  -5.7866653e-16  3.4270935e-16  1.4917578e-16  
2.4991971e-18  4.7104504e-16  6.6574006e-16  -2.1597472e-16  -3.8030630e-16  1.0000000   1.3688453e-15  -4.9027431e-16  3.0763328e-16  -3.5061033e-16  -1.9354173e-16  
1.0554692e-17  -5.8417802e-16  5.4696324e-16  -9.6653242e-17  1.9664510e-16  1.3628788e-15  1.0000000   7.7546614e-16  -1.3308132e-16  -3.0874004e-16  -8.2557083e-16  
-8.8723454e-17  -8.4658702e-18  -3.1175551e-16  2.3667128e-16  -3.6446539e-16  -5.0297911e-16  8.4901257e-16  1.0000000   2.1774457e-16  -9.4371789e-17  -5.5925943e-16  
5.9821654e-17  2.9606192e-16  4.8510641e-16  1.9911769e-16  -7.2038941e-16  3.8911412e-16  -8.8283994e-17  2.0184429e-16  1.0000000   -6.1563585e-16  -6.7149045e-16  
9.8868562e-17  5.4487126e-16  -9.6771714e-17  2.1082778e-16  3.6436119e-16  -3.5324312e-16  -3.0378682e-16  4.1524285e-17  -5.5425954e-16  1.0000000   1.8216799e-16  
2.3246630e-17  -6.8344211e-16  -1.3316374e-16  -3.5680162e-16  1.8043311e-16  -1.9568939e-16  -6.2662142e-16  -5.3568524e-16  -6.7563583e-16  1.6362982e-16  1.0000000   
