1.0000000   -8.3917634e-17  -1.6036176e-16  1.3401784e-16  5.3206090e-17  9.0001459e-18  -1.2129118e-16  2.3920083e-17  1.3772388e-16  -2.7611168e-17  -4.4862616e-17  
-2.9874942e-17  1.0000000   1.1868274e-15  -9.2649837e-16  -9.4219047e-17  7.2379395e-16  1.9143168e-16  4.3742909e-16  -2.9812392e-17  -3.9830946e-17  1.2771678e-15  
1.2450707e-16  1.1191616e-15  1.0000000   1.1398076e-15  -1.3459841e-16  -2.0920486e-16  -4.4992937e-16  5.4622039e-16  3.6688142e-17  -5.0019486e-16  -3.6512024e-16  
-4.1183240e-18  -9.2241163e-16  9.8265418e-16  1.0000000   5.5058221e-16  -1.5119772e-16  -9.4129514e-16  8.6683830e-16  -2.4028850e-16  -2.3051856e-16  -6.1627163e-16  
4.7330046e-17  -6.6488850e-17  -1.3551600e-16  5.7418404e-16  1.0000000   -7.8118745e-16  -5.3170769e-16  -8.5963687e-16  -2.1703183e-16  3.0200638e-16  7.3871798e-16  
-5.0729054e-17  7.4857434e-16  -3.4507778e-16  1.6037021e-16  -7.4058178e-16  1.0000000   -8.1088580e-17  2.5831269e-16  9.2413969e-16  1.0503022e-15  -2.7600589e-16  
-9.1387003e-17  1.4927174e-16  -5.6166843e-16  -7.2450552e-16  -5.4529195e-16  -1.2725826e-16  1.0000000   -4.7409789e-16  -2.4462709e-17  -5.8279113e-16  -4.8259279e-16  
-1.1437459e-16  4.4614656e-16  6.0560242e-16  7.5324799e-16  -9.6375417e-16  2.5651652e-16  -6.2540326e-16  1.0000000   8.6403345e-17  3.2202013e-16  -1.5302909e-16  
-8.0933461e-17  2.0346605e-17  7.5823258e-17  -2.5990752e-16  -2.2534199e-16  9.1935934e-16  -5.0857433e-17  1.7846301e-16  1.0000000   5.4740788e-17  -1.1597406e-16  
1.4818864e-16  -1.0658144e-16  -5.0251423e-16  -1.7355588e-16  3.3422967e-16  1.0616558e-15  -6.4117900e-16  2.6610668e-16  9.6727682e-17  1.0000000   -1.9487687e-17  
-3.8384978e-17  1.2123604e-15  -4.5688113e-16  -5.6864742e-16  7.4794116e-16  -2.8117167e-16  -4.4089844e-16  -9.3119811e-17  -1.1396151e-16  -8.3961294e-17  1.0000000   
