1.0000000   3.7600040e-17  -3.0242678e-17  -2.3811918e-18  -1.1041779e-17  1.8913580e-16  2.4737856e-16  -8.5325628e-18  3.6299080e-17  1.1054570e-16  8.2742863e-17  
1.2040606e-16  1.0000000   -3.2220877e-16  -1.9082718e-16  1.8748047e-17  1.1693952e-16  -7.2164118e-17  2.1928888e-16  -1.0715668e-16  1.9850649e-16  8.3027165e-16  
2.1810590e-16  -7.0166227e-16  1.0000000   -1.4726116e-16  5.1368608e-16  -2.5413370e-16  2.2535628e-16  -4.8742794e-16  5.8700202e-16  8.0289443e-16  4.5480079e-16  
2.5328042e-16  1.8525118e-16  -4.6525210e-16  1.0000000   -8.3661027e-17  -2.3158961e-16  -3.5120048e-16  1.7374240e-16  1.2203749e-15  -1.4427902e-15  -5.0290125e-16  
-3.0640542e-17  -8.4443262e-17  3.5118474e-16  -1.2640672e-16  1.0000000   3.5078043e-16  1.4360136e-16  -8.7915687e-16  1.5312199e-16  -1.0928521e-16  -7.6678505e-17  
-1.6974249e-16  -3.0069990e-16  -6.5020431e-16  9.1695144e-16  5.2303628e-16  1.0000000   -4.0225037e-16  -2.6770983e-16  -1.1361423e-15  -2.5256405e-18  3.1058157e-17  
-4.0400721e-17  -3.8013403e-17  1.4229331e-16  -3.9822286e-16  -1.0380485e-16  -3.2828250e-16  1.0000000   -2.2217557e-16  -1.8838581e-16  -9.2833831e-16  -1.7529940e-16  
-8.7573622e-17  2.7411836e-16  -3.9711076e-16  1.9030200e-16  -8.4631856e-16  -4.1511549e-16  -3.1706411e-16  1.0000000   -3.5111958e-16  -1.3915747e-16  -4.7155028e-16  
-9.6084384e-17  -2.6509606e-16  1.0070656e-15  2.2829731e-16  -1.1634976e-16  -5.8987410e-16  1.2582152e-17  -3.7020584e-16  1.0000000   -3.3408701e-16  1.5771753e-17  
2.3186441e-16  2.7859957e-16  5.5163130e-17  1.7235838e-16  1.2644363e-16  -9.4055224e-16  -6.6077508e-16  1.1269330e-16  -2.4975857e-16  1.0000000   5.6288516e-17  
3.7717477e-17  8.4386039e-16  2.5285035e-16  -1.6598458e-16  5.5640747e-17  -1.1833220e-16  -2.5004582e-16  -1.9067548e-16  -1.6703490e-18  8.2236311e-17  1.0000000   
