1.0000000   3.7245931e-17  -7.4062701e-16  -7.9966084e-17  8.0130442e-17  -1.6769346e-16  1.1334954e-18  1.7011681e-16  3.2955458e-16  2.7252451e-16  -9.4120796e-18  
-4.2426129e-17  1.0000000   5.3212977e-18  -3.4806516e-16  1.0744767e-16  1.1991761e-16  -1.2909752e-16  1.5091878e-16  -2.7085091e-16  -2.3637166e-16  4.1008141e-17  
-2.0546482e-16  -1.8348429e-17  1.0000000   2.0957021e-16  7.1069617e-16  6.6544603e-16  5.1214333e-16  -1.0814526e-16  -6.3764185e-16  2.0305630e-17  -3.5206863e-17  
-1.2898344e-16  -3.1779194e-17  2.4923417e-16  1.0000000   2.6567306e-16  -4.8089989e-16  -7.8622685e-16  9.8427341e-16  -2.6215564e-16  9.1718785e-16  -6.1939281e-17  
2.6190237e-17  7.2484178e-17  6.9903286e-16  1.7940746e-16  1.0000000   8.6001035e-16  -7.1540864e-16  -6.7812612e-16  -7.3635848e-16  -5.3589119e-16  -1.5703540e-18  
-4.4906123e-16  1.6902350e-16  5.4840447e-16  -1.8453808e-16  7.1225291e-16  1.0000000   -2.6613629e-16  -1.4313436e-15  -8.1399267e-16  -6.8390196e-16  3.0819363e-17  
-2.5874511e-16  -1.4214746e-16  4.0319660e-16  -6.8638033e-16  -7.6717375e-16  -2.2609919e-16  1.0000000   2.3359404e-16  8.1687840e-16  -3.8900466e-16  -4.5429739e-17  
1.7337905e-16  1.5181747e-16  -6.6384385e-17  8.7979872e-16  -8.2763316e-16  -1.4600320e-15  2.5691737e-16  1.0000000   1.0528804e-15  9.5477846e-16  8.4275118e-17  
2.3671462e-16  -2.2340954e-16  -6.2706102e-16  1.8150934e-16  -6.5698255e-16  -7.8120956e-16  8.9346418e-16  1.0312289e-15  1.0000000   7.0016236e-16  -5.9137642e-17  
8.3825867e-17  -2.5306967e-16  -9.7274458e-17  1.4954641e-16  -3.2964701e-16  -6.4021506e-16  -3.2106033e-16  8.6866673e-16  7.7454817e-16  1.0000000   1.7156312e-17  
3.7334172e-17  5.4937594e-17  -2.0861378e-17  -1.2237227e-18  -9.5636112e-18  -1.7224823e-17  -1.9214191e-17  3.1695254e-17  -3.9685562e-17  -3.0412979e-17  1.0000000   
