1.0000000   -3.4220698e-17  -1.3571647e-16  1.0414280e-16  5.5821477e-17  -1.9007799e-17  -1.7787327e-17  2.9904311e-17  -1.1212469e-16  7.6451155e-17  -2.8593847e-18  
6.1110890e-17  1.0000000   -2.8841104e-16  -2.2650457e-17  9.8362780e-17  -7.0370214e-16  5.1588001e-17  1.4816321e-16  2.5627419e-16  4.6034901e-16  -5.9814742e-16  
2.1202911e-16  -4.4654567e-16  1.0000000   -8.3781640e-16  9.9509581e-16  2.4220190e-17  -4.1483203e-16  -9.6941381e-16  3.6618899e-16  1.2400110e-15  4.8941840e-16  
-9.9040323e-17  -9.2591665e-17  -8.1119715e-16  1.0000000   -3.8120785e-16  8.1356151e-16  -1.9863868e-16  3.0771065e-16  8.6764023e-17  2.7092892e-16  -2.3040313e-16  
-8.2252882e-17  -3.7518331e-17  1.0655267e-15  -4.3701079e-16  1.0000000   6.4965415e-17  2.9044191e-17  -7.0844012e-16  5.1309459e-16  -4.2887127e-16  -2.7987409e-16  
-4.9633090e-17  -4.9417022e-16  -1.7592478e-16  8.0218277e-16  1.3025924e-17  1.0000000   4.7410661e-16  -3.9337113e-16  -8.0295746e-17  5.8513036e-16  -1.7046030e-16  
-2.0868897e-17  1.8825058e-16  -4.7905875e-16  -2.0437899e-16  1.1263713e-16  3.7578749e-16  1.0000000   -6.4653067e-16  4.3680993e-16  -8.4552201e-16  3.0031807e-16  
5.3266287e-17  1.8263472e-16  -9.8846947e-16  4.8452742e-16  -6.6601870e-16  -4.2582354e-16  -6.2119608e-16  1.0000000   9.7873463e-17  -9.9332000e-17  1.5895420e-16  
2.4862755e-17  1.5400381e-16  6.0930296e-16  1.6783762e-16  4.3091819e-16  1.5716137e-16  1.5537202e-16  1.9138177e-17  1.0000000   -4.0443363e-16  -9.2308549e-16  
-8.0272146e-17  9.2172352e-16  5.8111108e-16  2.0746127e-16  -1.2973040e-16  -3.9221531e-16  3.9137561e-16  -2.5327274e-17  -2.7870383e-16  1.0000000   -3.2557405e-16  
8.4192673e-17  -6.8340827e-16  6.6740333e-16  -4.2931865e-17  -1.4993330e-16  6.8472449e-17  3.8373981e-17  1.1846306e-16  -9.2245191e-16  -3.8039953e-16  1.0000000   
