1.0000000   -2.7632746e-17  2.1575901e-16  -4.0142958e-17  -1.0621069e-16  1.4862099e-16  7.9521541e-17  -2.8308806e-17  -1.1731988e-16  -7.0179715e-17  -1.8136114e-16  
-3.0705787e-18  1.0000000   2.4672389e-17  -1.3713536e-16  2.9314636e-17  -1.7473805e-16  -2.9132877e-17  -1.5785276e-16  -1.1292924e-16  -4.5146481e-16  -1.7739073e-16  
-6.3925572e-16  -1.2588874e-16  1.0000000   1.2154605e-16  -5.3851553e-16  5.5828175e-16  -1.6006486e-16  2.8732734e-16  -7.4549990e-16  3.8249534e-17  -1.6965023e-16  
4.2510100e-16  -2.9217108e-16  -1.8565394e-16  1.0000000   -7.1367902e-16  -5.5658405e-16  9.2150429e-17  -2.3634633e-16  -9.7083088e-16  -1.0854372e-16  1.0632682e-15  
6.0073967e-18  -2.2795523e-16  -1.3583584e-16  -3.0110486e-17  1.0000000   1.0542511e-15  5.4038134e-16  1.3769894e-16  2.3013376e-16  5.6215787e-16  4.6945615e-16  
1.5260550e-16  -2.0904128e-16  5.4104931e-16  -4.0073835e-16  9.3511209e-16  1.0000000   -3.7010345e-16  3.9799394e-16  -2.0514504e-16  -2.9248979e-16  5.4193168e-17  
-9.4910115e-17  -1.0262477e-17  -2.8763333e-16  6.5203708e-17  5.6496578e-16  -3.2857088e-16  1.0000000   3.1234826e-16  -2.5921233e-16  -9.5579766e-16  3.7826506e-17  
-2.2496351e-17  -1.6779629e-16  2.6071168e-16  -3.4202222e-16  1.3360783e-16  3.6139487e-16  3.1085313e-16  1.0000000   -1.5691755e-16  4.0560107e-16  1.1275601e-15  
-1.2654021e-16  -1.5415419e-16  -1.0548249e-15  -1.3517772e-15  -1.1954140e-17  -1.3150322e-16  -1.5708347e-16  -1.6139530e-16  1.0000000   2.2679227e-16  3.1069041e-16  
-1.2388014e-16  -4.8407529e-16  -6.4929862e-17  -2.2392728e-16  5.2592603e-16  -2.9315665e-16  -9.5359253e-16  4.3370482e-16  2.7076403e-16  1.0000000   2.5888122e-16  
1.1119028e-16  -1.3938809e-16  -3.7148853e-16  6.2506775e-16  3.1076601e-16  -1.8243396e-17  -1.5174816e-16  1.0839413e-15  3.4921728e-16  2.4806207e-16  1.0000000   
