1.0000000   -2.0913729e-16  -1.1851762e-16  1.0289955e-16  1.0698449e-16  -1.0087911e-16  -7.0214648e-17  -3.7583839e-17  5.2714614e-17  -3.2861642e-17  1.4622300e-17  
-1.7694808e-16  1.0000000   -2.6549865e-16  5.5250210e-16  -5.0950667e-16  -3.7104824e-16  1.1290080e-15  -1.4768319e-16  -1.6796285e-16  -1.3890912e-16  5.1014592e-16  
-4.9136068e-17  -1.6293442e-16  1.0000000   -6.5885746e-16  4.1463229e-16  1.9014631e-16  2.6246295e-16  7.8933376e-16  1.4509810e-16  -9.8321794e-16  4.6973906e-17  
-2.6212971e-16  7.1745903e-16  -6.7056506e-16  1.0000000   1.3594251e-16  -1.9113436e-16  2.6420595e-16  7.4616207e-16  -5.3971978e-17  6.9659206e-16  4.4525812e-16  
2.6138591e-17  -5.1392873e-16  5.2917280e-16  1.2778647e-16  1.0000000   -1.0982948e-15  8.0321790e-16  4.3668959e-16  -1.5854990e-16  4.7678540e-16  2.5890113e-16  
-1.8975360e-16  -4.0569590e-16  1.5555714e-16  -3.2083320e-16  -1.1681660e-15  1.0000000   1.0373786e-16  1.9924883e-16  3.7977084e-16  3.5219045e-16  -1.7637951e-15  
-1.5556276e-16  1.0378518e-15  4.7135797e-16  -7.5283587e-17  9.1272429e-16  -2.5996629e-17  1.0000000   -7.9339922e-16  -8.7877764e-16  -7.0375341e-16  -1.5046439e-16  
6.5804057e-17  -7.5081490e-17  5.5148462e-19  1.0212817e-16  4.9946250e-16  9.3283954e-17  5.3373994e-17  1.0000000   -3.4176575e-17  -4.3309152e-16  1.6787939e-16  
-2.8225358e-17  -1.7478435e-16  9.0214676e-17  7.6472020e-19  -1.4260134e-16  3.6232270e-16  -9.1962594e-16  -2.2316545e-17  1.0000000   -4.3782899e-16  5.4573867e-16  
3.5496032e-17  -1.8099095e-16  -8.8102030e-16  7.2008545e-16  5.5414743e-16  2.5502432e-16  -7.1579771e-16  -4.4599128e-16  -3.1626508e-16  1.0000000   -5.4181987e-16  
1.0906759e-17  5.3798514e-16  1.3642906e-16  4.2974301e-16  2.4683641e-16  -1.7813650e-15  -1.3810025e-16  1.9696396e-16  5.6684287e-16  -6.0966043e-16  1.0000000   
