1.0000000   -8.9890592e-17  2.8130514e-16  -3.5773750e-18  1.9713734e-16  -2.6653655e-16  -7.2539019e-17  -2.4958155e-17  5.8673600e-16  8.0890578e-17  1.2857958e-16  
-3.4477965e-17  1.0000000   3.7447428e-16  -3.2392783e-17  -5.4243966e-16  -1.2076742e-16  2.3612225e-16  6.9310136e-18  1.8085785e-16  8.1024150e-19  -1.1533995e-16  
2.9711078e-16  2.7114260e-16  1.0000000   -4.9667280e-16  1.0625634e-15  3.4748987e-16  -1.3977115e-16  -7.4361001e-16  -4.4013118e-16  2.6611193e-17  3.8139499e-18  
1.0809048e-16  -2.3194699e-17  -4.9711574e-16  1.0000000   -1.5801493e-16  -1.8250465e-16  2.8732766e-17  2.4212715e-16  4.1565683e-16  -3.1345466e-17  -8.0585745e-16  
1.4204389e-17  -4.5660896e-16  7.4789863e-16  -1.5459733e-16  1.0000000   -2.4251979e-16  9.4263926e-16  2.4398292e-16  8.3067711e-17  -4.5937717e-17  -1.3016508e-17  
-4.6114938e-16  -1.1108205e-16  8.6946804e-17  -1.9500022e-16  -4.0678782e-16  1.0000000   3.8920341e-16  2.8769949e-16  4.0449982e-16  -3.7672098e-17  2.4308740e-16  
-1.3678725e-16  2.5018933e-16  -2.1574215e-16  3.1065326e-17  1.2128689e-15  3.7627513e-16  1.0000000   3.3909119e-16  -2.6098713e-16  5.9803029e-17  4.6539425e-17  
1.5903917e-16  1.6462529e-17  -7.6242564e-16  2.6387015e-16  3.0966724e-16  3.6610369e-16  4.4226917e-16  1.0000000   -2.5183496e-16  -3.5154065e-17  -7.9921840e-17  
5.4368987e-16  1.9587066e-16  -6.5829650e-16  4.0688996e-16  3.2785558e-16  4.7057775e-16  -1.8940494e-16  -4.1409953e-16  1.0000000   -6.3858120e-17  2.0937161e-16  
6.8763798e-17  1.5022947e-17  2.8350124e-17  -4.9975452e-19  -3.6249705e-17  -3.0152019e-17  2.7420266e-18  -3.7631512e-17  -4.1100496e-17  1.0000000   4.0731654e-16  
3.3320006e-17  -1.1542030e-16  2.3823794e-18  -8.0581904e-16  -1.2799416e-17  2.3506375e-16  2.8583709e-17  -7.4730723e-17  2.2535292e-16  4.0202331e-16  1.0000000   
