1.0000000   1.4668557e-16  6.0773891e-17  8.7826287e-17  8.1018132e-17  7.5599547e-18  2.6865110e-17  -4.6313649e-17  -4.9839177e-17  -1.2819312e-16  3.5706197e-17  
1.0498354e-16  1.0000000   -6.9301213e-16  5.4216677e-16  -1.0631643e-15  -3.6095159e-16  8.9105683e-16  -5.1034127e-17  5.6354232e-16  1.5837200e-16  3.6789436e-16  
8.6651719e-17  -6.5454665e-16  1.0000000   2.4581413e-16  8.2531032e-16  -5.4380637e-17  -1.2200470e-15  3.7823397e-16  5.2871954e-16  1.0811428e-15  1.2101985e-15  
2.4514283e-17  6.0854802e-16  2.3823359e-16  1.0000000   -4.0291176e-16  2.3376683e-16  -8.9909217e-16  6.9857814e-16  -3.2038333e-16  -9.7723320e-17  2.1200472e-16  
2.1741652e-16  -9.0119666e-16  7.9035818e-16  -5.4830107e-16  1.0000000   -6.1159040e-16  9.1008709e-16  3.0543553e-16  -1.2669295e-16  1.9966970e-17  3.7709366e-16  
-8.2682271e-17  2.1069504e-16  2.3399559e-16  2.5756389e-16  -6.6008951e-16  1.0000000   -7.1885804e-16  -5.6179566e-16  -1.1188060e-15  5.8208929e-16  4.8341017e-17  
4.4413423e-17  1.2759918e-15  -1.2933879e-15  -9.5618748e-16  9.9183408e-16  -7.6390284e-16  1.0000000   4.5003880e-16  -4.0687418e-16  4.6748928e-16  5.1660878e-16  
-3.0015768e-17  -1.4054231e-16  5.3526384e-16  6.9889416e-16  3.4156716e-16  -4.0934034e-16  3.9257584e-16  1.0000000   8.1151050e-19  1.2725853e-16  -2.0044018e-16  
3.1549227e-17  4.2723659e-16  5.0889251e-16  -3.4803493e-16  -1.3465155e-16  -1.1416211e-15  -4.3887178e-16  -8.6764099e-17  1.0000000   1.5604282e-15  -5.6595269e-16  
-2.5700012e-17  1.6430418e-16  1.1579064e-15  -1.3264910e-16  1.3490229e-17  5.7592107e-16  4.5838662e-16  1.7473343e-16  1.6709448e-15  1.0000000   -1.3383024e-15  
-5.6685834e-17  4.3175956e-16  1.2767141e-15  2.0240191e-16  2.6202191e-16  3.3915199e-18  5.7103234e-16  -2.2095024e-16  -6.3040935e-16  -1.3361311e-15  1.0000000   
