1.0000000   1.0211543e-18  -7.5585533e-17  -6.4672299e-19  2.8549239e-17  7.9638240e-17  2.3468124e-16  -4.7744256e-17  1.3374196e-16  -1.0255229e-17  1.7135132e-17  
3.2758039e-17  1.0000000   9.2409033e-16  -3.2443001e-16  -2.8129410e-16  -1.4501138e-16  -7.7346438e-16  8.5779833e-16  -4.8960087e-16  4.6079808e-17  5.7970275e-16  
1.3939176e-17  1.0262637e-15  1.0000000   -7.0533971e-16  -7.6716544e-16  5.6111414e-16  -3.0277905e-16  -5.2219191e-17  -5.4639033e-16  1.6813395e-16  2.1521667e-16  
-7.7728300e-17  -4.4453687e-17  -2.3424432e-16  1.0000000   3.2295513e-16  -6.2496013e-17  -3.8977060e-16  8.7933198e-16  -3.6130885e-16  -2.6342094e-16  3.6495283e-16  
2.0691356e-17  -2.1076104e-16  -8.2213492e-16  4.6954978e-16  1.0000000   2.0652144e-16  4.4522347e-16  4.6022156e-16  -4.2645041e-16  1.0509858e-15  1.3702926e-15  
-4.4280645e-17  -1.7995234e-16  4.8531274e-16  3.7762289e-17  1.5064736e-16  1.0000000   2.4948630e-16  -2.8050917e-16  -4.2390516e-16  2.9912346e-17  5.5485147e-16  
-2.2596754e-16  -7.2867212e-16  -7.6327515e-17  6.6173431e-16  3.3484891e-16  1.4344521e-16  1.0000000   2.1794710e-17  1.8304827e-16  -1.7841909e-15  -7.4057107e-16  
1.0359857e-16  8.3460707e-16  -2.0592498e-16  3.2489939e-16  3.0494111e-16  -2.0906794e-16  1.8741375e-17  1.0000000   -3.3926452e-16  1.3813970e-16  -7.7824707e-16  
-3.3425244e-17  -4.8311509e-16  -6.0467374e-16  -3.5673820e-16  -3.0070281e-16  -2.6249567e-16  1.8778466e-16  -3.3754915e-16  1.0000000   3.3769405e-16  -1.0131463e-15  
-8.6547974e-17  6.0989576e-17  1.2365345e-16  -4.4795553e-17  1.0540766e-15  1.3845812e-17  -1.7904288e-15  1.5482908e-16  3.7969372e-16  1.0000000   -1.9308370e-16  
1.5137175e-16  5.6292798e-16  1.4642913e-16  3.0653784e-16  1.4011331e-15  5.7215805e-16  -7.9669717e-16  -7.7825726e-16  -1.0702024e-15  -1.9212401e-16  1.0000000   
