1.0000000   -4.5702208e-18  -4.8111915e-17  -1.7764538e-16  -8.3355279e-17  -2.5335582e-16  1.5213514e-16  1.3921693e-16  -3.6753223e-17  -1.0930573e-16  -3.4246571e-16  
-4.0982537e-17  1.0000000   1.1556612e-16  -5.0739316e-17  -2.9647342e-16  2.5770093e-16  -4.8891836e-17  5.0062185e-17  -1.5838708e-16  2.7758297e-16  -3.7336101e-17  
-5.1091673e-16  1.8056332e-16  1.0000000   5.9441520e-16  -3.1764373e-16  -1.2879959e-15  4.1903547e-16  -5.7429086e-16  3.0999068e-16  2.4578319e-17  2.1048524e-16  
-1.3745513e-16  -4.6433306e-17  3.5114977e-16  1.0000000   3.1184349e-16  -3.9771511e-16  4.6791872e-17  5.3126601e-17  -1.8278857e-16  -1.4364045e-16  -4.0233310e-16  
-4.5628313e-17  5.6277389e-17  -2.7379212e-16  2.3519533e-16  1.0000000   7.9906619e-17  -5.8446065e-17  -1.7602110e-16  2.5028264e-16  1.9365492e-16  4.7936653e-16  
-1.3845204e-16  1.7104732e-16  -8.2727416e-16  -3.7978774e-16  9.5808217e-16  1.0000000   1.8967847e-18  2.5078932e-16  1.0630422e-17  2.6316983e-17  -5.8160924e-16  
2.0137128e-16  1.0217538e-17  2.5713893e-16  9.0193231e-17  -3.3587522e-16  7.2234540e-17  1.0000000   5.8925105e-16  -6.1644848e-17  -1.1235489e-16  5.5077894e-17  
2.0785952e-16  4.1498738e-18  -6.2480097e-16  1.0149443e-17  2.3518693e-17  1.2937285e-16  6.6370847e-16  1.0000000   -1.2607540e-16  8.1217443e-17  -1.3356693e-15  
1.3385434e-16  -3.2033197e-16  2.1174869e-16  -2.8820531e-16  1.0277694e-16  -4.8887037e-16  9.2889114e-17  -3.1330330e-16  1.0000000   -3.0835387e-17  -4.8735396e-16  
-2.2762699e-16  -2.2163826e-17  -1.5298899e-16  -9.3642873e-17  -3.7651787e-17  -1.0366540e-15  2.4692727e-16  -1.8536333e-17  -1.5750547e-16  1.0000000   -7.0809837e-16  
-3.7510551e-16  -8.4549959e-18  1.7729720e-16  -3.7135391e-16  5.3651080e-16  -4.4342556e-16  -2.8687312e-17  -1.3220105e-15  -5.2519770e-16  -6.6906370e-16  1.0000000   
