1.0000000   1.3831301e-16  2.2936033e-16  -3.5638382e-16  -3.0832823e-17  -2.8146006e-17  2.3075785e-17  -1.6520078e-16  -3.9323985e-16  2.0276906e-16  -3.7804054e-16  
-2.0457532e-17  1.0000000   3.9709274e-16  -1.0768912e-16  2.6372454e-17  2.1978001e-16  -5.1147001e-17  1.7840016e-16  1.8776328e-16  -6.5682512e-16  1.0750707e-15  
4.3709501e-16  1.2250909e-16  1.0000000   2.3756343e-17  2.8802026e-16  5.5124134e-16  1.4003403e-15  -1.8135351e-16  -2.1654854e-16  -7.0442970e-16  8.6143251e-18  
-8.9136545e-17  -9.7458984e-17  -1.1812527e-16  1.0000000   4.4358111e-16  -1.2460003e-15  5.3599275e-16  -3.5277131e-16  8.8331143e-16  4.1794597e-16  -3.4687291e-16  
-2.6673024e-16  1.2839138e-16  2.6455831e-16  2.1014015e-16  1.0000000   -6.0269181e-17  7.8010634e-17  4.7562363e-16  -9.9986763e-16  6.4358973e-16  -1.5779017e-16  
-1.2394661e-16  3.1868177e-16  3.6536742e-16  -1.1933829e-15  -4.5697405e-18  1.0000000   -1.6608088e-16  -8.0475383e-16  8.6416671e-16  -3.7612990e-16  1.0374031e-16  
-7.5175234e-17  2.0746004e-17  1.3561950e-15  6.1540358e-16  9.4745342e-17  2.8471534e-16  1.0000000   1.0911672e-16  2.2380852e-16  -1.2941492e-16  -3.8551858e-17  
-7.0454758e-17  6.6406704e-17  -5.3274374e-16  -3.8747696e-16  4.9570094e-16  -2.7716506e-16  2.1690627e-16  1.0000000   1.0969438e-15  7.6943331e-18  -2.0677811e-16  
-6.6568825e-16  1.7230535e-16  1.6635475e-16  6.5539455e-16  -1.2707508e-15  -7.1096698e-16  2.2765826e-16  1.2047140e-15  1.0000000   -7.1913511e-16  -3.3411638e-16  
8.7614164e-17  -5.2453117e-16  -6.0857062e-16  3.2199891e-16  5.6959219e-16  -7.1611306e-16  -4.5701755e-16  -1.6019755e-17  -6.1479435e-16  1.0000000   -1.2594194e-16  
-2.7156191e-16  1.0027638e-15  6.7649133e-17  -4.0456686e-16  -1.9215916e-16  -7.1392225e-17  -1.0894707e-16  -2.6717029e-16  -3.3941711e-16  -1.6420708e-16  1.0000000   
