1.0000000   7.2874462e-18  -3.6994490e-17  4.7240421e-16  -6.3374798e-17  1.8573258e-16  1.8092655e-16  -4.2897478e-16  -1.1118456e-16  1.6651262e-17  3.0318199e-16  
6.5628060e-17  1.0000000   -9.5208761e-17  -3.4528565e-16  6.4931534e-18  3.1215550e-16  -1.1339665e-15  8.7788848e-16  -4.3887312e-16  2.6685337e-17  5.3971482e-16  
-3.7067889e-16  -9.1385727e-18  1.0000000   2.7408196e-16  5.0183366e-16  -3.5491092e-16  2.3123625e-16  -1.0534391e-16  -2.5913693e-16  6.8794010e-16  1.0838068e-15  
7.9027902e-16  -1.7127111e-16  1.8740125e-16  1.0000000   -3.9868969e-17  -6.0448036e-16  2.1526346e-16  8.3895577e-16  -4.0071065e-16  -5.8202575e-16  -2.2725534e-16  
9.4883181e-17  7.3786979e-17  7.5215989e-16  -4.2462801e-17  1.0000000   6.3528509e-16  5.0213425e-16  -3.3988350e-16  6.9604810e-16  -2.5932708e-17  -4.1058059e-16  
4.6025753e-16  3.5658067e-16  5.7648675e-16  -5.9231241e-16  4.4518546e-16  1.0000000   -1.8837849e-16  5.5349293e-16  4.0978547e-16  8.5491258e-16  7.7093381e-16  
5.1365083e-18  -1.1797825e-15  1.1580340e-15  1.8656922e-16  5.6803840e-16  -4.4473783e-17  1.0000000   -2.3638134e-17  -7.0110618e-16  5.5667267e-16  6.2344674e-16  
-2.3715828e-16  9.6043570e-16  -1.1185829e-16  8.9775981e-16  -3.4158555e-16  4.3814835e-16  -1.3498009e-16  1.0000000   7.7807063e-16  -1.0659334e-15  -3.7990738e-16  
-4.6598592e-18  -4.2401765e-16  -3.3560247e-16  -4.1730616e-16  7.0175971e-16  4.5467997e-16  -7.8474232e-16  7.3506310e-16  1.0000000   3.2349019e-16  -8.5061801e-16  
4.4758129e-18  3.5048147e-18  6.3044006e-16  -5.6581196e-16  -2.8746207e-17  8.3315577e-16  5.4924012e-16  -9.2939916e-16  2.6890310e-16  1.0000000   -4.9925985e-16  
2.8307625e-16  4.3048583e-16  1.2191536e-15  -1.6246971e-16  -4.5933665e-16  1.0165564e-15  7.4054481e-16  -4.5766863e-16  -8.4465024e-16  -3.7781396e-16  1.0000000   
