1.0000000   1.4138691e-17  9.1184530e-17  -2.1925294e-16  -7.1058850e-16  2.2915426e-16  5.0092892e-16  -7.0202523e-16  -1.3839711e-16  -1.2982724e-17  8.7025775e-17  
5.9676495e-17  1.0000000   6.5230643e-17  -5.7013542e-16  2.2829029e-16  1.3124008e-16  -3.8905522e-16  -3.3085708e-16  -4.9049727e-17  -8.5538872e-16  6.3939989e-16  
-2.5559256e-17  1.4304954e-16  1.0000000   -7.2648294e-16  2.7082239e-16  6.1165173e-16  -3.0424072e-16  -1.1561766e-15  -3.2119984e-16  3.4594128e-16  -4.3270103e-16  
-3.2892320e-16  -2.1433019e-16  -6.4465209e-16  1.0000000   3.9435786e-16  -1.6665857e-16  -1.9167625e-15  4.8427745e-16  4.3626572e-16  -6.1586921e-16  1.3143863e-16  
-4.7416056e-16  2.2595091e-16  2.0444739e-16  2.7174226e-16  1.0000000   4.7152587e-17  6.1400121e-16  -2.3114468e-16  -7.2218940e-16  1.0522859e-16  3.1543046e-16  
1.6927810e-16  1.1995915e-16  4.8699298e-16  7.5637597e-16  1.6080064e-17  1.0000000   3.9510707e-17  -6.9051473e-16  -3.6911127e-16  -1.3341289e-16  3.3619135e-16  
3.7423948e-16  -3.2214441e-16  -2.5192408e-16  -1.9478984e-15  7.2508079e-16  1.2630208e-16  1.0000000   3.1679957e-16  1.2989772e-16  2.3312554e-16  2.2442691e-16  
-7.6483003e-16  -1.5969491e-16  -1.1940118e-15  3.4155041e-16  -2.0465712e-16  -8.8808032e-16  4.0945861e-16  1.0000000   -4.0892238e-16  5.8601761e-17  -1.9794746e-16  
1.6320451e-16  -6.4803331e-17  -2.2486233e-16  4.0279204e-16  -7.6843687e-16  -5.0859396e-16  -5.4434488e-17  -4.8177569e-16  1.0000000   8.8356721e-16  4.6090925e-16  
-8.7747051e-17  -1.6747786e-16  1.8488586e-16  -1.1988427e-15  3.2381799e-16  -7.9785496e-16  1.2898401e-16  6.0867726e-17  9.6280453e-16  1.0000000   1.0856527e-16  
1.1526680e-16  6.5067482e-16  -4.1020451e-16  1.3035121e-16  3.1540562e-16  3.3735950e-16  2.2600865e-16  -2.2930991e-16  4.5736194e-16  1.1514107e-16  1.0000000   
