1.0000000   -6.4784183e-18  1.8813133e-16  -9.4996633e-17  2.4493639e-16  3.7681250e-17  1.4436605e-17  3.9957813e-16  8.3875112e-17  -3.8844273e-16  -5.9420090e-17  
-3.0188227e-17  1.0000000   -7.6067457e-16  5.8646435e-16  3.4869444e-16  -1.7295069e-16  -5.8118922e-17  -1.5779655e-17  1.6438430e-17  -4.0472608e-16  -3.3057769e-16  
-2.0419539e-16  -7.4347840e-16  1.0000000   -2.7759725e-16  2.0732497e-16  -1.0058844e-15  -7.7865743e-16  -2.6294843e-17  -6.9715241e-16  1.4029725e-16  7.2370982e-16  
-2.1773851e-16  6.3498405e-16  -2.6891636e-16  1.0000000   -9.5171480e-16  -2.2444711e-16  3.3553374e-16  8.8187757e-17  -4.6317491e-16  -7.7304734e-18  -7.4028547e-17  
2.4400672e-16  4.3264777e-16  2.3470977e-16  -1.1042207e-15  1.0000000   -1.1440233e-15  3.0964930e-16  5.0323544e-16  -3.4675601e-16  3.7871290e-16  -4.7805608e-16  
1.5354059e-19  -2.1239953e-17  -1.0253945e-15  -2.4883058e-16  -1.0584295e-15  1.0000000   1.4166236e-15  3.7840440e-16  -2.6282896e-16  1.0731897e-16  3.2331078e-16  
4.9001088e-17  -2.0011373e-16  -7.2740146e-16  3.9555007e-16  1.8768733e-16  1.5478323e-15  1.0000000   -5.4354516e-16  -6.1743350e-16  1.7098646e-16  4.8442555e-16  
5.3111010e-16  -1.0285640e-16  -8.4518309e-17  1.6912423e-16  5.4031398e-16  3.5676737e-16  -5.4760861e-16  1.0000000   -3.0420176e-17  -9.4069534e-17  2.9500421e-16  
-7.8610452e-17  2.6214522e-17  -5.8483633e-16  -3.5946652e-16  -3.4131007e-16  -2.5058091e-16  -5.4221178e-16  9.1964002e-17  1.0000000   3.9935395e-16  4.8002945e-16  
-2.8304767e-16  -3.3738954e-16  7.3437437e-17  -1.1974753e-16  4.1867864e-16  1.6594159e-16  1.0182559e-16  -4.9580941e-17  2.7906175e-16  1.0000000   -2.1812792e-17  
-3.2647485e-17  -2.7597117e-16  7.4853667e-16  -1.5004372e-16  -4.9485994e-16  3.5961461e-16  5.6922393e-16  3.6421824e-16  4.1686409e-16  6.9728599e-17  1.0000000   
