1.0000000   2.7677588e-17  -2.4998399e-16  -2.2147069e-16  3.6264714e-17  -3.0777844e-16  1.7706777e-16  -2.6330348e-16  -1.9262602e-17  -2.6858127e-16  4.0230637e-17  
4.7767937e-17  1.0000000   -3.7677246e-16  5.6087370e-16  -3.4866874e-16  -5.5000098e-16  1.4978240e-16  2.5763433e-16  1.0467308e-16  6.9115342e-16  1.2743436e-16  
-3.6086878e-16  -3.0855975e-16  1.0000000   5.2122682e-16  1.7266908e-16  9.9461677e-17  -4.8824860e-17  -2.4015676e-16  1.4087963e-15  3.1300208e-16  1.1414756e-17  
-2.0434636e-16  5.2347383e-16  4.6662377e-16  1.0000000   -3.8515270e-16  -9.5413056e-16  -7.8173186e-18  2.8359334e-16  3.3178146e-16  1.1620873e-15  -2.4975121e-16  
4.8315071e-17  -3.6059192e-16  1.3704744e-16  -3.9079767e-16  1.0000000   3.6673304e-17  -2.9638459e-16  2.1164352e-16  -2.1873605e-16  -1.7194775e-16  1.2140757e-16  
-3.7560283e-16  3.4851882e-16  -2.3730479e-17  -1.4588098e-16  3.9507819e-17  1.0000000   4.3058217e-16  1.0891171e-16  -3.3258160e-16  -2.1835042e-16  -7.6695445e-17  
2.3353697e-16  7.0241539e-17  -2.7036383e-17  -9.3059598e-18  -2.6903553e-16  3.3758809e-16  1.0000000   4.7693654e-16  -9.9140594e-16  3.9024753e-16  3.9271118e-16  
-3.9128521e-16  4.4402419e-17  -2.9520349e-16  1.1386538e-16  2.5922568e-16  -5.6470780e-17  4.7953841e-16  1.0000000   -7.1181219e-16  1.1863082e-15  1.4016744e-16  
-5.8348169e-16  1.4603037e-17  1.4300883e-15  2.0164422e-16  -2.9291846e-16  -1.5089924e-16  -9.1802189e-16  -7.9297494e-16  1.0000000   -4.4822083e-16  -6.2082602e-16  
-2.2803972e-16  6.3517462e-16  2.8987727e-16  1.4965139e-15  -1.8956387e-16  -1.3175693e-15  4.7975938e-16  1.5211588e-15  -2.5549498e-16  1.0000000   -2.2490927e-16  
9.0476539e-17  1.0489292e-16  -6.2300112e-17  -1.6086721e-16  1.1147193e-16  -3.6095631e-16  3.8446795e-16  2.3238603e-16  -3.6882017e-16  -1.8576004e-16  1.0000000   
