1.0000000   7.9326759e-17  1.1546246e-16  1.6518716e-16  -3.1796661e-16  1.4729330e-16  -1.3108417e-16  -1.3413708e-16  3.4230892e-16  5.3036733e-16  -3.4229278e-16  
-2.2863357e-17  1.0000000   -5.5151413e-17  -4.0495753e-16  -3.2423646e-16  -4.1279014e-16  -2.5403726e-16  1.7955680e-16  -2.0061232e-16  7.3433098e-17  -1.4112071e-16  
1.9669788e-16  -2.7503153e-16  1.0000000   -1.1278288e-16  1.7984657e-16  6.9130026e-16  -5.6634142e-16  -1.6940200e-16  -6.2737365e-17  -5.4057563e-16  7.0517356e-16  
-5.2602535e-18  -3.3300387e-16  -1.1179156e-16  1.0000000   -2.8159338e-16  1.5128365e-16  -2.4873190e-16  -3.1569191e-16  -3.3165457e-17  1.3402363e-16  1.2287100e-16  
-2.1975340e-16  -3.9413027e-16  1.8928786e-16  -2.6308189e-16  1.0000000   4.6257991e-18  -1.1871117e-15  1.2262693e-15  7.4101833e-16  -8.5729541e-16  -1.4645708e-16  
6.1645953e-17  -3.1861427e-17  4.5597161e-16  1.7316323e-16  -6.5036153e-17  1.0000000   1.0507348e-16  2.8702014e-16  9.7601924e-16  5.7294309e-16  -6.7588613e-16  
-3.3890546e-16  -3.6724810e-16  -4.9828648e-16  -1.7734743e-16  -1.3102054e-15  1.9474843e-16  1.0000000   -7.0930418e-16  4.7406745e-16  -4.2032526e-16  -3.1128428e-16  
8.1919740e-17  1.9644616e-16  7.5701922e-17  -4.1667761e-16  1.3393088e-15  1.6652757e-16  -6.2375612e-16  1.0000000   -3.9432551e-16  4.9782128e-16  -3.9689359e-16  
8.7315761e-17  -1.8745839e-16  -3.4501822e-17  1.4271824e-16  7.8647207e-16  9.0077154e-16  3.6187418e-16  -4.5148843e-16  1.0000000   -1.2430957e-16  -2.5233175e-16  
3.3642971e-16  1.2858902e-16  -5.7313452e-16  8.3953142e-17  -7.1607781e-16  6.1829270e-16  -4.4800233e-16  3.6902061e-16  -5.1031090e-17  1.0000000   -3.2258276e-16  
-2.9636924e-16  -1.2196890e-16  6.9832615e-16  1.8924894e-16  -1.5696050e-16  -7.1023247e-16  -3.1039774e-16  -3.9924419e-16  -1.5933367e-16  -4.6865359e-16  1.0000000   
