1.0000000   1.4245295e-16  -5.0863139e-17  5.8852467e-17  -4.9603954e-17  1.2276224e-16  1.8367127e-17  9.8587212e-17  -7.6144741e-19  -8.2341782e-17  -7.0636195e-18  
1.0070290e-16  1.0000000   -6.3534832e-16  3.3120797e-16  -1.0687782e-15  5.3152466e-16  -1.1172841e-17  8.7479642e-16  -3.3105765e-16  -8.0882171e-16  -4.0004434e-16  
9.2823586e-17  -6.1853706e-16  1.0000000   7.2222767e-16  -6.4027839e-17  -7.5371733e-17  -1.8103292e-16  4.3327198e-16  2.3412324e-16  -1.0288958e-16  3.2131951e-16  
7.1568379e-17  1.6222149e-16  7.6494271e-16  1.0000000   2.3329747e-16  9.2275419e-16  1.5959021e-16  -4.2231570e-16  -2.1653590e-16  -7.2119377e-16  4.4416375e-16  
5.3103864e-17  -1.0526364e-15  -8.6574096e-17  2.7326679e-16  1.0000000   -3.7533566e-16  6.0617505e-16  -7.3927815e-16  -5.4269324e-16  4.2861780e-16  -8.2132859e-17  
5.0697103e-17  6.8481023e-16  -2.2859058e-17  9.5311742e-16  -4.1765624e-16  1.0000000   7.9295008e-16  -4.6022130e-16  1.0038098e-15  4.1841570e-16  -2.6898209e-16  
1.1386771e-16  -1.7680618e-16  -4.3915778e-17  1.0553158e-16  4.0130374e-16  9.6460888e-16  1.0000000   1.2544360e-16  4.7773681e-16  -2.3002257e-16  2.6061510e-17  
-8.9258667e-18  8.5041601e-16  4.4092673e-16  -4.5412154e-16  -7.3859998e-16  -5.1080976e-16  1.1605370e-16  1.0000000   -3.9227749e-16  -5.3383392e-16  -1.3386672e-15  
-1.7066510e-16  -1.4417314e-16  2.8224550e-16  -3.4388802e-16  -6.1055048e-16  8.8970419e-16  6.2014386e-16  -2.1811372e-16  1.0000000   -1.2719989e-16  -5.7640931e-16  
9.5318607e-17  -1.5530519e-15  9.9146451e-18  -5.8686941e-16  4.4330354e-16  3.0991520e-16  -6.4091742e-16  -3.8782747e-16  -1.3292612e-16  1.0000000   9.7021907e-17  
1.4934226e-16  -5.8909447e-16  2.1685949e-16  4.2152171e-16  2.0264549e-17  -2.8046447e-16  8.6593872e-17  -1.3030236e-15  -5.6754553e-16  -2.2641614e-17  1.0000000   
