1.0000000   1.0217044e-16  4.9130972e-17  -4.5924079e-16  -2.3601883e-16  2.9384683e-16  -6.1489902e-16  -4.0504871e-16  -1.2212409e-15  2.5076412e-16  5.8339993e-16  
4.1919483e-17  1.0000000   -1.3067181e-16  -1.8735632e-16  -1.2780677e-16  9.7123391e-16  9.2235066e-16  -3.1563927e-16  1.2976580e-16  8.0270708e-16  -4.1685479e-16  
-1.6486237e-17  7.4556288e-17  1.0000000   6.8532771e-16  9.0290954e-17  -1.2761055e-15  -1.6412258e-16  1.6785385e-16  -7.7814023e-17  6.9453504e-16  -8.6628939e-16  
-2.5387456e-16  -1.4732070e-17  5.1339503e-16  1.0000000   4.4741947e-16  1.9180529e-16  1.1962767e-15  -3.0510627e-16  -3.3828039e-17  2.7840395e-16  1.4409885e-15  
-3.6534403e-16  -1.2820872e-16  7.2316792e-17  4.7507386e-16  1.0000000   -1.9493919e-16  6.6434208e-16  -7.7388437e-17  -2.6280311e-17  -3.0694000e-16  -1.4621702e-16  
1.9516019e-16  5.1726213e-16  -1.4899189e-15  -1.5686783e-16  -1.4497767e-16  1.0000000   1.4064763e-16  1.4860296e-16  5.5722563e-16  1.6909898e-17  -5.2130304e-16  
-6.1401687e-16  1.0011961e-15  -1.6614522e-16  1.0608910e-15  6.6154974e-16  1.3796088e-16  1.0000000   3.7988970e-16  5.4775269e-16  1.1036825e-16  -9.7801140e-16  
-3.5470886e-16  -3.9275159e-16  1.4523100e-16  -2.1096289e-16  -8.7523730e-17  2.0992375e-16  3.1052030e-16  1.0000000   2.0829201e-17  -1.6082853e-16  -2.4672671e-16  
-1.3998436e-15  4.8258146e-16  -1.4773191e-16  -1.0151456e-15  -4.9892300e-18  4.2149426e-16  5.9653472e-16  -4.6354930e-17  1.0000000   7.7412456e-16  -6.3656019e-16  
-7.2653827e-18  7.1080834e-16  6.3726878e-16  3.3573907e-16  -5.2227153e-16  2.1722538e-17  2.7976949e-16  -2.3905653e-16  7.7519145e-16  1.0000000   -4.0314339e-16  
4.9954194e-16  -4.1160939e-16  -6.2928958e-16  1.5583530e-15  -2.2212100e-16  -4.3069762e-16  -1.0270176e-15  -6.8379011e-17  -7.3831661e-16  -2.9433623e-16  1.0000000   
