1.0000000   -1.6170026e-17  2.7664110e-16  -3.8622652e-17  4.2705553e-16  -4.8177878e-17  7.4237857e-17  4.6113824e-17  -1.4410419e-16  1.4766333e-16  -1.0875398e-16  
-3.1572578e-17  1.0000000   -6.7258664e-16  -3.9284794e-16  3.0636109e-16  -1.3115307e-16  -2.5910745e-16  -2.3291277e-16  -1.6781019e-16  2.6364033e-17  4.1542750e-16  
9.6962834e-17  -2.3087455e-17  1.0000000   1.3958215e-16  3.6577356e-16  -2.3730800e-17  1.0943628e-15  -1.5740405e-15  -6.5425033e-16  3.5669591e-16  -2.7441399e-17  
5.9391811e-17  -4.3593735e-16  1.1615226e-16  1.0000000   -3.7518540e-16  1.9878754e-17  3.9733672e-16  1.4056707e-16  -9.9556459e-17  1.4134767e-16  6.7441542e-16  
4.1073557e-16  -5.9077452e-17  -7.1796270e-16  -3.8202411e-16  1.0000000   2.6647618e-16  1.3051716e-15  -3.1014728e-16  -1.3328545e-16  3.7042747e-16  -2.5850197e-18  
-1.8928871e-16  -1.3247814e-16  3.2934537e-17  -1.8959348e-17  3.8637798e-16  1.0000000   8.8761537e-16  -5.4463357e-17  -1.0879878e-17  2.4073172e-16  -1.6821700e-16  
2.9624832e-16  -1.2314537e-16  6.0872136e-16  2.1575208e-16  6.4685107e-16  9.5814018e-16  1.0000000   1.0256016e-15  -7.1954065e-16  3.2070503e-16  -2.2044512e-16  
2.6826890e-16  -3.1428905e-16  -1.1043653e-15  -6.2253002e-17  3.3999737e-16  -7.1674095e-18  8.4901120e-16  1.0000000   3.7349114e-16  -2.9914226e-16  9.0868877e-17  
-3.2403929e-19  -1.4908913e-16  -7.0505306e-16  -4.5983004e-16  -2.3941250e-16  9.2409450e-18  -6.6052939e-16  3.9200355e-16  1.0000000   6.9245955e-17  8.3151626e-17  
-8.7637849e-17  3.5277436e-17  3.8478720e-16  -3.2183105e-16  3.6359286e-16  2.2462030e-16  3.1962331e-16  -5.0772517e-16  -5.2281724e-18  1.0000000   -1.3052693e-16  
-5.2740160e-17  4.2886605e-16  -3.9864295e-17  6.2775479e-16  -7.8985061e-18  -1.0833262e-16  -1.5457791e-16  1.5916901e-16  2.0652326e-16  -7.8274315e-18  1.0000000   
