1.0000000   -4.2536791e-17  2.1287023e-16  -7.6907425e-17  -1.3549523e-16  -1.0617046e-16  8.3163505e-17  -1.3088584e-16  8.9440816e-17  -3.8500920e-17  4.7312869e-16  
-6.4318632e-17  1.0000000   -2.1789197e-16  -1.8181360e-16  2.8344571e-16  4.6021121e-16  4.1581971e-16  2.0241803e-16  4.3759179e-16  -4.6079368e-16  -8.0996590e-17  
-2.0696817e-16  -1.9881299e-16  1.0000000   -5.7785482e-16  3.3367258e-16  -3.2334458e-16  -5.9499798e-16  1.3458571e-16  -8.1475879e-16  1.2977554e-16  2.1211251e-16  
6.4267122e-17  -2.1709619e-16  -6.4337068e-16  1.0000000   1.3107163e-15  -2.6775864e-16  9.2783636e-16  -2.6103597e-16  -9.9986989e-16  1.8929387e-16  -1.3374993e-15  
-1.3041187e-17  2.5743154e-16  3.4981621e-16  1.1785621e-15  1.0000000   4.6369824e-16  -7.7051612e-16  2.1907999e-16  -2.0257690e-16  3.3763882e-16  6.3736625e-16  
-1.2610013e-16  3.7397794e-16  3.0940764e-16  1.7106728e-16  -9.7684126e-16  1.0000000   -1.1395629e-15  5.5480201e-16  4.2017319e-16  3.6245100e-16  -1.8154315e-16  
-1.2118791e-17  5.2353942e-16  -4.5254277e-16  9.1511315e-16  -7.9791295e-16  -1.2755699e-15  1.0000000   -7.6995301e-16  6.5387052e-16  1.0054197e-16  6.0195667e-17  
3.0050601e-17  2.1667010e-16  6.3783573e-17  -3.2163234e-16  2.0003754e-16  5.7067398e-16  -7.6001882e-16  1.0000000   -1.9750872e-16  -4.7990703e-17  6.7893926e-17  
4.0955796e-16  1.0395145e-16  -5.8571063e-16  -6.0811440e-16  -1.3630973e-15  6.4314557e-16  7.0184568e-16  -1.6916288e-16  1.0000000   -2.7608605e-16  1.2417503e-17  
8.3116789e-17  -3.4669118e-16  2.2496631e-17  3.1090377e-17  8.6032548e-16  3.5085822e-16  6.0366539e-17  8.2817316e-17  -3.3750510e-16  1.0000000   6.2576677e-16  
4.4277659e-16  -7.7619492e-17  2.0037676e-16  -1.4813052e-15  5.8420688e-16  -1.2839954e-16  6.2363224e-17  5.3891624e-17  -7.0908516e-17  6.0665431e-16  1.0000000   
