1.0000000   4.3473062e-17  -1.6023656e-16  -6.0494914e-17  -9.3805123e-17  -1.4770533e-16  -1.8359813e-16  1.3982141e-16  -1.0090520e-17  -1.8524916e-17  -9.6834716e-17  
8.4816066e-17  1.0000000   -4.2563238e-17  4.9136681e-16  2.0701110e-16  -5.3172049e-16  3.5996685e-16  3.6764362e-16  7.7204781e-17  2.0642490e-17  1.2724049e-16  
-3.3212256e-16  -2.8009184e-16  1.0000000   -2.7731492e-16  -2.7180820e-16  -2.0198361e-17  5.1587099e-16  7.8228875e-16  8.1036187e-16  -3.8164842e-16  6.1609280e-16  
-2.3120363e-17  5.5362992e-16  -2.7559671e-16  1.0000000   3.6699058e-16  8.2578938e-17  4.1929054e-17  4.0806039e-17  1.7499339e-16  3.4583179e-16  4.4635973e-17  
-1.1823448e-16  -1.1877017e-16  -1.3512599e-15  3.6893521e-16  1.0000000   1.1706870e-16  -5.8693597e-16  1.6077452e-16  1.8996353e-16  3.4803888e-16  -3.1213588e-17  
-1.5270584e-16  -4.8850445e-16  -1.6970340e-16  7.9190053e-17  1.1875453e-16  1.0000000   1.2788176e-16  -7.0724926e-16  6.0090968e-16  1.2824309e-16  7.7852280e-16  
-2.4017545e-16  3.2638390e-16  4.8027668e-17  1.8067674e-17  -2.8448502e-16  1.6341139e-16  1.0000000   7.9967134e-16  2.2654295e-16  9.0073412e-16  9.0963715e-16  
1.5168839e-16  4.3650899e-16  1.1800853e-15  -1.9991863e-17  -3.5296201e-16  -7.4231045e-16  8.0642928e-16  1.0000000   1.8965334e-16  6.6889648e-16  5.9454937e-17  
-1.2203946e-17  7.0151847e-17  7.9937501e-16  8.6313592e-17  1.7425312e-16  5.8710850e-16  2.6078926e-16  3.0371144e-16  1.0000000   2.5609446e-16  -3.8255478e-16  
9.8936577e-17  7.6723843e-18  -2.8706891e-16  2.0266574e-16  3.7857231e-16  -5.7781874e-17  9.3332433e-16  6.9126419e-16  3.8989887e-16  1.0000000   1.2179063e-16  
1.8580846e-16  1.0362445e-16  7.2584964e-16  -1.1229131e-16  6.0127904e-17  6.3372358e-16  9.5030998e-16  1.7416861e-16  -4.9421387e-16  3.6968414e-16  1.0000000   
