1.0000000   1.2651411e-16  -3.7602261e-16  -7.7480638e-17  7.8729241e-18  -1.9204724e-16  -3.5308476e-16  -4.3784824e-17  1.5897212e-16  -7.4318528e-17  1.5530495e-16  
5.7979431e-17  1.0000000   -2.9625485e-16  1.1715322e-16  -1.1734371e-16  -2.1866677e-16  3.7131693e-16  2.5203742e-16  -1.5555752e-20  -6.7101421e-17  -2.1728619e-16  
1.4514095e-17  -3.8345375e-16  1.0000000   -7.1318092e-16  -5.2596275e-16  6.9627629e-16  -7.5073677e-16  -7.3682139e-17  -1.7676144e-16  -2.2246813e-16  -4.8593698e-17  
-3.2242505e-17  1.7546592e-16  -7.1376725e-16  1.0000000   8.2644202e-16  -1.7531989e-17  3.6201995e-16  -1.4756052e-16  1.0574131e-15  -1.3105864e-16  -5.5115333e-16  
6.6079470e-17  -1.1745359e-16  -5.4508610e-16  8.5796805e-16  1.0000000   -1.2894840e-15  -2.2120549e-16  -5.3367208e-16  -8.7798476e-17  5.5394731e-16  -7.7266854e-16  
-4.4888951e-17  -3.1929603e-17  6.4662806e-16  -1.7276250e-16  -1.2226267e-15  1.0000000   2.7903188e-17  -4.3196907e-16  1.3398305e-15  -9.1511638e-16  4.0950613e-16  
-1.1565198e-16  2.3152313e-16  -7.3977527e-16  4.7621993e-16  -2.3062946e-16  -2.3153794e-16  1.0000000   -2.0055570e-16  -5.9609498e-16  3.0431872e-17  -6.4075290e-16  
-1.7169402e-16  1.9954527e-16  -9.3367014e-17  -3.3640330e-16  -5.7495508e-16  -4.2930321e-16  -1.7175980e-16  1.0000000   7.7286231e-16  -8.8041758e-16  -4.8866284e-16  
1.1950336e-16  2.6277259e-17  -8.8424145e-17  9.9816472e-16  9.3937325e-17  1.4145914e-15  -3.1649221e-16  6.4966820e-16  1.0000000   1.1531218e-15  6.4249694e-16  
-1.5255601e-16  -1.3900024e-16  -2.7251166e-16  -1.6642860e-16  5.5520758e-16  -9.0002723e-16  -3.9312515e-16  -9.9584019e-16  1.2588206e-15  1.0000000   2.3978910e-16  
1.6840095e-16  1.2392600e-16  2.8730331e-16  -4.9753932e-16  -3.3472794e-16  3.5412161e-16  1.1652281e-15  -1.4208385e-16  -6.7419587e-18  3.3250871e-16  1.0000000   
