1.0000000   8.1267447e-17  -4.0253728e-16  -1.8251650e-17  8.0572708e-17  -3.8831290e-17  2.8220121e-16  -5.9499114e-18  -1.9159358e-16  1.9312134e-17  -6.4358811e-17  
1.2089362e-16  1.0000000   1.7116072e-16  -3.1206375e-18  4.3153230e-16  -1.7345939e-16  2.4637911e-16  2.3060749e-16  3.2510400e-17  1.0506936e-15  5.2704336e-16  
1.2781772e-16  4.3439552e-17  1.0000000   3.4756127e-16  -3.0689673e-16  1.6843188e-16  -1.2187199e-15  6.3376841e-16  2.9299127e-16  -3.0807324e-16  -1.9433783e-16  
-6.6129786e-17  7.2167769e-17  2.9249717e-16  1.0000000   1.0796082e-16  -6.6708377e-16  -3.4684197e-17  -1.1034723e-15  6.3247727e-16  -9.0816675e-16  1.2616684e-18  
1.8165083e-16  8.4288374e-16  -2.9217452e-16  3.3513209e-16  1.0000000   -2.1036843e-16  -2.2747310e-16  7.6944724e-16  1.9068854e-16  -8.6169998e-17  2.3555192e-16  
-1.5373946e-17  -1.0583757e-16  1.8852381e-16  -6.5412246e-16  -1.9854655e-16  1.0000000   5.4657034e-17  1.0177575e-16  3.1560707e-16  -2.7637836e-16  -5.2369289e-16  
3.5296543e-17  2.7756550e-16  -1.1013992e-15  5.9196373e-18  -1.7058330e-16  7.2733058e-18  1.0000000   3.3505473e-16  1.3605589e-15  -3.8478641e-16  2.1191975e-16  
1.1324361e-17  2.2761267e-16  6.4948882e-16  -1.0615455e-15  7.4559130e-16  1.7679801e-17  3.5631723e-16  1.0000000   -2.6886452e-17  1.2549368e-16  2.8372708e-16  
-4.1005102e-16  2.9274046e-18  3.3436985e-16  6.6403255e-16  1.1141649e-16  5.8007344e-16  1.3250967e-15  -3.4955239e-17  1.0000000   2.3630563e-16  1.1066041e-16  
6.0081701e-18  8.6978415e-16  -2.2190564e-16  -3.0898720e-16  -3.9616695e-16  -4.3864127e-16  -3.8116795e-16  1.5389178e-16  2.3280896e-16  1.0000000   2.0250652e-16  
-2.8146640e-19  4.9300761e-16  -1.7041868e-16  -9.3270998e-17  2.2320416e-16  -4.9041392e-16  1.6994128e-16  3.4667670e-16  8.5152460e-17  1.0928207e-16  1.0000000   
