1.0000000   1.0178624e-16  -3.5941499e-16  3.5002050e-16  3.6850553e-16  -4.4743286e-16  1.5095660e-16  -1.1848396e-16  -3.7378147e-16  -4.9789200e-16  3.0880828e-16  
1.3177783e-16  1.0000000   -1.5232297e-16  2.8076525e-16  -2.7620186e-17  1.7413413e-16  2.1157762e-16  9.4610746e-17  -5.7655542e-18  -6.0924148e-16  -1.4008632e-16  
-1.6790178e-16  -1.1890617e-16  1.0000000   -9.6435909e-18  3.9698946e-16  -2.8551828e-16  -6.6928043e-16  -2.1126250e-16  2.1802946e-16  -5.2100283e-16  8.1120103e-16  
4.1210080e-16  2.7052338e-16  -1.9188234e-18  1.0000000   2.9200554e-16  -3.7217822e-16  1.9525124e-16  4.4784467e-16  -4.9495860e-16  5.6241112e-16  -3.7559615e-16  
3.9468450e-16  -4.8581734e-17  4.0075213e-16  4.1535038e-16  1.0000000   -1.9181401e-16  -1.0355288e-16  -3.6115200e-16  2.2189819e-16  9.6641555e-17  -9.4820306e-16  
-4.9596464e-16  2.5565315e-16  -3.7470276e-16  -3.0592472e-16  -5.1397924e-16  1.0000000   1.1761595e-15  -2.7094229e-16  8.3795134e-16  4.2558559e-16  8.9797097e-16  
3.0064845e-16  2.1959343e-16  -6.9684435e-16  1.6596353e-16  -9.1629827e-17  1.1848722e-15  1.0000000   4.3502248e-16  2.3415337e-16  6.5004060e-16  4.1863506e-16  
1.4391180e-16  1.2115247e-16  -1.9579585e-16  5.6423299e-16  -3.6773945e-16  -4.3518160e-16  4.1900988e-16  1.0000000   4.0923779e-16  4.2269896e-16  -8.8357098e-16  
-2.9164824e-16  1.2664163e-17  1.1830118e-16  -5.3068729e-16  3.4790356e-17  7.1539460e-16  2.2559766e-16  5.1359572e-16  1.0000000   1.7491743e-18  4.9260641e-16  
-3.8879501e-16  -5.2967920e-16  -5.4768602e-16  6.4880736e-16  -5.1467437e-16  -5.8969874e-16  6.7433489e-16  3.6869772e-16  1.0162882e-16  1.0000000   7.9227862e-17  
3.4629271e-16  -1.4268720e-16  8.0821003e-16  -5.2040465e-16  -9.5857085e-16  8.4149081e-16  3.8754645e-16  -8.2257487e-16  4.4059943e-16  7.1455699e-17  1.0000000   
