1.0000000   1.4506549e-16  -8.5797954e-17  -3.7731132e-16  -1.4471833e-17  7.0886789e-16  2.6796484e-16  3.0179209e-16  4.9599522e-16  7.1480172e-16  2.3947940e-16  
1.7532627e-16  1.0000000   -3.2557390e-16  -1.3278683e-15  6.0335378e-17  -5.8341362e-16  5.3698647e-16  2.4920860e-16  5.3911664e-18  4.1055354e-16  -1.8743172e-16  
-6.3471992e-16  -3.7009188e-16  1.0000000   8.4035655e-16  -4.1492980e-18  7.8493380e-17  -7.4404873e-16  -2.2687007e-16  3.3201509e-16  -2.2955131e-16  4.2744960e-16  
-3.0962366e-16  -1.3416291e-15  1.0388094e-15  1.0000000   6.8631058e-16  5.6039287e-16  -1.6826830e-16  -1.8699468e-16  6.1237090e-16  3.6817813e-16  5.5755944e-17  
-1.0816135e-16  5.8996106e-17  1.0543357e-16  7.5829649e-16  1.0000000   -6.9734575e-17  -3.4313020e-17  2.3886144e-17  3.8552106e-16  -3.0383466e-16  6.5332329e-16  
7.4004938e-16  -6.0697036e-16  5.9224268e-17  1.2850823e-16  -1.7108556e-16  1.0000000   3.0085379e-16  3.3477572e-17  1.0963917e-16  6.4233008e-16  1.3359488e-16  
3.1756559e-16  5.7391643e-16  -7.7622391e-16  2.2798481e-16  9.9579933e-17  1.4871032e-17  1.0000000   2.9103297e-16  3.0212433e-16  -7.3653345e-16  -4.0108789e-16  
8.7100781e-17  -3.7345107e-16  -5.6314548e-17  5.9704800e-16  3.0395981e-16  3.1073233e-17  9.6733473e-17  1.0000000   1.4327628e-18  6.6747243e-16  1.5025983e-16  
7.6131385e-16  6.7238399e-17  2.6054236e-16  6.0080189e-16  3.1233493e-16  7.8071702e-17  2.8190411e-16  -2.1934978e-16  1.0000000   4.7957669e-16  -7.2234970e-16  
6.1020420e-16  5.5627876e-16  -2.5652010e-16  1.7248620e-16  -3.3929316e-16  6.2404179e-16  -7.8138633e-16  6.7067483e-16  4.9173656e-16  1.0000000   4.5216313e-16  
1.7779474e-16  -1.3126639e-16  3.7635733e-16  5.9519311e-17  8.1654654e-16  2.3818514e-16  -3.4893649e-16  1.1419063e-16  -7.6413214e-16  4.8302393e-16  1.0000000   
