1.0000000   8.5107299e-17  -4.1621089e-16  6.9931108e-17  -1.1057300e-18  -2.0268194e-16  -1.0203177e-16  2.1958662e-17  -3.2560087e-16  -4.0828943e-16  -5.8333200e-17  
7.5079428e-17  1.0000000   3.8735914e-18  -2.0909481e-16  6.1664135e-16  4.0046482e-16  1.5055772e-16  -3.5044439e-17  1.5733675e-16  -7.1717790e-17  -1.0612016e-16  
-3.5361107e-17  4.2241468e-17  1.0000000   -2.6944647e-16  5.2203175e-16  4.0045902e-16  5.2076201e-16  5.1388737e-16  -5.4873229e-16  3.3665441e-16  -9.2487250e-16  
4.1777704e-17  -1.8673412e-16  -4.4927296e-16  1.0000000   2.4580402e-16  -3.5051725e-16  -2.2730332e-16  -2.6809838e-16  -6.6043660e-16  -1.3385557e-16  2.5222778e-16  
1.6911013e-16  5.3815753e-16  5.2425092e-16  2.3541034e-16  1.0000000   5.1304063e-16  -1.0342915e-15  -8.8293396e-16  5.0710815e-16  -1.0144696e-15  -1.3692254e-15  
-1.5302776e-16  4.5310281e-16  3.4716871e-16  -3.1669305e-16  4.8780629e-16  1.0000000   1.0893849e-15  1.4124705e-15  2.7368136e-16  -8.2339152e-16  -2.7662313e-16  
4.7225588e-17  3.1424484e-16  3.4212541e-17  -2.0945995e-16  -2.4474855e-16  1.1753207e-15  1.0000000   -1.4392241e-15  5.3367124e-16  -5.1424320e-16  -7.3043886e-16  
1.9373428e-17  1.0725876e-16  3.2563408e-16  -3.0324228e-16  -5.0748798e-16  1.5110814e-15  -1.4004324e-15  1.0000000   -6.6388862e-16  2.1692718e-16  -1.8097774e-15  
-2.2416756e-16  -8.8494506e-19  -3.9679282e-16  -6.7634542e-16  -1.1545364e-16  2.5746947e-16  7.2898358e-16  -5.7009875e-16  1.0000000   -4.1284878e-16  7.5903893e-16  
-3.5860892e-16  -4.1603386e-16  5.4089040e-16  -1.1445475e-16  -1.4245535e-15  -1.0446401e-15  -2.4122230e-16  4.7630874e-16  -5.4303298e-16  1.0000000   -7.2137561e-17  
2.7772622e-18  -7.8827016e-16  -6.1054193e-16  2.9995681e-16  -2.1124405e-15  -3.9476454e-16  -1.1075040e-16  -1.4469068e-15  4.1570471e-16  -1.3226165e-16  1.0000000   
