1.0000000   -7.7497747e-17  -1.8342993e-16  3.4669357e-17  1.6868109e-16  2.3453907e-16  -1.9961077e-17  5.3250676e-17  -7.8376497e-17  -1.3015655e-16  -7.4438976e-18  
-8.9339349e-17  1.0000000   1.7140274e-16  -1.2062156e-16  7.8266447e-17  -1.1796266e-16  -2.5499804e-16  -9.0181412e-16  2.3636466e-16  3.7783670e-16  -3.9554044e-16  
-3.9806191e-17  2.7429562e-16  1.0000000   -4.7166643e-17  -4.5830529e-16  -8.2267517e-16  3.3312843e-16  -3.2226345e-16  5.4142403e-17  2.6291980e-16  -6.7062351e-17  
6.0943068e-18  -1.7233802e-16  -1.1493037e-16  1.0000000   -7.3837000e-16  1.4272941e-16  3.9608654e-16  1.0812662e-15  5.1752535e-16  5.1161724e-16  6.5927962e-17  
1.2877508e-17  4.4326609e-17  -4.1222708e-16  -7.6131181e-16  1.0000000   -2.3260626e-16  2.5807120e-16  -7.5231478e-17  -1.6333326e-16  3.3802634e-16  -7.9100934e-16  
4.3897993e-17  -1.4331864e-16  -4.2648946e-16  1.7812703e-16  -3.8169430e-16  1.0000000   -1.2658124e-15  1.0226013e-16  -2.6347234e-17  -8.9870495e-16  -6.9256167e-17  
-7.2081724e-17  -1.5623765e-16  5.1232937e-16  3.4596316e-16  4.6535691e-16  -7.0032791e-16  1.0000000   -4.7989252e-16  4.1882928e-16  7.5613398e-16  -1.5586338e-16  
-1.0328262e-16  -7.9591282e-16  -3.9025970e-16  9.9863662e-16  2.0038316e-16  7.7462848e-16  -8.7587516e-17  1.0000000   -7.8422684e-17  -5.7080475e-16  -6.4657858e-16  
-1.8109463e-16  1.9699356e-16  1.1115699e-16  6.1519869e-16  -2.1064839e-16  -6.7215563e-17  3.3075585e-16  -3.0351052e-17  1.0000000   5.4335350e-16  7.3240186e-16  
-3.4649338e-17  3.5177593e-16  7.1274921e-17  7.0865923e-16  3.6160278e-16  -9.5876665e-16  6.7779653e-16  -5.0017612e-16  4.7867033e-16  1.0000000   -8.6865473e-16  
9.9033028e-17  -3.9251295e-16  -7.8866391e-17  5.2100997e-17  -6.8579514e-16  -5.3382557e-17  -9.5948928e-17  -5.8256046e-16  7.0544546e-16  -9.2323627e-16  1.0000000   
