1.0000000   -6.9437545e-16  3.3406289e-16  -7.1646452e-16  3.2418745e-16  -1.6542475e-16  1.3865414e-16  3.7378803e-16  4.3800946e-16  -4.5043411e-16  -1.9995339e-16  
-7.7775854e-16  1.0000000   -4.1134027e-16  -1.6583514e-16  -1.3418521e-16  5.0927413e-16  2.2268479e-16  -1.9189818e-16  -6.1739716e-16  3.8215034e-16  1.0959364e-16  
6.3824332e-16  -3.9046785e-16  1.0000000   -7.3117803e-17  -2.2607264e-16  1.9107846e-17  7.5066369e-16  -7.6713154e-17  -1.8511757e-16  -2.7430590e-16  -4.3764160e-16  
-5.3462201e-16  -2.1942247e-17  -2.7827411e-16  1.0000000   -3.2612867e-16  4.8610347e-17  4.5928019e-16  1.2411297e-15  3.8738582e-16  1.5673683e-18  1.9858306e-16  
4.5692402e-16  1.4617610e-16  -2.0789774e-16  -1.9546818e-17  1.0000000   -9.2441649e-16  2.4440072e-16  2.2176826e-16  7.9779280e-17  -6.6655256e-16  4.6543698e-16  
-2.1630255e-16  1.7085607e-16  3.6077137e-16  1.1843881e-16  2.8136090e-16  1.0000000   -1.0899937e-15  -2.5899306e-16  2.0023250e-16  4.2804233e-16  -3.6413332e-16  
1.2122575e-16  3.4831257e-16  5.8669757e-16  4.3181179e-16  -1.6700758e-16  -9.7119549e-16  1.0000000   6.4359766e-16  -8.7297804e-16  -1.5186841e-16  1.2047515e-15  
4.3221498e-16  -2.6430062e-16  6.3548250e-17  1.1708397e-15  2.3979984e-16  -3.0131698e-16  7.5260938e-16  1.0000000   -4.2006627e-16  -7.1810143e-17  1.0337707e-15  
5.2933652e-16  -6.7476749e-16  -6.1511114e-16  6.1517698e-16  -7.8011468e-16  -7.1834498e-16  -6.6640021e-16  -3.8622341e-16  1.0000000   3.6303640e-16  -2.5960205e-16  
-6.4774412e-16  3.8476415e-16  1.3835693e-16  -1.4424249e-16  1.9569079e-16  1.3288786e-15  -4.4527677e-16  -9.0013993e-17  5.1406506e-16  1.0000000   3.3203268e-16  
-1.8044199e-16  7.6906939e-17  -5.0569222e-16  2.5313580e-16  5.3636837e-16  -3.5875636e-16  1.2582865e-15  9.8065155e-16  -3.0567047e-16  3.8945135e-16  1.0000000   
