0.99907112  0.0012185186  0.00042026888  -0.019208714  0.0039346518  0.00038840132  0.0028318703  0.00098936201  -0.0021552005  -0.00068557121  0.0051496709  
-0.0012316043  0.99901988  0.0020612810  -0.00038716594  -0.0010454564  -0.0017088109  -0.0059922866  -0.0034394108  0.00032882025  -0.0017169362  0.011149244  
-0.00093631138  -0.0015183430  0.99657279  -9.0664479e-05  -0.017970150  0.022363461  0.050645096  0.015256665  0.00011504120  -0.020629990  0.0031205128  
-0.019449914  -0.00043501609  0.0020221368  -0.99593166  0.063825874  0.0017414553  -0.015259095  0.018171525  0.017617797  0.026937206  0.0069580234  
-0.0029810565  0.00055940152  0.018517641  0.063051018  0.99426970  0.036533790  -0.038440928  -0.0084732532  -0.029334636  -0.031132985  0.021647371  
0.0014632182  -0.0045439665  0.031128535  0.0069961573  -0.056665041  0.52306755  -0.83577210  -0.12640896  -0.017194816  -0.033750131  0.056822403  
0.0018026611  -0.0060270072  0.047678669  0.0048016936  0.0079351364  -0.84749372  -0.51042138  -0.10630754  -0.042763848  0.019435957  0.015057539  
2.6693054e-06  0.0026742988  -0.0066941162  0.017619504  -0.0012251793  -0.021227101  -0.16049062  0.97562303  -0.12939869  -0.0068035165  -0.021706179  
0.0027019269  -0.00038748345  0.0019123243  0.022121337  0.027203386  -0.029395882  -0.058437530  0.11979845  0.98871010  -0.0080948187  -0.0016182419  
0.0016455491  0.0034091145  -0.015729163  -0.028704036  -0.015100339  -0.023036707  -0.0054455002  -0.019478858  -0.0056876147  -0.88747309  -0.45378821  
-0.0047770833  -0.010285411  -0.014970302  -0.0086645790  -0.029161824  -0.031943645  0.056472798  0.024432628  -0.0023807731  -0.45127422  0.88598188  
